geo_key,county_name,township_name,village_name,electoral_district_name,Agree,Disagree,valid_votes,invalid_votes,total_votes,electorate,emitted_votes,uncast_votes,remaining_votes,turnout_ratio
10017020006,基隆市,七堵區,八德里,基隆市第01選區,279,387,666,6,672,1386,672,0,714,48.48
10017020008,基隆市,七堵區,六堵里,基隆市第01選區,487,667,1154,7,1161,2165,1161,0,1004,53.63
10017020015,基隆市,七堵區,友一里,基隆市第01選區,393,662,1055,6,1061,1983,1061,0,922,53.5
10017020016,基隆市,七堵區,友二里,基隆市第01選區,115,107,222,1,223,422,223,0,199,52.84
10017020010,基隆市,七堵區,堵北里,基隆市第01選區,794,980,1774,6,1780,3351,1780,0,1571,53.12
10017020011,基隆市,七堵區,堵南里,基隆市第01選區,443,543,986,6,992,1963,992,0,971,50.53
10017020003,基隆市,七堵區,富民里,基隆市第01選區,679,1118,1797,10,1807,3209,1807,0,1402,56.31
10017020019,基隆市,七堵區,實踐里,基隆市第01選區,758,984,1742,7,1749,3465,1749,0,1716,50.48
10017020002,基隆市,七堵區,正光里,基隆市第01選區,529,725,1254,6,1260,2432,1260,0,1172,51.81
10017020017,基隆市,七堵區,正明里,基隆市第01選區,428,540,968,1,969,1766,969,0,797,54.87
10017020005,基隆市,七堵區,永安里,基隆市第01選區,430,691,1121,5,1126,1997,1126,0,871,56.38
10017020004,基隆市,七堵區,永平里,基隆市第01選區,393,615,1008,5,1013,1756,1013,0,743,57.69
10017020009,基隆市,七堵區,泰安里,基隆市第01選區,1056,1196,2252,12,2264,4292,2265,1,2027,52.75
10017020012,基隆市,七堵區,瑪南里,基隆市第01選區,92,81,173,1,174,357,174,0,183,48.74
10017020013,基隆市,七堵區,瑪東里,基隆市第01選區,66,77,143,2,145,308,145,0,163,47.08
10017020014,基隆市,七堵區,瑪西里,基隆市第01選區,70,84,154,1,155,297,155,0,142,52.19
10017020018,基隆市,七堵區,百福里,基隆市第01選區,1346,1586,2932,18,2950,5694,2950,0,2744,51.81
10017020007,基隆市,七堵區,自強里,基隆市第01選區,241,334,575,2,577,1088,577,0,511,53.03
10017020020,基隆市,七堵區,長安里,基隆市第01選區,447,594,1041,5,1046,2071,1046,0,1025,50.51
10017020001,基隆市,七堵區,長興里,基隆市第01選區,749,1088,1837,16,1853,3504,1853,0,1651,52.88
10017050021,基隆市,中山區,中和里,基隆市第01選區,996,1659,2655,16,2671,5234,2671,0,2563,51.03
10017050004,基隆市,中山區,中山里,基隆市第01選區,235,224,459,5,464,872,464,0,408,53.21
10017050006,基隆市,中山區,中興里,基隆市第01選區,265,380,645,3,648,1128,648,0,480,57.45
10017050007,基隆市,中山區,仁正里,基隆市第01選區,123,231,354,1,355,661,355,0,306,53.71
10017050014,基隆市,中山區,仙洞里,基隆市第01選區,102,140,242,2,244,477,244,0,233,51.15
10017050008,基隆市,中山區,健民里,基隆市第01選區,246,325,571,6,577,1047,577,0,470,55.11
10017050012,基隆市,中山區,協和里,基隆市第01選區,299,405,704,5,709,1332,709,0,623,53.23
10017050023,基隆市,中山區,和平里,基隆市第01選區,81,163,244,1,245,409,245,0,164,59.9
10017050024,基隆市,中山區,和慶里,基隆市第01選區,1203,1720,2923,23,2946,6192,2946,0,3246,47.58
10017050015,基隆市,中山區,太白里,基隆市第01選區,153,237,390,5,395,737,395,0,342,53.6
10017050003,基隆市,中山區,安平里,基隆市第01選區,192,201,393,2,395,659,395,0,264,59.94
10017050002,基隆市,中山區,安民里,基隆市第01選區,233,305,538,5,543,956,543,0,413,56.8
10017050010,基隆市,中山區,居仁里,基隆市第01選區,201,381,582,3,585,1160,585,0,575,50.43
10017050020,基隆市,中山區,德和里,基隆市第01選區,1411,2376,3787,19,3806,6899,3806,0,3093,55.17
10017050022,基隆市,中山區,德安里,基隆市第01選區,812,1095,1907,13,1920,3598,1920,0,1678,53.36
10017050013,基隆市,中山區,文化里,基隆市第01選區,181,283,464,1,465,1245,465,0,780,37.35
10017050001,基隆市,中山區,新建里,基隆市第01選區,186,209,395,1,396,726,396,0,330,54.55
10017050005,基隆市,中山區,民治里,基隆市第01選區,169,261,430,3,433,720,433,0,287,60.14
10017050018,基隆市,中山區,西定里,基隆市第01選區,176,250,426,2,428,810,428,0,382,52.84
10017050019,基隆市,中山區,西康里,基隆市第01選區,312,414,726,5,731,1426,731,0,695,51.26
10017050016,基隆市,中山區,西榮里,基隆市第01選區,160,162,322,1,323,595,323,0,272,54.29
10017050017,基隆市,中山區,西華里,基隆市第01選區,196,211,407,1,408,740,408,0,332,55.14
10017050009,基隆市,中山區,通化里,基隆市第01選區,154,283,437,4,441,885,441,0,444,49.83
10017050011,基隆市,中山區,通明里,基隆市第01選區,348,444,792,2,794,1519,794,0,725,52.27
10017010023,基隆市,中正區,中正里,基隆市第01選區,270,391,661,2,663,1437,663,0,774,46.14
10017010014,基隆市,中正區,中濱里,基隆市第01選區,215,341,556,2,558,1084,558,0,526,51.48
10017010009,基隆市,中正區,中砂里,基隆市第01選區,277,372,649,7,656,1601,656,0,945,40.97
10017010006,基隆市,中正區,中船里,基隆市第01選區,235,310,545,1,546,1002,546,0,456,54.49
10017010003,基隆市,中正區,信義里,基隆市第01選區,207,242,449,2,451,807,451,0,356,55.89
10017010008,基隆市,中正區,入船里,基隆市第01選區,159,228,387,1,388,767,388,0,379,50.59
10017010019,基隆市,中正區,八斗里,基隆市第01選區,428,239,667,2,669,1320,669,0,651,50.68
10017010017,基隆市,中正區,和憲里,基隆市第01選區,102,204,306,2,308,606,308,0,298,50.83
10017010018,基隆市,中正區,平寮里,基隆市第01選區,208,282,490,2,492,1066,492,0,574,46.15
10017010013,基隆市,中正區,建國里,基隆市第01選區,291,640,931,5,936,1694,936,0,758,55.25
10017010001,基隆市,中正區,德義里,基隆市第01選區,149,195,344,3,347,597,347,0,250,58.12
10017010026,基隆市,中正區,新富里,基隆市第01選區,770,1252,2022,4,2026,4225,2026,0,2199,47.95
10017010025,基隆市,中正區,新豐里,基隆市第01選區,1270,2165,3435,21,3456,6686,3457,1,3229,51.69
10017010024,基隆市,中正區,正濱里,基隆市第01選區,156,251,407,3,410,819,410,0,409,50.06
10017010010,基隆市,中正區,正砂里,基隆市第01選區,427,760,1187,1,1188,2115,1188,0,927,56.17
10017010002,基隆市,中正區,正義里,基隆市第01選區,265,363,628,5,633,1098,633,0,465,57.65
10017010007,基隆市,中正區,正船里,基隆市第01選區,222,385,607,0,607,1091,607,0,484,55.64
10017010015,基隆市,中正區,海濱里,基隆市第01選區,151,193,344,1,345,708,345,0,363,48.73
10017010005,基隆市,中正區,港通里,基隆市第01選區,336,379,715,1,716,1197,716,0,481,59.82
10017010011,基隆市,中正區,真砂里,基隆市第01選區,249,384,633,4,637,1191,637,0,554,53.48
10017010022,基隆市,中正區,砂子里,基隆市第01選區,1137,1483,2620,9,2629,5638,2632,3,3006,46.63
10017010012,基隆市,中正區,砂灣里,基隆市第01選區,342,592,934,10,944,1861,944,0,917,50.73
10017010020,基隆市,中正區,碧砂里,基隆市第01選區,270,243,513,2,515,1018,515,0,503,50.59
10017010016,基隆市,中正區,社寮里,基隆市第01選區,347,387,734,5,739,1491,739,0,752,49.56
10017010004,基隆市,中正區,義重里,基隆市第01選區,181,310,491,2,493,887,493,0,394,55.58
10017010021,基隆市,中正區,長潭里,基隆市第01選區,126,97,223,2,225,388,225,0,163,57.99
10017040009,基隆市,仁愛區,仁德里,基隆市第01選區,192,215,407,3,410,744,410,0,334,55.11
10017040021,基隆市,仁愛區,兆連里,基隆市第01選區,144,247,391,0,391,665,391,0,274,58.8
10017040029,基隆市,仁愛區,光華里,基隆市第01選區,575,690,1265,3,1268,2421,1269,1,1152,52.38
10017040010,基隆市,仁愛區,博愛里,基隆市第01選區,342,403,745,4,749,1281,749,0,532,58.47
10017040013,基隆市,仁愛區,吉仁里,基隆市第01選區,546,666,1212,6,1218,2376,1218,0,1158,51.26
10017040026,基隆市,仁愛區,同風里,基隆市第01選區,141,149,290,3,293,539,293,0,246,54.36
10017040006,基隆市,仁愛區,和明里,基隆市第01選區,338,515,853,4,857,1583,857,0,726,54.14
10017040019,基隆市,仁愛區,崇文里,基隆市第01選區,202,265,467,2,469,833,469,0,364,56.3
10017040017,基隆市,仁愛區,德厚里,基隆市第01選區,362,577,939,2,941,1637,941,0,696,57.48
10017040007,基隆市,仁愛區,忠勇里,基隆市第01選區,211,221,432,2,434,876,434,0,442,49.54
10017040020,基隆市,仁愛區,文安里,基隆市第01選區,177,208,385,1,386,770,386,0,384,50.13
10017040027,基隆市,仁愛區,文昌里,基隆市第01選區,237,174,411,1,412,670,412,0,258,61.49
10017040028,基隆市,仁愛區,新店里,基隆市第01選區,154,148,302,1,303,500,303,0,197,60.6
10017040025,基隆市,仁愛區,明德里,基隆市第01選區,139,208,347,1,348,621,348,0,273,56.04
10017040005,基隆市,仁愛區,智仁里,基隆市第01選區,468,613,1081,11,1092,2067,1092,0,975,52.83
10017040018,基隆市,仁愛區,曲水里,基隆市第01選區,214,193,407,1,408,722,408,0,314,56.51
10017040023,基隆市,仁愛區,書院里,基隆市第01選區,229,325,554,3,557,1050,557,0,493,53.05
10017040024,基隆市,仁愛區,朝棟里,基隆市第01選區,450,920,1370,8,1378,2521,1378,0,1143,54.66
10017040001,基隆市,仁愛區,林泉里,基隆市第01選區,320,450,770,2,772,1569,772,0,797,49.2
10017040004,基隆市,仁愛區,水錦里,基隆市第01選區,317,526,843,3,846,1596,846,0,750,53.01
10017040022,基隆市,仁愛區,獅球里,基隆市第01選區,198,257,455,5,460,897,460,0,437,51.28
10017040008,基隆市,仁愛區,玉田里,基隆市第01選區,222,226,448,1,449,814,449,0,365,55.16
10017040011,基隆市,仁愛區,福仁里,基隆市第01選區,186,207,393,1,394,675,394,0,281,58.37
10017040014,基隆市,仁愛區,育仁里,基隆市第01選區,171,135,306,1,307,634,307,0,327,48.42
10017040002,基隆市,仁愛區,花崗里,基隆市第01選區,220,300,520,2,522,947,522,0,425,55.12
10017040015,基隆市,仁愛區,英仁里,基隆市第01選區,273,328,601,3,604,1156,604,0,552,52.25
10017040003,基隆市,仁愛區,虹橋里,基隆市第01選區,273,435,708,4,712,1348,712,0,636,52.82
10017040012,基隆市,仁愛區,誠仁里,基隆市第01選區,229,226,455,4,459,818,459,0,359,56.11
10017040016,基隆市,仁愛區,龍門里,基隆市第01選區,218,209,427,0,427,738,427,0,311,57.86
10017070001,基隆市,信義區,仁壽里,基隆市第01選區,218,319,537,2,539,935,539,0,396,57.65
10017070002,基隆市,信義區,仁義里,基隆市第01選區,246,395,641,5,646,1070,646,0,424,60.37
10017070011,基隆市,信義區,信綠里,基隆市第01選區,384,588,972,1,973,1790,973,0,817,54.36
10017070015,基隆市,信義區,孝岡里,基隆市第01選區,235,421,656,1,657,1232,657,0,575,53.33
10017070019,基隆市,信義區,孝德里,基隆市第01選區,518,986,1504,10,1514,2850,1514,0,1336,53.12
10017070020,基隆市,信義區,孝忠里,基隆市第01選區,1430,2428,3858,25,3883,7245,3883,0,3362,53.6
10017070017,基隆市,信義區,孝深里,基隆市第01選區,869,1668,2537,17,2554,5035,2554,0,2481,50.72
10017070018,基隆市,信義區,孝賢里,基隆市第01選區,694,1180,1874,10,1884,3309,1884,0,1425,56.94
10017070007,基隆市,信義區,智慧里,基隆市第01選區,150,228,378,2,380,685,380,0,305,55.47
10017070008,基隆市,信義區,智誠里,基隆市第01選區,298,382,680,3,683,1355,683,0,672,50.41
10017070016,基隆市,信義區,東信里,基隆市第01選區,788,1405,2193,7,2200,3832,2200,0,1632,57.41
10017070012,基隆市,信義區,東光里,基隆市第01選區,384,599,983,6,989,1774,989,0,785,55.75
10017070014,基隆市,信義區,東安里,基隆市第01選區,494,806,1300,8,1308,2490,1309,1,1181,52.53
10017070013,基隆市,信義區,東明里,基隆市第01選區,576,1215,1791,8,1799,3216,1799,0,1417,55.94
10017070009,基隆市,信義區,禮儀里,基隆市第01選區,300,518,818,3,821,1426,821,0,605,57.57
10017070010,基隆市,信義區,禮東里,基隆市第01選區,307,499,806,8,814,1377,814,0,563,59.11
10017070006,基隆市,信義區,義和里,基隆市第01選區,227,387,614,4,618,1441,618,0,823,42.89
10017070004,基隆市,信義區,義幸里,基隆市第01選區,460,719,1179,7,1186,2104,1186,0,918,56.37
10017070003,基隆市,信義區,義昭里,基隆市第01選區,285,406,691,3,694,1198,694,0,504,57.93
10017070005,基隆市,信義區,義民里,基隆市第01選區,160,212,372,1,373,694,373,0,321,53.75
10017060019,基隆市,安樂區,七賢里,基隆市第01選區,499,665,1164,5,1169,2155,1169,0,986,54.25
10017060015,基隆市,安樂區,三民里,基隆市第01選區,494,758,1252,5,1257,2239,1257,0,982,56.14
10017060012,基隆市,安樂區,中崙里,基隆市第01選區,347,525,872,2,874,1652,874,0,778,52.91
10017060017,基隆市,安樂區,五福里,基隆市第01選區,660,1099,1759,9,1768,3116,1768,0,1348,56.74
10017060013,基隆市,安樂區,內寮里,基隆市第01選區,1077,1580,2657,13,2670,5277,2670,0,2607,50.6
10017060018,基隆市,安樂區,六合里,基隆市第01選區,767,1383,2150,13,2163,3590,2164,1,1426,60.25
10017060008,基隆市,安樂區,嘉仁里,基隆市第01選區,706,831,1537,7,1544,2889,1544,0,1345,53.44
10017060016,基隆市,安樂區,四維里,基隆市第01選區,1055,1644,2699,13,2712,4329,2712,0,1617,62.65
10017060025,基隆市,安樂區,壯觀里,基隆市第01選區,861,1568,2429,10,2439,4271,2439,0,1832,57.11
10017060011,基隆市,安樂區,外寮里,基隆市第01選區,719,1160,1879,10,1889,3687,1889,0,1798,51.23
10017060009,基隆市,安樂區,安和里,基隆市第01選區,235,199,434,3,437,777,437,0,340,56.24
10017060002,基隆市,安樂區,定國里,基隆市第01選區,225,275,500,3,503,934,503,0,431,53.85
10017060004,基隆市,安樂區,定邦里,基隆市第01選區,228,296,524,1,525,900,525,0,375,58.33
10017060006,基隆市,安樂區,干城里,基隆市第01選區,363,537,900,6,906,1792,906,0,886,50.56
10017060005,基隆市,安樂區,慈仁里,基隆市第01選區,240,170,410,2,412,783,412,0,371,52.62
10017060014,基隆市,安樂區,新崙里,基隆市第01選區,800,1279,2079,8,2087,3921,2088,1,1833,53.23
10017060003,基隆市,安樂區,新西里,基隆市第01選區,232,349,581,3,584,1203,584,0,619,48.55
10017060010,基隆市,安樂區,樂一里,基隆市第01選區,162,158,320,2,322,591,322,0,269,54.48
10017060021,基隆市,安樂區,武崙里,基隆市第01選區,1062,1714,2776,16,2792,4944,2792,0,2152,56.47
10017060007,基隆市,安樂區,永康里,基隆市第01選區,387,491,878,5,883,1740,883,0,857,50.75
10017060023,基隆市,安樂區,興寮里,基隆市第01選區,931,1442,2373,9,2382,4594,2382,0,2212,51.85
10017060001,基隆市,安樂區,西川里,基隆市第01選區,216,334,550,3,553,1107,553,0,554,49.95
10017060022,基隆市,安樂區,長樂里,基隆市第01選區,673,1300,1973,8,1981,3201,1981,0,1220,61.89
10017060024,基隆市,安樂區,鶯安里,基隆市第01選區,1084,2045,3129,20,3149,5330,3149,0,2181,59.08
10017060020,基隆市,安樂區,鶯歌里,基隆市第01選區,478,795,1273,5,1278,2595,1278,0,1317,49.25
10017030011,基隆市,暖暖區,八中里,基隆市第01選區,85,100,185,2,187,368,187,0,181,50.82
10017030003,基隆市,暖暖區,八南里,基隆市第01選區,181,185,366,2,368,733,368,0,365,50.2
10017030002,基隆市,暖暖區,八堵里,基隆市第01選區,146,157,303,1,304,564,304,0,260,53.9
10017030001,基隆市,暖暖區,八西里,基隆市第01選區,272,394,666,3,669,1281,669,0,612,52.22
10017030007,基隆市,暖暖區,暖同里,基隆市第01選區,664,607,1271,6,1277,2513,1277,0,1236,50.82
10017030008,基隆市,暖暖區,暖暖里,基隆市第01選區,556,812,1368,9,1377,2419,1377,0,1042,56.92
10017030009,基隆市,暖暖區,暖東里,基隆市第01選區,74,100,174,1,175,359,175,0,184,48.75
10017030010,基隆市,暖暖區,暖西里,基隆市第01選區,1058,1454,2512,15,2527,4600,2528,1,2072,54.93
10017030005,基隆市,暖暖區,碇內里,基隆市第01選區,486,855,1341,5,1346,2469,1346,0,1123,54.52
10017030006,基隆市,暖暖區,碇和里,基隆市第01選區,528,1035,1563,8,1571,2926,1571,0,1355,53.69
10017030012,基隆市,暖暖區,碇安里,基隆市第01選區,977,1519,2496,10,2506,4715,2506,0,2209,53.15
10017030013,基隆市,暖暖區,碇祥里,基隆市第01選區,1069,1910,2979,10,2989,5873,2989,0,2884,50.89
10017030004,基隆市,暖暖區,過港里,基隆市第01選區,756,1066,1822,9,1831,3490,1831,0,1659,52.46
65000210001,新北市,三芝區,八賢里,新北市第01選區,82,85,167,1,168,285,168,0,117,58.95
65000210003,新北市,三芝區,古庄里,新北市第01選區,225,322,547,3,550,1146,550,0,596,47.99
65000210011,新北市,三芝區,圓山里,新北市第01選區,78,153,231,2,233,466,233,0,233,50
65000210005,新北市,三芝區,埔坪里,新北市第01選區,1106,1892,2998,20,3018,6072,3019,1,3053,49.7
65000210002,新北市,三芝區,埔頭里,新北市第01選區,889,1482,2371,11,2382,4609,2382,0,2227,51.68
65000210012,新北市,三芝區,店子里,新北市第01選區,128,125,253,2,255,513,255,0,258,49.71
65000210009,新北市,三芝區,後厝里,新北市第01選區,411,679,1090,8,1098,2132,1098,0,1034,51.5
65000210004,新北市,三芝區,新庄里,新北市第01選區,154,238,392,2,394,700,394,0,306,56.29
65000210007,新北市,三芝區,橫山里,新北市第01選區,80,157,237,1,238,430,238,0,192,55.35
65000210010,新北市,三芝區,福德里,新北市第01選區,166,247,413,1,414,733,414,0,319,56.48
65000210013,新北市,三芝區,興華里,新北市第01選區,267,312,579,4,583,1110,583,0,527,52.52
65000210006,新北市,三芝區,茂長里,新北市第01選區,143,210,353,1,354,573,354,0,219,61.78
65000210008,新北市,三芝區,錫板里,新北市第01選區,157,185,342,1,343,575,343,0,232,59.65
65000030001,新北市,中和區,中原里,新北市第08選區,2009,2554,4563,24,4587,8448,4587,0,3861,54.3
65000030023,新北市,中和區,中安里,新北市第09選區,783,1602,2385,14,2399,3846,2399,0,1447,62.38
65000030083,新北市,中和區,中山里,新北市第08選區,567,681,1248,7,1255,2291,1255,0,1036,54.78
65000030005,新北市,中和區,中正里,新北市第08選區,781,1001,1782,12,1794,3259,1794,0,1465,55.05
65000030081,新北市,中和區,中興里,新北市第08選區,1236,2004,3240,18,3258,5563,3258,0,2305,58.57
65000030004,新北市,中和區,仁和里,新北市第08選區,832,1013,1845,20,1865,3259,1865,0,1394,57.23
65000030019,新北市,中和區,佳和里,新北市第08選區,1028,1400,2428,20,2448,4310,2449,1,1861,56.8
65000030003,新北市,中和區,信和里,新北市第08選區,910,1032,1942,12,1954,3487,1954,0,1533,56.04
65000030042,新北市,中和區,內南里,新北市第08選區,824,1430,2254,21,2275,4099,2275,0,1824,55.5
65000030090,新北市,中和區,冠穗里,新北市第08選區,775,876,1651,12,1663,2752,1663,0,1089,60.43
65000030009,新北市,中和區,力行里,新北市第08選區,1343,1779,3122,20,3142,5222,3142,0,2080,60.17
65000030026,新北市,中和區,南山里,新北市第08選區,1041,1597,2638,14,2652,4444,2652,0,1792,59.68
65000030082,新北市,中和區,吉興里,新北市第08選區,482,914,1396,5,1401,2554,1401,0,1153,54.86
65000030046,新北市,中和區,和興里,新北市第08選區,872,1351,2223,22,2245,3855,2245,0,1610,58.24
65000030088,新北市,中和區,員富里,新北市第08選區,783,897,1680,6,1686,3167,1686,0,1481,53.24
65000030057,新北市,中和區,員山里,新北市第08選區,1375,1669,3044,23,3067,5380,3067,0,2313,57.01
65000030089,新北市,中和區,嘉慶里,新北市第08選區,821,1015,1836,14,1850,3459,1850,0,1609,53.48
65000030060,新北市,中和區,嘉新里,新北市第08選區,813,996,1809,11,1820,3385,1820,0,1565,53.77
65000030058,新北市,中和區,嘉穗里,新北市第08選區,672,736,1408,9,1417,2496,1417,0,1079,56.77
65000030069,新北市,中和區,國光里,新北市第08選區,846,1048,1894,11,1905,3289,1905,0,1384,57.92
65000030091,新北市,中和區,國華里,新北市第08選區,783,844,1627,7,1634,2848,1634,0,1214,57.37
65000030043,新北市,中和區,壽南里,新北市第08選區,554,783,1337,13,1350,2388,1350,0,1038,56.53
65000030070,新北市,中和區,壽德里,新北市第08選區,745,1601,2346,15,2361,3798,2361,0,1437,62.16
65000030044,新北市,中和區,外南里,新北市第08選區,844,1178,2022,10,2032,6853,2032,0,4821,29.65
65000030021,新北市,中和區,安和里,新北市第09選區,686,957,1643,9,1652,2652,1653,1,999,62.29
65000030022,新北市,中和區,安平里,新北市第09選區,1073,2056,3129,12,3141,5097,3141,0,1956,61.62
65000030020,新北市,中和區,安樂里,新北市第09選區,687,1212,1899,12,1911,3200,1911,0,1289,59.72
65000030062,新北市,中和區,安穗里,新北市第08選區,1008,1110,2118,19,2137,3764,2137,0,1627,56.77
65000030075,新北市,中和區,安順里,新北市第09選區,846,1465,2311,8,2319,3836,2319,0,1517,60.45
65000030074,新北市,中和區,宜安里,新北市第09選區,388,690,1078,6,1084,1805,1084,0,721,60.06
65000030039,新北市,中和區,崇南里,新北市第08選區,741,1463,2204,13,2217,3825,2217,0,1608,57.96
65000030002,新北市,中和區,平河里,新北市第08選區,1934,2667,4601,27,4628,7982,4628,0,3354,57.98
65000030012,新北市,中和區,廟美里,新北市第08選區,938,1203,2141,10,2151,3718,2151,0,1567,57.85
65000030006,新北市,中和區,建和里,新北市第08選區,652,1161,1813,11,1824,3088,1824,0,1264,59.07
65000030045,新北市,中和區,復興里,新北市第08選區,942,1467,2409,12,2421,4199,2421,0,1778,57.66
65000030067,新北市,中和區,德穗里,新北市第08選區,963,1286,2249,17,2266,3903,2266,0,1637,58.06
65000030073,新北市,中和區,德行里,新北市第08選區,1386,1938,3324,15,3339,5562,3339,0,2223,60.03
65000030038,新北市,中和區,忠孝里,新北市第08選區,711,1467,2178,20,2198,3916,2198,0,1718,56.13
65000030059,新北市,中和區,文元里,新北市第08選區,1127,1215,2342,16,2358,4204,2358,0,1846,56.09
65000030025,新北市,中和區,新南里,新北市第08選區,1527,2471,3998,26,4024,7000,4024,0,2976,57.49
65000030071,新北市,中和區,明德里,新北市第08選區,824,948,1772,18,1790,3251,1790,0,1461,55.06
65000030064,新北市,中和區,明穗里,新北市第08選區,1037,1079,2116,17,2133,3653,2133,0,1520,58.39
65000030040,新北市,中和區,景南里,新北市第08選區,511,978,1489,8,1497,2636,1497,0,1139,56.79
65000030050,新北市,中和區,景安里,新北市第08選區,957,1603,2560,16,2576,4191,2576,0,1615,61.47
65000030047,新北市,中和區,景平里,新北市第08選區,1141,1980,3121,26,3147,5560,3147,0,2413,56.6
65000030051,新北市,中和區,景文里,新北市第08選區,823,1273,2096,17,2113,3557,2113,0,1444,59.4
65000030048,新北市,中和區,景新里,新北市第08選區,729,1076,1805,6,1811,3032,1811,0,1221,59.73
65000030079,新北市,中和區,景本里,新北市第08選區,386,635,1021,9,1030,1731,1030,0,701,59.5
65000030049,新北市,中和區,景福里,新北市第08選區,1180,1925,3105,13,3118,5567,3118,0,2449,56.01
65000030036,新北市,中和區,東南里,新北市第08選區,506,1550,2056,10,2066,3598,2066,0,1532,57.42
65000030010,新北市,中和區,枋寮里,新北市第08選區,747,1021,1768,10,1778,3145,1778,0,1367,56.53
65000030041,新北市,中和區,橫路里,新北市第08選區,75,85,160,0,160,285,160,0,125,56.14
65000030092,新北市,中和區,正南里,新北市第08選區,487,1037,1524,18,1542,2925,1544,2,1381,52.72
65000030093,新北市,中和區,正行里,新北市第08選區,574,813,1387,5,1392,2414,1392,0,1022,57.66
65000030056,新北市,中和區,民享里,新北市第08選區,612,658,1270,5,1275,2071,1275,0,796,61.56
65000030061,新北市,中和區,民安里,新北市第08選區,1145,1319,2464,13,2477,4411,2477,0,1934,56.16
65000030087,新北市,中和區,民有里,新北市第08選區,604,745,1349,12,1361,2334,1361,0,973,58.31
65000030068,新北市,中和區,民生里,新北市第08選區,975,1143,2118,14,2132,3636,2132,0,1504,58.64
65000030024,新北市,中和區,泰安里,新北市第09選區,722,972,1694,10,1704,2950,1704,0,1246,57.76
65000030065,新北市,中和區,清穗里,新北市第08選區,781,893,1674,8,1682,2884,1682,0,1202,58.32
65000030011,新北市,中和區,漳和里,新北市第08選區,829,1003,1832,6,1838,3332,1838,0,1494,55.16
65000030054,新北市,中和區,灰磘里,新北市第08選區,171,198,369,5,374,702,374,0,328,53.28
65000030063,新北市,中和區,瑞穗里,新北市第08選區,462,650,1112,7,1119,1998,1119,0,879,56.01
65000030017,新北市,中和區,瓦磘里,新北市第08選區,1133,1440,2573,17,2590,4657,2590,0,2067,55.62
65000030084,新北市,中和區,碧河里,新北市第08選區,1159,1508,2667,15,2682,4536,2682,0,1854,59.13
65000030080,新北市,中和區,福南里,新北市第08選區,674,1463,2137,10,2147,3578,2147,0,1431,60.01
65000030018,新北市,中和區,福和里,新北市第08選區,750,1000,1750,9,1759,3071,1759,0,1312,57.28
65000030014,新北市,中和區,福善里,新北市第08選區,920,1199,2119,11,2130,3779,2130,0,1649,56.36
65000030013,新北市,中和區,福真里,新北市第08選區,902,1103,2005,12,2017,3593,2017,0,1576,56.14
65000030016,新北市,中和區,福祥里,新北市第08選區,1175,1374,2549,19,2568,4238,2568,0,1670,60.59
65000030015,新北市,中和區,福美里,新北市第08選區,918,1219,2137,7,2144,3619,2144,0,1475,59.24
65000030033,新北市,中和區,秀仁里,新北市第09選區,543,896,1439,15,1454,2667,1454,0,1213,54.52
65000030077,新北市,中和區,秀士里,新北市第09選區,374,797,1171,9,1180,2163,1180,0,983,54.55
65000030027,新北市,中和區,秀山里,新北市第09選區,778,1335,2113,12,2125,3814,2125,0,1689,55.72
65000030032,新北市,中和區,秀峰里,新北市第09選區,824,1578,2402,14,2416,4284,2416,0,1868,56.4
65000030028,新北市,中和區,秀成里,新北市第09選區,667,1025,1692,2,1694,2886,1694,0,1192,58.7
65000030031,新北市,中和區,秀明里,新北市第09選區,889,1733,2622,17,2639,4549,2639,0,1910,58.01
65000030030,新北市,中和區,秀景里,新北市第09選區,1136,2048,3184,30,3214,5576,3214,0,2362,57.64
65000030072,新北市,中和區,秀水里,新北市第09選區,583,1248,1831,5,1836,3220,1836,0,1384,57.02
65000030029,新北市,中和區,秀福里,新北市第09選區,991,1398,2389,13,2402,4213,2402,0,1811,57.01
65000030076,新北市,中和區,秀義里,新北市第09選區,539,805,1344,9,1353,2314,1353,0,961,58.47
65000030055,新北市,中和區,積穗里,新北市第08選區,1728,2323,4051,18,4069,7021,4069,0,2952,57.95
65000030066,新北市,中和區,自強里,新北市第08選區,1110,1176,2286,15,2301,4154,2301,0,1853,55.39
65000030078,新北市,中和區,興南里,新北市第08選區,522,905,1427,10,1437,2556,1440,3,1116,56.22
65000030037,新北市,中和區,華南里,新北市第08選區,801,1644,2445,24,2469,4305,2469,0,1836,57.35
65000030035,新北市,中和區,華新里,新北市第08選區,1558,2238,3796,24,3820,6843,3821,1,3022,55.82
65000030007,新北市,中和區,連和里,新北市第08選區,498,1006,1504,6,1510,2634,1510,0,1124,57.33
65000030008,新北市,中和區,連城里,新北市第08選區,1265,2017,3282,24,3306,5466,3306,0,2160,60.48
65000030085,新北市,中和區,錦中里,新北市第08選區,816,1070,1886,17,1903,3480,1903,0,1577,54.68
65000030052,新北市,中和區,錦和里,新北市第08選區,1096,1477,2573,10,2583,4533,2583,0,1950,56.98
65000030053,新北市,中和區,錦昌里,新北市第08選區,430,697,1127,8,1135,1980,1135,0,845,57.32
65000030086,新北市,中和區,錦盛里,新北市第08選區,807,998,1805,14,1819,3178,1819,0,1359,57.24
65000030034,新北市,中和區,頂南里,新北市第08選區,448,1003,1451,5,1456,2390,1456,0,934,60.92
65000230010,新北市,八里區,下罟里,新北市第01選區,246,542,788,6,794,1393,794,0,599,57
65000230004,新北市,八里區,埤頭里,新北市第01選區,1057,1183,2240,17,2257,4340,2257,0,2083,52
65000230003,新北市,八里區,大崁里,新北市第01選區,823,943,1766,6,1772,3259,1772,0,1487,54.37
65000230002,新北市,八里區,米倉里,新北市第01選區,785,1022,1807,7,1814,3501,1814,0,1687,51.81
65000230006,新北市,八里區,舊城里,新北市第01選區,1400,1836,3236,24,3260,6309,3260,0,3049,51.67
65000230008,新北市,八里區,荖阡里,新北市第01選區,346,420,766,1,767,1520,767,0,753,50.46
65000230007,新北市,八里區,訊塘里,新北市第01選區,1099,1622,2721,18,2739,5220,2739,0,2481,52.47
65000230009,新北市,八里區,長坑里,新北市第01選區,283,446,729,4,733,1388,733,0,655,52.81
65000230005,新北市,八里區,頂罟里,新北市第01選區,476,587,1063,2,1065,2195,1065,0,1130,48.52
65000230001,新北市,八里區,龍源里,新北市第01選區,1720,2150,3870,20,3890,7086,3890,0,3196,54.9
65000240011,新北市,平溪區,十分里,新北市第12選區,130,172,302,1,303,742,303,0,439,40.84
65000240009,新北市,平溪區,南山里,新北市第12選區,48,72,120,1,121,298,121,0,177,40.6
65000240006,新北市,平溪區,嶺腳里,新北市第12選區,89,128,217,1,218,507,218,0,289,43
65000240010,新北市,平溪區,平湖里,新北市第12選區,40,27,67,1,68,139,68,0,71,48.92
65000240005,新北市,平溪區,平溪里,新北市第12選區,41,63,104,1,105,219,105,0,114,47.95
65000240012,新北市,平溪區,新寮里,新北市第12選區,29,39,68,0,68,141,68,0,73,48.23
65000240008,新北市,平溪區,望古里,新北市第12選區,27,53,80,1,81,146,81,0,65,55.48
65000240007,新北市,平溪區,東勢里,新北市第12選區,90,103,193,1,194,386,194,0,192,50.26
65000240003,新北市,平溪區,白石里,新北市第12選區,44,52,96,0,96,206,96,0,110,46.6
65000240004,新北市,平溪區,石底里,新北市第12選區,109,81,190,3,193,373,193,0,180,51.74
65000240002,新北市,平溪區,菁桐里,新北市第12選區,40,54,94,0,94,227,94,0,133,41.41
65000240001,新北市,平溪區,薯榔里,新北市第12選區,80,67,147,0,147,314,147,0,167,46.82
65000010092,新北市,板橋區,中山里,新北市第07選區,1411,1770,3181,9,3190,6064,3190,0,2874,52.61
65000010058,新北市,板橋區,九如里,新北市第07選區,757,625,1382,6,1388,2354,1388,0,966,58.96
65000010123,新北市,板橋區,五權里,新北市第07選區,945,1005,1950,7,1957,3397,1957,0,1440,57.61
65000010081,新北市,板橋區,仁愛里,新北市第07選區,582,991,1573,7,1580,2498,1580,0,918,63.25
65000010088,新北市,板橋區,信義里,新北市第07選區,942,1005,1947,11,1958,3616,1958,0,1658,54.15
65000010091,新北市,板橋區,僑中里,新北市第07選區,995,969,1964,7,1971,3465,1971,0,1494,56.88
65000010060,新北市,板橋區,光仁里,新北市第07選區,694,656,1350,6,1356,2327,1356,0,971,58.27
65000010053,新北市,板橋區,光復里,新北市第07選區,863,738,1601,6,1607,2803,1608,1,1195,57.33
65000010082,新北市,板橋區,和平里,新北市第07選區,823,1097,1920,13,1933,3392,1933,0,1459,56.99
65000010073,新北市,板橋區,國泰里,新北市第07選區,767,920,1687,10,1697,2929,1697,0,1232,57.94
65000010054,新北市,板橋區,埔墘里,新北市第07選區,1556,1543,3099,29,3128,5349,3128,0,2221,58.48
65000010112,新北市,板橋區,堂春里,新北市第07選區,978,873,1851,12,1863,3434,1863,0,1571,54.25
65000010094,新北市,板橋區,大安里,新北市第07選區,906,958,1864,8,1872,3305,1872,0,1433,56.64
65000010125,新北市,板橋區,大觀里,新北市第07選區,886,717,1603,11,1614,2989,1614,0,1375,54
65000010079,新北市,板橋區,大豐里,新北市第07選區,1041,1177,2218,17,2235,3781,2235,0,1546,59.11
65000010107,新北市,板橋區,富貴里,新北市第07選區,579,618,1197,6,1203,1954,1203,0,751,61.57
65000010120,新北市,板橋區,居仁里,新北市第07選區,958,887,1845,18,1863,3269,1863,0,1406,56.99
65000010098,新北市,板橋區,崑崙里,新北市第07選區,2166,2226,4392,32,4424,8109,4425,1,3684,54.56
65000010078,新北市,板橋區,廣德里,新北市第07選區,1554,1670,3224,13,3237,5725,3237,0,2488,56.54
65000010064,新北市,板橋區,廣新里,新北市第07選區,736,782,1518,11,1529,2859,1529,0,1330,53.48
65000010083,新北市,板橋區,廣福里,新北市第07選區,879,835,1714,10,1724,3235,1724,0,1511,53.29
65000010110,新北市,板橋區,後埔里,新北市第07選區,940,1071,2011,11,2022,3407,2022,0,1385,59.35
65000010093,新北市,板橋區,復興里,新北市第07選區,186,302,488,9,497,809,497,0,312,61.43
65000010113,新北市,板橋區,成和里,新北市第07選區,1444,1568,3012,19,3031,5843,3031,0,2812,51.87
65000010052,新北市,板橋區,振義里,新北市第07選區,1150,920,2070,10,2080,3517,2080,0,1437,59.14
65000010051,新北市,板橋區,振興里,新北市第07選區,1118,1046,2164,6,2170,3665,2170,0,1495,59.21
65000010075,新北市,板橋區,景星里,新北市第07選區,817,935,1752,8,1760,3080,1760,0,1320,57.14
65000010068,新北市,板橋區,東丘里,新北市第07選區,1133,955,2088,14,2102,3691,2102,0,1589,56.95
65000010122,新北市,板橋區,東安里,新北市第07選區,571,488,1059,3,1062,1899,1062,0,837,55.92
65000010126,新北市,板橋區,歡園里,新北市第07選區,301,256,557,0,557,952,557,0,395,58.51
65000010108,新北市,板橋區,正泰里,新北市第07選區,758,744,1502,11,1513,2444,1513,0,931,61.91
65000010072,新北市,板橋區,民族里,新北市第07選區,1056,1107,2163,7,2170,3661,2170,0,1491,59.27
65000010109,新北市,板橋區,民生里,新北市第07選區,547,479,1026,8,1034,1797,1034,0,763,57.54
65000010089,新北市,板橋區,浮洲里,新北市第07選區,894,697,1591,5,1596,2965,1596,0,1369,53.83
65000010057,新北市,板橋區,海山里,新北市第07選區,1786,1806,3592,21,3613,6105,3614,1,2491,59.18
65000010065,新北市,板橋區,深丘里,新北市第07選區,1796,2146,3942,24,3966,6985,3966,0,3019,56.78
65000010100,新北市,板橋區,溪北里,新北市第07選區,809,826,1635,10,1645,2892,1645,0,1247,56.88
65000010099,新北市,板橋區,溪洲里,新北市第07選區,1316,1292,2608,16,2624,4740,2624,0,2116,55.36
65000010124,新北市,板橋區,溪福里,新北市第07選區,2857,3428,6285,30,6315,11586,6315,0,5271,54.51
65000010059,新北市,板橋區,玉光里,新北市第07選區,1253,1243,2496,12,2508,4607,2508,0,2099,54.44
65000010070,新北市,板橋區,福丘里,新北市第07選區,1055,1299,2354,7,2361,4127,2361,0,1766,57.21
65000010056,新北市,板橋區,福壽里,新北市第07選區,729,902,1631,6,1637,2758,1637,0,1121,59.35
65000010095,新北市,板橋區,福安里,新北市第07選區,1561,2107,3668,19,3687,6543,3687,0,2856,56.35
65000010074,新北市,板橋區,福德里,新北市第07選區,1234,1272,2506,14,2520,4205,2520,0,1685,59.93
65000010076,新北市,板橋區,福星里,新北市第07選區,881,892,1773,8,1781,2917,1781,0,1136,61.06
65000010071,新北市,板橋區,福祿里,新北市第07選區,798,1067,1865,10,1875,3362,1875,0,1487,55.77
65000010096,新北市,板橋區,聚安里,新北市第07選區,1221,1081,2302,9,2311,4256,2312,1,1944,54.3
65000010090,新北市,板橋區,華中里,新北市第07選區,1260,1005,2265,10,2275,4257,2275,0,1982,53.44
65000010086,新北市,板橋區,華德里,新北市第07選區,1488,1734,3222,10,3232,5917,3232,0,2685,54.62
65000010087,新北市,板橋區,華東里,新北市第07選區,1824,2387,4211,19,4230,7074,4230,0,2844,59.8
65000010111,新北市,板橋區,華福里,新北市第07選區,456,536,992,2,994,1641,994,0,647,60.57
65000010084,新北市,板橋區,華興里,新北市第07選區,969,1076,2045,9,2054,3529,2054,0,1475,58.2
65000010085,新北市,板橋區,華貴里,新北市第07選區,603,590,1193,10,1203,2053,1204,1,849,58.6
65000010067,新北市,板橋區,西安里,新北市第07選區,644,567,1211,2,1213,2193,1213,0,980,55.31
65000010077,新北市,板橋區,鄉雲里,新北市第07選區,826,988,1814,15,1829,3185,1829,0,1356,57.43
65000010080,新北市,板橋區,重慶里,新北市第07選區,1832,2071,3903,16,3919,7146,3919,0,3227,54.84
65000010055,新北市,板橋區,長壽里,新北市第07選區,743,640,1383,8,1391,2409,1391,0,1018,57.74
65000010069,新北市,板橋區,長安里,新北市第07選區,1020,1020,2040,13,2053,3460,2053,0,1407,59.34
65000010063,新北市,板橋區,雙玉里,新北市第07選區,989,901,1890,10,1900,3351,1900,0,1451,56.7
65000010066,新北市,板橋區,香丘里,新北市第07選區,820,792,1612,9,1621,2893,1621,0,1272,56.03
65000010097,新北市,板橋區,龍安里,新北市第07選區,654,619,1273,8,1281,2267,1281,0,986,56.51
65000170011,新北市,林口區,下福里,新北市第01選區,298,347,645,8,653,1135,653,0,482,57.53
65000170005,新北市,林口區,中湖里,新北市第01選區,1204,1185,2389,6,2395,4668,2395,0,2273,51.31
65000170015,新北市,林口區,仁愛里,新北市第01選區,1308,1910,3218,6,3224,5944,3224,0,2720,54.24
65000170008,新北市,林口區,南勢里,新北市第01選區,6129,7681,13810,52,13862,25651,13863,1,11788,54.04
65000170012,新北市,林口區,嘉寶里,新北市第01選區,267,195,462,1,463,819,463,0,356,56.53
65000170014,新北市,林口區,太平里,新北市第01選區,383,302,685,2,687,1351,687,0,664,50.85
65000170009,新北市,林口區,東勢里,新北市第01選區,1465,1937,3402,10,3412,5975,3412,0,2563,57.1
65000170001,新北市,林口區,東林里,新北市第01選區,840,807,1647,15,1662,3182,1662,0,1520,52.23
65000170002,新北市,林口區,林口里,新北市第01選區,1115,1311,2426,19,2445,4765,2445,0,2320,51.31
65000170006,新北市,林口區,湖北里,新北市第01選區,416,314,730,5,735,1220,735,0,485,60.25
65000170007,新北市,林口區,湖南里,新北市第01選區,5464,7249,12713,48,12761,23660,12761,0,10899,53.93
65000170013,新北市,林口區,瑞平里,新北市第01選區,199,160,359,1,360,688,360,0,328,52.33
65000170004,新北市,林口區,菁湖里,新北市第01選區,1073,1008,2081,20,2101,3572,2101,0,1471,58.82
65000170003,新北市,林口區,西林里,新北市第01選區,2303,2860,5163,31,5194,9732,5194,0,4538,53.37
65000170010,新北市,林口區,頂福里,新北市第01選區,271,167,438,0,438,901,438,0,463,48.61
65000170017,新北市,林口區,麗園里,新北市第01選區,882,1093,1975,13,1988,3396,1988,0,1408,58.54
65000170016,新北市,林口區,麗林里,新北市第01選區,1627,2508,4135,27,4162,7606,4163,1,3443,54.72
65000040051,新北市,永和區,上林里,新北市第09選區,567,1087,1654,7,1661,2883,1661,0,1222,57.61
65000040022,新北市,永和區,上溪里,新北市第09選區,397,552,949,6,955,1688,955,0,733,56.58
65000040046,新北市,永和區,下溪里,新北市第09選區,906,1394,2300,6,2306,3952,2306,0,1646,58.35
65000040014,新北市,永和區,中溪里,新北市第09選區,1026,1425,2451,16,2467,4253,2467,0,1786,58.01
65000040018,新北市,永和區,中興里,新北市第09選區,578,943,1521,3,1524,2760,1524,0,1236,55.22
65000040005,新北市,永和區,仁愛里,新北市第09選區,570,851,1421,6,1427,2340,1427,0,913,60.98
65000040013,新北市,永和區,保安里,新北市第09選區,1435,1955,3390,19,3409,5890,3409,0,2481,57.88
65000040033,新北市,永和區,保平里,新北市第09選區,1063,1291,2354,9,2363,4094,2363,0,1731,57.72
65000040062,新北市,永和區,保順里,新北市第09選區,1959,3102,5061,23,5084,9087,5084,0,4003,55.95
65000040057,新北市,永和區,信義里,新北市第09選區,520,761,1281,6,1287,2201,1287,0,914,58.47
65000040036,新北市,永和區,光復里,新北市第09選區,504,308,812,1,813,1429,813,0,616,56.89
65000040004,新北市,永和區,光明里,新北市第09選區,530,937,1467,6,1473,2486,1476,3,1010,59.25
65000040043,新北市,永和區,前溪里,新北市第09選區,375,662,1037,3,1040,1782,1040,0,742,58.36
65000040019,新北市,永和區,勵行里,新北市第09選區,271,298,569,6,575,1047,575,0,472,54.92
65000040027,新北市,永和區,協和里,新北市第09選區,568,808,1376,10,1386,2434,1386,0,1048,56.94
65000040044,新北市,永和區,和平里,新北市第09選區,899,1269,2168,10,2178,3967,2178,0,1789,54.9
65000040042,新北市,永和區,大同里,新北市第09選區,120,346,466,1,467,839,467,0,372,55.66
65000040032,新北市,永和區,大新里,新北市第09選區,456,838,1294,6,1300,2232,1300,0,932,58.24
65000040025,新北市,永和區,安和里,新北市第09選區,736,1205,1941,11,1952,3266,1952,0,1314,59.77
65000040056,新北市,永和區,店街里,新北市第09選區,744,1187,1931,8,1939,3570,1939,0,1631,54.31
65000040058,新北市,永和區,後溪里,新北市第09選區,477,599,1076,4,1080,1874,1080,0,794,57.63
65000040039,新北市,永和區,得和里,新北市第09選區,706,1272,1978,13,1991,3397,1991,0,1406,58.61
65000040037,新北市,永和區,復興里,新北市第09選區,435,760,1195,3,1198,2043,1198,0,845,58.64
65000040010,新北市,永和區,忠義里,新北市第09選區,73,318,391,2,393,643,393,0,250,61.12
65000040002,新北市,永和區,文化里,新北市第09選區,464,844,1308,5,1313,2317,1313,0,1004,56.67
65000040045,新北市,永和區,新廍里,新北市第09選區,429,732,1161,8,1169,1895,1169,0,726,61.69
65000040041,新北市,永和區,新生里,新北市第09選區,126,318,444,0,444,786,444,0,342,56.49
65000040040,新北市,永和區,智光里,新北市第09選區,523,897,1420,9,1429,2656,1429,0,1227,53.8
65000040055,新北市,永和區,桂林里,新北市第09選區,569,1125,1694,11,1705,3118,1705,0,1413,54.68
65000040053,新北市,永和區,正興里,新北市第09選區,401,637,1038,3,1041,1889,1041,0,848,55.11
65000040059,新北市,永和區,民富里,新北市第09選區,514,789,1303,3,1306,2354,1306,0,1048,55.48
65000040016,新北市,永和區,民族里,新北市第09選區,813,1354,2167,16,2183,3807,2183,0,1624,57.34
65000040034,新北市,永和區,民本里,新北市第09選區,726,1042,1768,11,1779,3286,1779,0,1507,54.14
65000040035,新北市,永和區,民樂里,新北市第09選區,781,1493,2274,7,2281,3760,2281,0,1479,60.66
65000040017,新北市,永和區,民權里,新北市第09選區,795,1320,2115,6,2121,3649,2121,0,1528,58.13
65000040008,新北市,永和區,民治里,新北市第09選區,437,824,1261,7,1268,2370,1268,0,1102,53.5
65000040049,新北市,永和區,民生里,新北市第09選區,718,1097,1815,10,1825,3133,1825,0,1308,58.25
65000040026,新北市,永和區,水源里,新北市第09選區,728,1196,1924,12,1936,3253,1936,0,1317,59.51
65000040011,新北市,永和區,永元里,新北市第09選區,928,1308,2236,15,2251,3821,2252,1,1569,58.91
65000040015,新北市,永和區,永安里,新北市第09選區,800,1323,2123,7,2130,3539,2130,0,1409,60.19
65000040009,新北市,永和區,永成里,新北市第09選區,74,341,415,3,418,781,418,0,363,53.52
65000040061,新北市,永和區,永樂里,新北市第09選區,470,581,1051,3,1054,1912,1054,0,858,55.13
65000040007,新北市,永和區,永福里,新北市第09選區,537,835,1372,8,1380,2297,1380,0,917,60.08
65000040054,新北市,永和區,永興里,新北市第09選區,490,895,1385,12,1397,2585,1399,2,1186,54.04
65000040006,新北市,永和區,永貞里,新北市第09選區,613,1003,1616,8,1624,2786,1624,0,1162,58.29
65000040028,新北市,永和區,河堤里,新北市第09選區,590,1000,1590,8,1598,2903,1598,0,1305,55.05
65000040048,新北市,永和區,河濱里,新北市第09選區,562,966,1528,7,1535,2680,1535,0,1145,57.28
65000040030,新北市,永和區,潭墘里,新北市第09選區,789,1432,2221,13,2234,3812,2234,0,1578,58.6
65000040031,新北市,永和區,潭安里,新北市第09選區,744,1550,2294,13,2307,4008,2307,0,1701,57.56
65000040038,新北市,永和區,福和里,新北市第09選區,959,1543,2502,11,2513,4352,2513,0,1839,57.74
65000040001,新北市,永和區,福林里,新北市第09選區,658,933,1591,5,1596,2779,1596,0,1183,57.43
65000040060,新北市,永和區,秀元里,新北市第09選區,590,837,1427,7,1434,2505,1434,0,1071,57.25
65000040047,新北市,永和區,秀和里,新北市第09選區,926,1394,2320,14,2334,4095,2335,1,1760,57
65000040050,新北市,永和區,秀得里,新北市第09選區,450,801,1251,8,1259,2194,1259,0,935,57.38
65000040021,新北市,永和區,秀成里,新北市第09選區,509,782,1291,9,1300,2331,1300,0,1031,55.77
65000040020,新北市,永和區,秀朗里,新北市第09選區,761,1112,1873,9,1882,3241,1882,0,1359,58.07
65000040012,新北市,永和區,秀林里,新北市第09選區,854,1142,1996,16,2012,3348,2012,0,1336,60.1
65000040023,新北市,永和區,竹林里,新北市第09選區,605,1040,1645,10,1655,3014,1655,0,1359,54.91
65000040052,新北市,永和區,網溪里,新北市第09選區,188,337,525,2,527,971,527,0,444,54.27
65000040003,新北市,永和區,豫溪里,新北市第09選區,676,1098,1774,10,1784,4601,1784,0,2817,38.77
65000040024,新北市,永和區,雙和里,新北市第09選區,781,1219,2000,14,2014,3281,2014,0,1267,61.38
65000040029,新北市,永和區,頂溪里,新北市第09選區,482,737,1219,13,1232,2042,1232,0,810,60.33
65000110026,新北市,汐止區,中興里,新北市第12選區,1662,2087,3749,16,3765,6991,3765,0,3226,53.85
65000110028,新北市,汐止區,仁德里,新北市第12選區,416,525,941,5,946,1629,946,0,683,58.07
65000110011,新北市,汐止區,保安里,新北市第12選區,309,416,725,3,728,1408,728,0,680,51.7
65000110050,新北市,汐止區,保新里,新北市第12選區,514,891,1405,9,1414,2707,1414,0,1293,52.23
65000110012,新北市,汐止區,保長里,新北市第12選區,1070,1143,2213,5,2218,4121,2218,0,1903,53.82
65000110004,新北市,汐止區,信望里,新北市第12選區,82,80,162,1,163,287,163,0,124,56.79
65000110017,新北市,汐止區,八連里,新北市第12選區,262,249,511,0,511,914,511,0,403,55.91
65000110020,新北市,汐止區,北山里,新北市第12選區,1338,1661,2999,16,3015,5258,3015,0,2243,57.34
65000110019,新北市,汐止區,北峰里,新北市第12選區,1137,1223,2360,11,2371,4460,2371,0,2089,53.16
65000110029,新北市,汐止區,厚德里,新北市第12選區,1350,1912,3262,17,3279,6012,3279,0,2733,54.54
65000110048,新北市,汐止區,城中里,新北市第12選區,980,1445,2425,10,2435,4081,2435,0,1646,59.67
65000110041,新北市,汐止區,大同里,新北市第12選區,597,782,1379,5,1384,2529,1384,0,1145,54.73
65000110025,新北市,汐止區,宜興里,新北市第12選區,549,959,1508,5,1513,2587,1513,0,1074,58.48
65000110040,新北市,汐止區,山光里,新北市第12選區,576,903,1479,5,1484,2804,1484,0,1320,52.92
65000110042,新北市,汐止區,崇德里,新北市第12選區,1032,1352,2384,8,2392,4329,2392,0,1937,55.26
65000110036,新北市,汐止區,康福里,新北市第12選區,1206,1533,2739,15,2754,4956,2754,0,2202,55.57
65000110047,新北市,汐止區,建成里,新北市第12選區,1064,1702,2766,9,2775,4585,2775,0,1810,60.52
65000110008,新北市,汐止區,復興里,新北市第12選區,1720,2256,3976,20,3996,6400,3996,0,2404,62.44
65000110030,新北市,汐止區,忠孝里,新北市第12選區,1625,2259,3884,18,3902,7190,3903,1,3287,54.27
65000110037,新北市,汐止區,忠山里,新北市第12選區,632,1168,1800,8,1808,3061,1808,0,1253,59.07
65000110015,新北市,汐止區,拱北里,新北市第12選區,943,1282,2225,12,2237,4562,2237,0,2325,49.04
65000110032,新北市,汐止區,文化里,新北市第12選區,944,1390,2334,22,2356,4095,2356,0,1739,57.53
65000110007,新北市,汐止區,新昌里,新北市第12選區,1185,1440,2625,8,2633,4707,2633,0,2074,55.94
65000110003,新北市,汐止區,智慧里,新北市第12選區,975,1412,2387,6,2393,4181,2393,0,1788,57.24
65000110039,新北市,汐止區,東勢里,新北市第12選區,1035,1605,2640,13,2653,4651,2653,0,1998,57.04
65000110023,新北市,汐止區,東山里,新北市第12選區,128,125,253,1,254,530,254,0,276,47.92
65000110018,新北市,汐止區,樟樹里,新北市第12選區,439,539,978,6,984,1856,984,0,872,53.02
65000110005,新北市,汐止區,橋東里,新北市第12選區,787,1109,1896,15,1911,3291,1911,0,1380,58.07
65000110022,新北市,汐止區,橫科里,新北市第12選區,973,1298,2271,15,2286,4040,2286,0,1754,56.58
65000110014,新北市,汐止區,江北里,新北市第12選區,1477,1420,2897,14,2911,5477,2911,0,2566,53.15
65000110027,新北市,汐止區,湖光里,新北市第12選區,1403,1984,3387,13,3400,5780,3400,0,2380,58.82
65000110043,新北市,汐止區,湖興里,新北市第12選區,1333,2110,3443,21,3464,5997,3464,0,2533,57.76
65000110049,新北市,汐止區,湖蓮里,新北市第12選區,622,1035,1657,9,1666,2748,1666,0,1082,60.63
65000110016,新北市,汐止區,烘內里,新北市第12選區,342,435,777,2,779,1437,779,0,658,54.21
65000110038,新北市,汐止區,環河里,新北市第12選區,350,237,587,4,591,1040,591,0,449,56.83
65000110021,新北市,汐止區,白雲里,新北市第12選區,974,1310,2284,12,2296,4194,2296,0,1898,54.74
65000110045,新北市,汐止區,福安里,新北市第12選區,1336,1640,2976,18,2994,5463,2994,0,2469,54.81
65000110024,新北市,汐止區,福山里,新北市第12選區,818,1110,1928,7,1935,3399,1935,0,1464,56.93
65000110034,新北市,汐止區,福德里,新北市第12選區,756,893,1649,14,1663,3159,1663,0,1496,52.64
65000110002,新北市,汐止區,禮門里,新北市第12選區,255,286,541,2,543,991,543,0,448,54.79
65000110046,新北市,汐止區,秀山里,新北市第12選區,925,1353,2278,17,2295,4035,2295,0,1740,56.88
65000110006,新北市,汐止區,秀峰里,新北市第12選區,879,1023,1902,11,1913,4829,1913,0,2916,39.61
65000110001,新北市,汐止區,義民里,新北市第12選區,272,350,622,3,625,1096,625,0,471,57.03
65000110031,新北市,汐止區,自強里,新北市第12選區,1245,1652,2897,17,2914,5141,2914,0,2227,56.68
65000110035,新北市,汐止區,興福里,新北市第12選區,709,996,1705,14,1719,3034,1719,0,1315,56.66
65000110009,新北市,汐止區,茄苳里,新北市第12選區,976,1271,2247,11,2258,4288,2258,0,2030,52.66
65000110013,新北市,汐止區,鄉長里,新北市第12選區,526,643,1169,6,1175,1986,1176,1,810,59.16
65000110033,新北市,汐止區,金龍里,新北市第12選區,1168,1598,2766,11,2777,4955,2777,0,2178,56.04
65000110010,新北市,汐止區,長安里,新北市第12選區,358,415,773,4,777,1385,777,0,608,56.1
65000110044,新北市,汐止區,長青里,新北市第12選區,221,297,518,5,523,880,523,0,357,59.43
65000160017,新北市,泰山區,全興里,新北市第01選區,1736,2084,3820,15,3835,7707,3835,0,3872,49.76
65000160006,新北市,泰山區,同榮里,新北市第01選區,918,1105,2023,7,2030,3626,2030,0,1596,55.98
65000160011,新北市,泰山區,同興里,新北市第01選區,844,861,1705,8,1713,3051,1713,0,1338,56.15
65000160001,新北市,泰山區,大科里,新北市第01選區,201,181,382,2,384,720,384,0,336,53.33
65000160003,新北市,泰山區,山腳里,新北市第01選區,1351,1644,2995,15,3010,5578,3010,0,2568,53.96
65000160014,新北市,泰山區,新明里,新北市第01選區,718,789,1507,6,1513,2647,1513,0,1134,57.16
65000160008,新北市,泰山區,明志里,新北市第01選區,878,929,1807,6,1813,3157,1813,0,1344,57.43
65000160005,新北市,泰山區,楓樹里,新北市第01選區,846,1075,1921,12,1933,3620,1933,0,1687,53.4
65000160013,新北市,泰山區,泰友里,新北市第01選區,465,541,1006,7,1013,1692,1013,0,679,59.87
65000160004,新北市,泰山區,福泰里,新北市第01選區,554,665,1219,7,1226,2245,1226,0,1019,54.61
65000160016,新北市,泰山區,福興里,新北市第01選區,747,929,1676,12,1688,3035,1689,1,1346,55.62
65000160012,新北市,泰山區,義仁里,新北市第01選區,2013,2380,4393,21,4414,8469,4414,0,4055,52.12
65000160007,新北市,泰山區,義學里,新北市第01選區,1047,1115,2162,14,2176,4025,2176,0,1849,54.06
65000160010,新北市,泰山區,貴和里,新北市第01選區,1005,1198,2203,10,2213,4180,2213,0,1967,52.94
65000160009,新北市,泰山區,貴子里,新北市第01選區,963,1054,2017,9,2026,3465,2026,0,1439,58.47
65000160015,新北市,泰山區,貴賢里,新北市第01選區,862,1074,1936,7,1943,3204,1943,0,1261,60.64
65000160002,新北市,泰山區,黎明里,新北市第01選區,782,879,1661,16,1677,2974,1677,0,1297,56.39
65000100001,新北市,淡水區,中和里,新北市第01選區,140,163,303,3,306,518,306,0,212,59.07
65000100023,新北市,淡水區,中興里,新北市第01選區,830,1033,1863,10,1873,3567,1873,0,1694,52.51
65000100020,新北市,淡水區,八勢里,新北市第01選區,1814,2003,3817,26,3843,7300,3843,0,3457,52.64
65000100012,新北市,淡水區,北投里,新北市第01選區,2192,3112,5304,32,5336,9791,5336,0,4455,54.5
65000100038,新北市,淡水區,北新里,新北市第01選區,603,814,1417,6,1423,2793,1423,0,1370,50.95
65000100027,新北市,淡水區,協元里,新北市第01選區,345,325,670,6,676,1231,676,0,555,54.91
65000100016,新北市,淡水區,坪頂里,新北市第01選區,329,352,681,3,684,1280,684,0,596,53.44
65000100009,新北市,淡水區,埤島里,新北市第01選區,444,558,1002,5,1007,1858,1007,0,851,54.2
65000100042,新北市,淡水區,大庄里,新北市第01選區,2445,3811,6256,44,6300,11747,6300,0,5447,53.63
65000100041,新北市,淡水區,學府里,新北市第01選區,891,1247,2138,7,2145,4273,2145,0,2128,50.2
65000100002,新北市,淡水區,屯山里,新北市第01選區,249,248,497,4,501,900,501,0,399,55.67
65000100008,新北市,淡水區,崁頂里,新北市第01選區,5357,7598,12955,77,13032,25881,13032,0,12849,50.35
65000100040,新北市,淡水區,幸福里,新北市第01選區,817,956,1773,12,1785,3238,1785,0,1453,55.13
65000100014,新北市,淡水區,忠寮里,新北市第01選區,271,279,550,8,558,978,558,0,420,57.06
65000100007,新北市,淡水區,忠山里,新北市第01選區,178,241,419,6,425,743,425,0,318,57.2
65000100031,新北市,淡水區,文化里,新北市第01選區,331,533,864,2,866,1533,866,0,667,56.49
65000100035,新北市,淡水區,新春里,新北市第01選區,1921,2527,4448,11,4459,8519,4459,0,4060,52.34
65000100036,新北市,淡水區,新民里,新北市第01選區,1008,1343,2351,14,2365,4288,2365,0,1923,55.15
65000100030,新北市,淡水區,新生里,新北市第01選區,109,119,228,0,228,388,228,0,160,58.76
65000100034,新北市,淡水區,新義里,新北市第01選區,865,991,1856,10,1866,3465,1866,0,1599,53.85
65000100010,新北市,淡水區,新興里,新北市第01選區,1505,2038,3543,28,3571,6593,3571,0,3022,54.16
65000100015,新北市,淡水區,樹興里,新北市第01選區,391,404,795,4,799,1664,799,0,865,48.02
65000100037,新北市,淡水區,正德里,新北市第01選區,995,1357,2352,12,2364,4268,2364,0,1904,55.39
65000100029,新北市,淡水區,民安里,新北市第01選區,184,153,337,2,339,579,339,0,240,58.55
65000100039,新北市,淡水區,民權里,新北市第01選區,1226,1418,2644,18,2662,4423,2662,0,1761,60.19
65000100019,新北市,淡水區,民生里,新北市第01選區,1606,2036,3642,28,3670,6588,3670,0,2918,55.71
65000100013,新北市,淡水區,水源里,新北市第01選區,521,471,992,6,998,1860,998,0,862,53.66
65000100011,新北市,淡水區,水碓里,新北市第01選區,1250,1416,2666,14,2680,4963,2680,0,2283,54
65000100028,新北市,淡水區,永吉里,新北市第01選區,206,236,442,3,445,759,445,0,314,58.63
65000100033,新北市,淡水區,沙崙里,新北市第01選區,979,1516,2495,10,2505,4981,2505,0,2476,50.29
65000100032,新北市,淡水區,油車里,新北市第01選區,1170,1544,2714,22,2736,4830,2736,0,2094,56.65
65000100025,新北市,淡水區,清文里,新北市第01選區,278,293,571,5,576,1008,576,0,432,57.14
65000100017,新北市,淡水區,福德里,新北市第01選區,1526,2154,3680,17,3697,6376,3697,0,2679,57.98
65000100018,新北市,淡水區,竹圍里,新北市第01選區,1311,1847,3158,11,3169,5577,3169,0,2408,56.82
65000100021,新北市,淡水區,竿蓁里,新北市第01選區,2462,3355,5817,27,5844,11094,5844,0,5250,52.68
65000100006,新北市,淡水區,義山里,新北市第01選區,446,660,1106,4,1110,2063,1110,0,953,53.81
65000100004,新北市,淡水區,興仁里,新北市第01選區,336,342,678,1,679,1347,679,0,668,50.41
65000100026,新北市,淡水區,草東里,新北市第01選區,196,185,381,2,383,636,383,0,253,60.22
65000100005,新北市,淡水區,蕃薯里,新北市第01選區,193,272,465,0,465,978,465,0,513,47.55
65000100003,新北市,淡水區,賢孝里,新北市第01選區,278,430,708,7,715,1379,715,0,664,51.85
65000100022,新北市,淡水區,鄧公里,新北市第01選區,1310,1718,3028,8,3036,5337,3036,0,2301,56.89
65000100024,新北市,淡水區,長庚里,新北市第01選區,325,427,752,1,753,1238,753,0,485,60.82
65000120010,新北市,瑞芳區,上天里,新北市第12選區,212,338,550,3,553,1138,553,0,585,48.59
65000120013,新北市,瑞芳區,傑魚里,新北市第12選區,329,473,802,3,805,1711,805,0,906,47.05
65000120015,新北市,瑞芳區,光復里,新北市第12選區,59,59,118,0,118,225,118,0,107,52.44
65000120032,新北市,瑞芳區,南雅里,新北市第12選區,54,64,118,2,120,243,120,0,123,49.38
65000120012,新北市,瑞芳區,吉安里,新北市第12選區,514,790,1304,9,1313,2707,1313,0,1394,48.5
65000120011,新北市,瑞芳區,吉慶里,新北市第12選區,282,489,771,4,775,1543,775,0,768,50.23
65000120018,新北市,瑞芳區,基山里,新北市第12選區,93,93,186,0,186,383,186,0,197,48.56
65000120020,新北市,瑞芳區,崇文里,新北市第12選區,53,67,120,2,122,260,122,0,138,46.92
65000120016,新北市,瑞芳區,弓橋里,新北市第12選區,85,74,159,0,159,274,159,0,115,58.03
65000120023,新北市,瑞芳區,新山里,新北市第12選區,65,92,157,2,159,317,159,0,158,50.16
65000120034,新北市,瑞芳區,新峰里,新北市第12選區,487,814,1301,7,1308,2763,1308,0,1455,47.34
65000120009,新北市,瑞芳區,東和里,新北市第12選區,324,413,737,5,742,1480,742,0,738,50.14
65000120008,新北市,瑞芳區,柑坪里,新北市第12選區,250,221,471,1,472,958,472,0,486,49.27
65000120019,新北市,瑞芳區,永慶里,新北市第12選區,78,82,160,1,161,371,161,0,210,43.4
65000120029,新北市,瑞芳區,海濱里,新北市第12選區,124,263,387,3,390,1039,390,0,649,37.54
65000120031,新北市,瑞芳區,深澳里,新北市第12選區,153,354,507,2,509,1120,509,0,611,45.45
65000120027,新北市,瑞芳區,濓新里,新北市第12選區,41,54,95,0,95,250,95,0,155,38
65000120028,新北市,瑞芳區,濓洞里,新北市第12選區,60,117,177,0,177,389,177,0,212,45.5
65000120007,新北市,瑞芳區,爪峯里,新北市第12選區,624,968,1592,9,1601,3264,1601,0,1663,49.05
65000120014,新北市,瑞芳區,猴硐里,新北市第12選區,75,70,145,0,145,360,145,0,215,40.28
65000120030,新北市,瑞芳區,瑞濱里,新北市第12選區,274,454,728,2,730,1529,730,0,799,47.74
65000120024,新北市,瑞芳區,瓜山里,新北市第12選區,27,62,89,0,89,156,89,0,67,57.05
65000120026,新北市,瑞芳區,石山里,新北市第12選區,51,76,127,0,127,272,127,0,145,46.69
65000120017,新北市,瑞芳區,碩仁里,新北市第12選區,32,35,67,1,68,140,68,0,72,48.57
65000120021,新北市,瑞芳區,福住里,新北市第12選區,25,60,85,0,85,140,85,0,55,60.71
65000120025,新北市,瑞芳區,銅山里,新北市第12選區,44,38,82,1,83,167,83,0,84,49.7
65000120022,新北市,瑞芳區,頌德里,新北市第12選區,60,76,136,1,137,287,137,0,150,47.74
65000120033,新北市,瑞芳區,鼻頭里,新北市第12選區,122,157,279,2,281,775,281,0,494,36.26
65000120006,新北市,瑞芳區,龍安里,新北市第12選區,92,183,275,3,278,521,278,0,243,53.36
65000120005,新北市,瑞芳區,龍山里,新北市第12選區,202,370,572,4,576,1187,576,0,611,48.53
65000120004,新北市,瑞芳區,龍川里,新北市第12選區,275,452,727,2,729,1463,729,0,734,49.83
65000120001,新北市,瑞芳區,龍潭里,新北市第12選區,133,216,349,2,351,631,351,0,280,55.63
65000120002,新北市,瑞芳區,龍興里,新北市第12選區,358,556,914,5,919,1764,919,0,845,52.1
65000120003,新北市,瑞芳區,龍鎮里,新北市第12選區,259,335,594,0,594,1106,594,0,512,53.71
65000220007,新北市,石門區,乾華里,新北市第01選區,34,69,103,2,105,245,105,0,140,42.86
65000220002,新北市,石門區,富基里,新北市第01選區,251,349,600,0,600,1181,600,0,581,50.8
65000220006,新北市,石門區,尖鹿里,新北市第01選區,231,396,627,5,632,1313,632,0,681,48.13
65000220004,新北市,石門區,山溪里,新北市第01選區,126,247,373,1,374,762,374,0,388,49.08
65000220001,新北市,石門區,德茂里,新北市第01選區,193,296,489,4,493,1014,493,0,521,48.62
65000220005,新北市,石門區,石門里,新北市第01選區,246,454,700,2,702,1362,702,0,660,51.54
65000220003,新北市,石門區,老梅里,新北市第01選區,354,501,855,10,865,1816,865,0,951,47.63
65000220008,新北市,石門區,茂林里,新北市第01選區,104,147,251,2,253,482,253,0,229,52.49
65000220009,新北市,石門區,草里里,新北市第01選區,141,233,374,4,378,838,378,0,460,45.11
65000280009,新北市,萬里區,中幅里,新北市第12選區,217,230,447,5,452,1003,452,0,551,45.06
65000280010,新北市,萬里區,北基里,新北市第12選區,477,579,1056,6,1062,2466,1062,0,1404,43.07
65000280004,新北市,萬里區,大鵬里,新北市第12選區,542,631,1173,6,1179,2512,1179,0,1333,46.93
65000280008,新北市,萬里區,崁脚里,新北市第12選區,93,80,173,1,174,352,174,0,178,49.43
65000280007,新北市,萬里區,溪底里,新北市第12選區,158,102,260,3,263,597,263,0,334,44.05
65000280005,新北市,萬里區,磺潭里,新北市第12選區,102,158,260,1,261,519,261,0,258,50.29
65000280001,新北市,萬里區,萬里里,新北市第12選區,916,1026,1942,6,1948,3934,1948,0,1986,49.52
65000280003,新北市,萬里區,野柳里,新北市第12選區,666,691,1357,6,1363,2981,1363,0,1618,45.72
65000280006,新北市,萬里區,雙興里,新北市第12選區,209,220,429,5,434,898,434,0,464,48.33
65000280002,新北市,萬里區,龜吼里,新北市第12選區,502,607,1109,8,1117,2639,1117,0,1522,42.33
65000260007,新北市,貢寮區,仁里里,新北市第12選區,395,268,663,5,668,1576,668,0,908,42.39
65000260002,新北市,貢寮區,吉林里,新北市第12選區,92,69,161,0,161,421,161,0,260,38.24
65000260011,新北市,貢寮區,和美里,新北市第12選區,233,126,359,2,361,867,361,0,506,41.64
65000260008,新北市,貢寮區,真理里,新北市第12選區,557,199,756,7,763,1804,763,0,1041,42.29
65000260009,新北市,貢寮區,福連里,新北市第12選區,173,150,323,1,324,803,324,0,479,40.35
65000260006,新北市,貢寮區,福隆里,新北市第12選區,312,320,632,4,636,1451,636,0,815,43.83
65000260010,新北市,貢寮區,美豐里,新北市第12選區,156,143,299,2,301,644,301,0,343,46.74
65000260001,新北市,貢寮區,貢寮里,新北市第12選區,142,153,295,0,295,701,295,0,406,42.08
65000260003,新北市,貢寮區,雙玉里,新北市第12選區,126,108,234,2,236,558,236,0,322,42.29
65000260004,新北市,貢寮區,龍崗里,新北市第12選區,89,50,139,0,139,354,139,0,215,39.27
65000260005,新北市,貢寮區,龍門里,新北市第12選區,194,79,273,3,276,587,276,0,311,47.02
65000270010,新北市,金山區,三界里,新北市第12選區,164,124,288,3,291,587,291,0,296,49.57
65000270006,新北市,金山區,五湖里,新北市第12選區,336,482,818,2,820,1543,820,0,723,53.14
65000270008,新北市,金山區,兩湖里,新北市第12選區,85,98,183,1,184,376,184,0,192,48.94
65000270009,新北市,金山區,六股里,新北市第12選區,163,140,303,1,304,608,304,0,304,50
65000270001,新北市,金山區,和平里,新北市第12選區,89,134,223,1,224,404,224,0,180,55.45
65000270002,新北市,金山區,大同里,新北市第12選區,136,165,301,0,301,624,301,0,323,48.24
65000270014,新北市,金山區,永興里,新北市第12選區,113,82,195,1,196,506,196,0,310,38.74
65000270011,新北市,金山區,清泉里,新北市第12選區,168,197,365,1,366,751,366,0,385,48.74
65000270004,新北市,金山區,磺港里,新北市第12選區,436,285,721,5,726,1547,726,0,821,46.93
65000270005,新北市,金山區,美田里,新北市第12選區,790,937,1727,8,1735,3622,1735,0,1887,47.9
65000270012,新北市,金山區,萬壽里,新北市第12選區,124,84,208,0,208,413,208,0,205,50.36
65000270013,新北市,金山區,西湖里,新北市第12選區,34,39,73,0,73,162,73,0,89,45.06
65000270003,新北市,金山區,豐漁里,新北市第12選區,121,109,230,0,230,465,230,0,235,49.46
65000270007,新北市,金山區,重和里,新北市第12選區,262,247,509,3,512,1160,512,0,648,44.14
65000270015,新北市,金山區,金美里,新北市第12選區,1084,1221,2305,12,2317,4761,2317,0,2444,48.67
65000250005,新北市,雙溪區,三港里,新北市第12選區,58,70,128,0,128,295,128,0,167,43.39
65000250007,新北市,雙溪區,三貂里,新北市第12選區,71,75,146,1,147,303,147,0,156,48.51
65000250009,新北市,雙溪區,上林里,新北市第12選區,122,145,267,3,270,533,270,0,263,50.66
65000250002,新北市,雙溪區,共和里,新北市第12選區,54,74,128,0,128,301,128,0,173,42.52
65000250010,新北市,雙溪區,外柑里,新北市第12選區,59,100,159,1,160,364,160,0,204,43.96
65000250008,新北市,雙溪區,平林里,新北市第12選區,173,215,388,1,389,778,389,0,389,50
65000250003,新北市,雙溪區,新基里,新北市第12選區,133,211,344,4,348,663,348,0,315,52.49
65000250012,新北市,雙溪區,泰平里,新北市第12選區,172,240,412,3,415,1104,415,0,689,37.59
65000250006,新北市,雙溪區,牡丹里,新北市第12選區,244,311,555,3,558,1272,558,0,714,43.87
65000250011,新北市,雙溪區,長源里,新北市第12選區,69,58,127,1,128,315,128,0,187,40.63
65000250001,新北市,雙溪區,雙溪里,新北市第12選區,61,133,194,1,195,396,195,0,201,49.24
65000250004,新北市,雙溪區,魚行里,新北市第12選區,114,153,267,0,267,556,267,0,289,48.02
10018020004,新竹市,北區,中央里,新竹市第01選區,143,96,239,0,239,394,239,0,155,60.66
10018020028,新竹市,北區,中寮里,新竹市第01選區,938,1261,2199,21,2220,3908,2220,0,1688,56.81
10018020011,新竹市,北區,中山里,新竹市第01選區,278,245,523,1,524,861,524,0,337,60.86
10018020009,新竹市,北區,中興里,新竹市第01選區,266,283,549,3,552,872,553,1,319,63.3
10018020045,新竹市,北區,中雅里,新竹市第01選區,676,1364,2040,12,2052,3240,2052,0,1188,63.33
10018020002,新竹市,北區,仁德里,新竹市第01選區,204,185,389,4,393,684,393,0,291,57.46
10018020017,新竹市,北區,光田里,新竹市第01選區,488,677,1165,7,1172,1953,1172,0,781,60.01
10018020039,新竹市,北區,光華里,新竹市第01選區,817,1136,1953,11,1964,4055,1964,0,2091,48.43
10018020008,新竹市,北區,北門里,新竹市第01選區,292,263,555,5,560,950,560,0,390,58.95
10018020034,新竹市,北區,南勢里,新竹市第01選區,1336,1226,2562,20,2582,4160,2582,0,1578,62.07
10018020024,新竹市,北區,南寮里,新竹市第01選區,1285,1706,2991,36,3027,5701,3027,0,2674,53.1
10018020020,新竹市,北區,古賢里,新竹市第01選區,239,234,473,6,479,805,479,0,326,59.5
10018020044,新竹市,北區,台溪里,新竹市第01選區,401,456,857,9,866,1569,866,0,703,55.19
10018020036,新竹市,北區,境福里,新竹市第01選區,1171,1484,2655,19,2674,4405,2674,0,1731,60.7
10018020018,新竹市,北區,士林里,新竹市第01選區,650,709,1359,11,1370,2218,1370,0,848,61.77
10018020010,新竹市,北區,大同里,新竹市第01選區,211,236,447,5,452,716,452,0,264,63.13
10018020035,新竹市,北區,大鵬里,新竹市第01選區,22,72,94,0,94,209,94,0,115,44.98
10018020030,新竹市,北區,客雅里,新竹市第01選區,539,562,1101,5,1106,1837,1106,0,731,60.21
10018020005,新竹市,北區,崇禮里,新竹市第01選區,338,281,619,2,621,1018,621,0,397,61
10018020026,新竹市,北區,康樂里,新竹市第01選區,817,1041,1858,14,1872,3183,1872,0,1311,58.81
10018020016,新竹市,北區,文雅里,新竹市第01選區,1099,1248,2347,19,2366,3826,2366,0,1460,61.84
10018020013,新竹市,北區,新民里,新竹市第01選區,389,482,871,5,876,1504,876,0,628,58.24
10018020038,新竹市,北區,新雅里,新竹市第01選區,1153,1323,2476,22,2498,4312,2498,0,1814,57.93
10018020032,新竹市,北區,曲溪里,新竹市第01選區,1102,1653,2755,11,2766,4977,2767,1,2210,55.58
10018020023,新竹市,北區,武陵里,新竹市第01選區,599,2078,2677,12,2689,4265,2689,0,1576,63.05
10018020014,新竹市,北區,民富里,新竹市第01選區,1197,1320,2517,12,2529,4450,2529,0,1921,56.83
10018020015,新竹市,北區,水田里,新竹市第01選區,890,1006,1896,10,1906,3189,1906,0,1283,59.77
10018020029,新竹市,北區,海濱里,新竹市第01選區,1019,1454,2473,18,2491,4571,2491,0,2080,54.5
10018020027,新竹市,北區,港北里,新竹市第01選區,571,658,1229,10,1239,2247,1239,0,1008,55.14
10018020042,新竹市,北區,湳中里,新竹市第01選區,1664,2430,4094,32,4126,6695,4126,0,2569,61.63
10018020021,新竹市,北區,湳雅里,新竹市第01選區,714,938,1652,11,1663,2583,1663,0,920,64.38
10018020003,新竹市,北區,潛園里,新竹市第01選區,232,196,428,1,429,674,429,0,245,63.65
10018020006,新竹市,北區,石坊里,新竹市第01選區,151,148,299,3,302,512,302,0,210,58.98
10018020037,新竹市,北區,磐石里,新竹市第01選區,1477,1617,3094,21,3115,5060,3115,0,1945,61.56
10018020019,新竹市,北區,福林里,新竹市第01選區,904,1320,2224,20,2244,3641,2244,0,1397,61.63
10018020031,新竹市,北區,育英里,新竹市第01選區,876,991,1867,19,1886,3233,1886,0,1347,58.34
10018020007,新竹市,北區,興南里,新竹市第01選區,363,365,728,6,734,1268,734,0,534,57.89
10018020025,新竹市,北區,舊港里,新竹市第01選區,137,178,315,2,317,525,317,0,208,60.38
10018020022,新竹市,北區,舊社里,新竹市第01選區,1484,1917,3401,14,3415,5629,3415,0,2214,60.67
10018020001,新竹市,北區,西門里,新竹市第01選區,163,154,317,0,317,556,317,0,239,57.01
10018020033,新竹市,北區,西雅里,新竹市第01選區,766,852,1618,10,1628,2694,1628,0,1066,60.43
10018020041,新竹市,北區,金竹里,新竹市第01選區,1373,2017,3390,23,3413,5600,3413,0,2187,60.95
10018020040,新竹市,北區,金華里,新竹市第01選區,1229,1565,2794,16,2810,4657,2810,0,1847,60.34
10018020043,新竹市,北區,金雅里,新竹市第01選區,1146,1373,2519,15,2534,3904,2534,0,1370,64.91
10018020012,新竹市,北區,長和里,新竹市第01選區,382,381,763,6,769,1335,769,0,566,57.6
10018010020,新竹市,東區,三民里,新竹市第01選區,1204,1465,2669,12,2681,4505,2681,0,1824,59.51
10018010008,新竹市,東區,下竹里,新竹市第01選區,101,145,246,2,248,393,248,0,145,63.1
10018010012,新竹市,東區,中正里,新竹市第01選區,132,156,288,1,289,523,289,0,234,55.26
10018010032,新竹市,東區,仙宮里,新竹市第01選區,313,424,737,2,739,1164,740,1,424,63.49
10018010044,新竹市,東區,仙水里,新竹市第01選區,1256,1726,2982,21,3003,5058,3006,3,2052,59.37
10018010023,新竹市,東區,光復里,新竹市第01選區,781,891,1672,12,1684,2770,1684,0,1086,60.79
10018010033,新竹市,東區,光明里,新竹市第01選區,565,996,1561,11,1572,2709,1572,0,1137,58.03
10018010028,新竹市,東區,光鎮里,新竹市第01選區,845,1102,1947,12,1959,3351,1959,0,1392,58.46
10018010013,新竹市,東區,公園里,新竹市第01選區,703,1113,1816,15,1831,3055,1831,0,1224,59.93
10018010038,新竹市,東區,前溪里,新竹市第01選區,663,788,1451,12,1463,2551,1463,0,1088,57.35
10018010040,新竹市,東區,千甲里,新竹市第01選區,440,756,1196,8,1204,1897,1204,0,693,63.47
10018010015,新竹市,東區,南大里,新竹市第01選區,367,388,755,10,765,1260,765,0,495,60.71
10018010003,新竹市,東區,南市里,新竹市第01選區,265,203,468,5,473,787,473,0,314,60.1
10018010001,新竹市,東區,南門里,新竹市第01選區,195,198,393,4,397,660,397,0,263,60.15
10018010041,新竹市,東區,埔頂里,新竹市第01選區,1878,2482,4360,31,4391,7726,4391,0,3335,56.83
10018010010,新竹市,東區,寺前里,新竹市第01選區,223,242,465,4,469,758,469,0,289,61.87
10018010037,新竹市,東區,建功里,新竹市第01選區,612,1684,2296,19,2315,3727,2315,0,1412,62.11
10018010048,新竹市,東區,建華里,新竹市第01選區,567,764,1331,8,1339,2161,1339,0,822,61.96
10018010019,新竹市,東區,復中里,新竹市第01選區,1068,1334,2402,9,2411,3976,2411,0,1565,60.64
10018010050,新竹市,東區,復興里,新竹市第01選區,1163,1629,2792,16,2808,4827,2808,0,2019,58.17
10018010007,新竹市,東區,成功里,新竹市第01選區,171,133,304,3,307,504,307,0,197,60.91
10018010016,新竹市,東區,振興里,新竹市第01選區,1262,1759,3021,11,3032,5251,3032,0,2219,57.74
10018010018,新竹市,東區,文華里,新竹市第01選區,1102,1503,2605,23,2628,4392,2628,0,1764,59.84
10018010049,新竹市,東區,新光里,新竹市第01選區,898,1108,2006,12,2018,3367,2018,0,1349,59.93
10018010029,新竹市,東區,新興里,新竹市第01選區,822,973,1795,10,1805,2981,1805,0,1176,60.55
10018010043,新竹市,東區,新莊里,新竹市第01選區,1154,1810,2964,22,2986,4955,2986,0,1969,60.26
10018010053,新竹市,東區,明湖里,新竹市第01選區,930,1588,2518,20,2538,4881,2538,0,2343,52
10018010022,新竹市,東區,東勢里,新竹市第01選區,1155,1315,2470,13,2483,3934,2483,0,1451,63.12
10018010021,新竹市,東區,東園里,新竹市第01選區,1579,1918,3497,21,3518,5687,3518,0,2169,61.86
10018010027,新竹市,東區,東山里,新竹市第01選區,656,1078,1734,21,1755,2848,1755,0,1093,61.62
10018010005,新竹市,東區,東門里,新竹市第01選區,163,130,293,2,295,487,295,0,192,60.57
10018010030,新竹市,東區,柴橋里,新竹市第01選區,1311,1859,3170,14,3184,5342,3184,0,2158,59.6
10018010006,新竹市,東區,榮光里,新竹市第01選區,79,56,135,1,136,252,136,0,116,53.97
10018010025,新竹市,東區,武功里,新竹市第01選區,561,1785,2346,18,2364,3827,2364,0,1463,61.77
10018010039,新竹市,東區,水源里,新竹市第01選區,898,949,1847,11,1858,3049,1858,0,1191,60.94
10018010052,新竹市,東區,湖濱里,新竹市第01選區,902,1149,2051,7,2058,3300,2058,0,1242,62.36
10018010002,新竹市,東區,福德里,新竹市第01選區,402,468,870,7,877,1399,877,0,522,62.69
10018010047,新竹市,東區,科園里,新竹市第01選區,1374,2281,3655,20,3675,5755,3675,0,2080,63.86
10018010035,新竹市,東區,立功里,新竹市第01選區,122,339,461,4,465,789,465,0,324,58.94
10018010009,新竹市,東區,竹蓮里,新竹市第01選區,197,196,393,1,394,637,394,0,243,61.85
10018010026,新竹市,東區,綠水里,新竹市第01選區,1418,2059,3477,30,3507,5915,3508,1,2407,59.29
10018010011,新竹市,東區,育賢里,新竹市第01選區,257,306,563,2,565,1740,565,0,1175,32.47
10018010017,新竹市,東區,親仁里,新竹市第01選區,381,629,1010,3,1013,1736,1013,0,723,58.35
10018010024,新竹市,東區,豐功里,新竹市第01選區,1013,1577,2590,15,2605,4249,2605,0,1644,61.31
10018010036,新竹市,東區,軍功里,新竹市第01選區,478,994,1472,10,1482,2579,1482,0,1097,57.46
10018010045,新竹市,東區,金山里,新竹市第01選區,1062,1810,2872,21,2893,5096,2893,0,2203,56.77
10018010051,新竹市,東區,錦華里,新竹市第01選區,474,640,1114,5,1119,1838,1119,0,719,60.88
10018010004,新竹市,東區,關帝里,新竹市第01選區,140,110,250,3,253,432,253,0,179,58.56
10018010054,新竹市,東區,關新里,新竹市第01選區,1080,1233,2313,9,2322,3959,2322,0,1637,58.65
10018010046,新竹市,東區,關東里,新竹市第01選區,1000,1618,2618,19,2637,4620,2637,0,1983,57.08
10018010014,新竹市,東區,頂竹里,新竹市第01選區,757,834,1591,12,1603,2605,1603,0,1002,61.54
10018010031,新竹市,東區,高峰里,新竹市第01選區,1321,1856,3177,21,3198,5376,3198,0,2178,59.49
10018010042,新竹市,東區,龍山里,新竹市第01選區,2374,3044,5418,31,5449,9261,5449,0,3812,58.84
10018030007,新竹市,香山區,中埔里,新竹市第01選區,762,883,1645,16,1661,2699,1661,0,1038,61.54
10018030020,新竹市,香山區,中隘里,新竹市第01選區,362,660,1022,9,1031,1930,1031,0,899,53.42
10018030021,新竹市,香山區,內湖里,新竹市第01選區,917,1245,2162,15,2177,4097,2179,2,1918,53.14
10018030023,新竹市,香山區,南港里,新竹市第01選區,236,208,444,0,444,762,444,0,318,58.27
10018030019,新竹市,香山區,南隘里,新竹市第01選區,181,264,445,5,450,771,450,0,321,58.37
10018030006,新竹市,香山區,埔前里,新竹市第01選區,921,886,1807,14,1821,3040,1821,0,1219,59.9
10018030013,新竹市,香山區,大庄里,新竹市第01選區,821,841,1662,7,1669,2785,1669,0,1116,59.93
10018030018,新竹市,香山區,大湖里,新竹市第01選區,209,264,473,2,475,853,475,0,378,55.69
10018030015,新竹市,香山區,朝山里,新竹市第01選區,569,679,1248,10,1258,2168,1258,0,910,58.03
10018030010,新竹市,香山區,東香里,新竹市第01選區,956,1458,2414,18,2432,4107,2432,0,1675,59.22
10018030005,新竹市,香山區,樹下里,新竹市第01選區,677,524,1201,9,1210,2005,1210,0,795,60.35
10018030016,新竹市,香山區,海山里,新竹市第01選區,514,767,1281,12,1293,2178,1293,0,885,59.37
10018030004,新竹市,香山區,浸水里,新竹市第01選區,655,659,1314,18,1332,2298,1332,0,966,57.96
10018030001,新竹市,香山區,港南里,新竹市第01選區,797,806,1603,13,1616,2746,1616,0,1130,58.85
10018030008,新竹市,香山區,牛埔里,新竹市第01選區,1160,1535,2695,14,2709,4975,2709,0,2266,54.45
10018030014,新竹市,香山區,美山里,新竹市第01選區,301,290,591,9,600,1045,600,0,445,57.42
10018030017,新竹市,香山區,茄苳里,新竹市第01選區,189,309,498,5,503,1008,503,0,505,49.9
10018030002,新竹市,香山區,虎山里,新竹市第01選區,1384,1465,2849,20,2869,5167,2869,0,2298,55.53
10018030003,新竹市,香山區,虎林里,新竹市第01選區,600,672,1272,9,1281,2111,1281,0,830,60.68
10018030009,新竹市,香山區,頂埔里,新竹市第01選區,1334,1527,2861,13,2874,4900,2874,0,2026,58.65
10018030024,新竹市,香山區,頂福里,新竹市第01選區,1153,1487,2640,15,2655,4506,2655,0,1851,58.92
10018030012,新竹市,香山區,香山里,新竹市第01選區,1050,1422,2472,14,2486,4194,2486,0,1708,59.28
10018030011,新竹市,香山區,香村里,新竹市第01選區,843,1238,2081,9,2090,3740,2090,0,1650,55.88
10018030022,新竹市,香山區,鹽水里,新竹市第01選區,354,442,796,9,805,1432,805,0,627,56.22
68000020048,桃園市,中壢區,三民里,桃園市第03選區,860,974,1834,10,1844,3192,1844,0,1348,57.77
68000020026,桃園市,中壢區,中原里,桃園市第03選區,751,1191,1942,2,1944,3431,1944,0,1487,56.66
68000020010,桃園市,中壢區,中堅里,桃園市第06選區,560,1430,1990,8,1998,3508,1998,0,1510,56.96
68000020028,桃園市,中壢區,中壢里,桃園市第03選區,149,213,362,1,363,674,363,0,311,53.86
68000020015,桃園市,中壢區,中央里,桃園市第03選區,832,1148,1980,8,1988,3278,1988,0,1290,60.65
68000020068,桃園市,中壢區,中山里,桃園市第06選區,800,1716,2516,8,2524,4543,2524,0,2019,55.56
68000020040,桃園市,中壢區,中建里,桃園市第03選區,286,303,589,2,591,1026,591,0,435,57.6
68000020050,桃園市,中壢區,中榮里,桃園市第03選區,273,274,547,2,549,977,549,0,428,56.19
68000020019,桃園市,中壢區,中正里,桃園市第06選區,858,1797,2655,12,2667,4931,2667,0,2264,54.09
68000020081,桃園市,中壢區,中興里,桃園市第03選區,606,1302,1908,9,1917,3342,1917,0,1425,57.36
68000020044,桃園市,中壢區,五權里,桃園市第03選區,1476,2028,3504,22,3526,6114,3526,0,2588,57.67
68000020064,桃園市,中壢區,五福里,桃園市第03選區,861,1007,1868,6,1874,3378,1874,0,1504,55.48
68000020075,桃園市,中壢區,仁和里,桃園市第06選區,586,1334,1920,10,1930,3311,1930,0,1381,58.29
68000020003,桃園市,中壢區,仁德里,桃園市第06選區,473,1144,1617,10,1627,2886,1627,0,1259,56.38
68000020013,桃園市,中壢區,仁愛里,桃園市第06選區,591,969,1560,12,1572,2854,1572,0,1282,55.08
68000020030,桃園市,中壢區,仁祥里,桃園市第06選區,385,1057,1442,3,1445,2616,1445,0,1171,55.24
68000020072,桃園市,中壢區,仁福里,桃園市第03選區,797,1649,2446,9,2455,4537,2455,0,2082,54.11
68000020012,桃園市,中壢區,仁美里,桃園市第03選區,991,2011,3002,9,3011,5347,3011,0,2336,56.31
68000020070,桃園市,中壢區,仁義里,桃園市第03選區,847,1163,2010,16,2026,3761,2026,0,1735,53.87
68000020037,桃園市,中壢區,信義里,桃園市第03選區,990,1480,2470,12,2482,4244,2484,2,1760,58.48
68000020079,桃園市,中壢區,健行里,桃園市第03選區,929,1504,2433,10,2443,4241,2443,0,1798,57.6
68000020007,桃園市,中壢區,光明里,桃園市第03選區,1089,1778,2867,14,2881,5130,2881,0,2249,56.16
68000020051,桃園市,中壢區,內厝里,桃園市第03選區,1301,1322,2623,8,2631,4640,2631,0,2009,56.7
68000020005,桃園市,中壢區,內壢里,桃園市第03選區,394,770,1164,7,1171,2045,1172,1,873,57.26
68000020027,桃園市,中壢區,內定里,桃園市第03選區,1738,1936,3674,10,3684,6612,3684,0,2928,55.72
68000020059,桃園市,中壢區,和平里,桃園市第03選區,546,846,1392,6,1398,2377,1398,0,979,58.81
68000020049,桃園市,中壢區,山東里,桃園市第03選區,1134,954,2088,14,2102,3836,2102,0,1734,54.8
68000020073,桃園市,中壢區,幸福里,桃園市第03選區,1319,1938,3257,15,3272,5947,3272,0,2675,55.02
68000020042,桃園市,中壢區,後寮里,桃園市第03選區,954,1689,2643,19,2662,5083,2662,0,2421,52.37
68000020033,桃園市,中壢區,復興里,桃園市第03選區,767,1144,1911,6,1917,3769,1917,0,1852,50.86
68000020056,桃園市,中壢區,復華里,桃園市第03選區,1126,1927,3053,11,3064,5345,3064,0,2281,57.32
68000020069,桃園市,中壢區,德義里,桃園市第03選區,546,844,1390,10,1400,2441,1400,0,1041,57.35
68000020057,桃園市,中壢區,忠孝里,桃園市第03選區,870,1596,2466,10,2476,4394,2476,0,1918,56.35
68000020036,桃園市,中壢區,忠福里,桃園市第03選區,917,1425,2342,16,2358,4062,2358,0,1704,58.05
68000020018,桃園市,中壢區,忠義里,桃園市第03選區,814,1335,2149,6,2155,4039,2156,1,1883,53.35
68000020006,桃園市,中壢區,成功里,桃園市第03選區,793,1426,2219,8,2227,4167,2227,0,1940,53.44
68000020052,桃園市,中壢區,振興里,桃園市第03選區,979,1742,2721,15,2736,4517,2736,0,1781,60.57
68000020034,桃園市,中壢區,文化里,桃園市第03選區,1822,2725,4547,20,4567,8309,4567,0,3742,54.96
68000020024,桃園市,中壢區,新明里,桃園市第03選區,887,1077,1964,14,1978,3564,1979,1,1585,55.5
68000020025,桃園市,中壢區,新興里,桃園市第03選區,811,1220,2031,9,2040,3486,2040,0,1446,58.52
68000020014,桃園市,中壢區,新街里,桃園市第03選區,518,773,1291,4,1295,2385,1295,0,1090,54.3
68000020062,桃園市,中壢區,明德里,桃園市第03選區,1053,1547,2600,9,2609,4468,2609,0,1859,58.39
68000020016,桃園市,中壢區,普仁里,桃園市第03選區,794,1335,2129,15,2144,4254,2145,1,2109,50.4
68000020061,桃園市,中壢區,普強里,桃園市第03選區,708,1315,2023,10,2033,3476,2033,0,1443,58.49
68000020060,桃園市,中壢區,普忠里,桃園市第03選區,651,1004,1655,7,1662,3119,1662,0,1457,53.29
68000020053,桃園市,中壢區,普慶里,桃園市第03選區,558,992,1550,5,1555,2565,1555,0,1010,60.62
68000020017,桃園市,中壢區,普義里,桃園市第03選區,793,1446,2239,12,2251,5676,2251,0,3425,39.66
68000020047,桃園市,中壢區,月眉里,桃園市第03選區,1745,1464,3209,12,3221,5863,3221,0,2642,54.94
68000020021,桃園市,中壢區,東興里,桃園市第03選區,802,1102,1904,5,1909,3284,1909,0,1375,58.13
68000020084,桃園市,中壢區,林森里,桃園市第03選區,834,1361,2195,11,2206,3738,2206,0,1532,59.02
68000020066,桃園市,中壢區,正義里,桃園市第03選區,914,1389,2303,12,2315,4043,2315,0,1728,57.26
68000020031,桃園市,中壢區,水尾里,桃園市第03選區,886,1160,2046,9,2055,3517,2055,0,1462,58.43
68000020055,桃園市,中壢區,永光里,桃園市第03選區,1232,1646,2878,13,2891,5388,2891,0,2497,53.66
68000020074,桃園市,中壢區,永福里,桃園市第03選區,1329,1781,3110,20,3130,5290,3130,0,2160,59.17
68000020004,桃園市,中壢區,永興里,桃園市第03選區,190,253,443,2,445,869,445,0,424,51.21
68000020022,桃園市,中壢區,洽溪里,桃園市第03選區,1432,1593,3025,7,3032,5751,3032,0,2719,52.72
68000020038,桃園市,中壢區,石頭里,桃園市第03選區,380,459,839,4,843,1555,843,0,712,54.21
68000020058,桃園市,中壢區,福德里,桃園市第03選區,557,1004,1561,6,1567,2697,1567,0,1130,58.1
68000020023,桃園市,中壢區,篤行里,桃園市第06選區,469,960,1429,6,1435,2618,1435,0,1183,54.81
68000020083,桃園市,中壢區,自信里,桃園市第03選區,910,2057,2967,7,2974,5496,2974,0,2522,54.11
68000020009,桃園市,中壢區,自強里,桃園市第06選區,561,1276,1837,5,1842,3295,1843,1,1452,55.9
68000020078,桃園市,中壢區,自治里,桃園市第03選區,495,1589,2084,7,2091,3516,2091,0,1425,59.47
68000020008,桃園市,中壢區,自立里,桃園市第03選區,499,2305,2804,18,2822,4869,2822,0,2047,57.96
68000020063,桃園市,中壢區,至善里,桃園市第03選區,563,1428,1991,8,1999,3682,1999,0,1683,54.29
68000020020,桃園市,中壢區,興仁里,桃園市第06選區,591,1167,1758,11,1769,3359,1769,0,1590,52.66
68000020041,桃園市,中壢區,興南里,桃園市第03選區,618,1034,1652,13,1665,3133,1666,1,1467,53.14
68000020054,桃園市,中壢區,興和里,桃園市第03選區,737,857,1594,1,1595,2566,1595,0,971,62.16
68000020035,桃園市,中壢區,興國里,桃園市第03選區,474,621,1095,6,1101,1943,1101,0,842,56.66
68000020080,桃園市,中壢區,興平里,桃園市第03選區,660,715,1375,3,1378,2292,1378,0,914,60.12
68000020088,桃園市,中壢區,興福里,桃園市第03選區,862,1226,2088,5,2093,3624,2093,0,1531,57.75
68000020087,桃園市,中壢區,興華里,桃園市第03選區,1067,1974,3041,17,3058,5540,3058,0,2482,55.2
68000020045,桃園市,中壢區,舊明里,桃園市第03選區,390,390,780,5,785,1330,785,0,545,59.02
68000020046,桃園市,中壢區,芝芭里,桃園市第03選區,1461,1457,2918,14,2932,5521,2932,0,2589,53.11
68000020077,桃園市,中壢區,莊敬里,桃園市第03選區,422,1486,1908,5,1913,3249,1913,0,1336,58.88
68000020071,桃園市,中壢區,華勛里,桃園市第06選區,473,1539,2012,15,2027,3693,2027,0,1666,54.89
68000020076,桃園市,中壢區,華愛里,桃園市第03選區,580,1320,1900,10,1910,3363,1910,0,1453,56.79
68000020043,桃園市,中壢區,過嶺里,桃園市第03選區,2126,2896,5022,27,5049,9484,5049,0,4435,53.24
68000020085,桃園市,中壢區,金華里,桃園市第03選區,843,1633,2476,10,2486,4018,2486,0,1532,61.87
68000020032,桃園市,中壢區,青埔里,桃園市第03選區,2841,3428,6269,20,6289,12385,6289,0,6096,50.78
68000020086,桃園市,中壢區,青溪里,桃園市第03選區,910,1153,2063,3,2066,3670,2066,0,1604,56.29
68000020067,桃園市,中壢區,龍安里,桃園市第06選區,257,909,1166,7,1173,1854,1173,0,681,63.27
68000020029,桃園市,中壢區,龍岡里,桃園市第03選區,729,1743,2472,9,2481,4199,2481,0,1718,59.09
68000020001,桃園市,中壢區,龍平里,桃園市第03選區,336,1221,1557,10,1567,2671,1567,0,1104,58.67
68000020065,桃園市,中壢區,龍德里,桃園市第03選區,779,1521,2300,9,2309,3871,2309,0,1562,59.65
68000020082,桃園市,中壢區,龍慈里,桃園市第03選區,815,1864,2679,13,2692,4727,2692,0,2035,56.95
68000020002,桃園市,中壢區,龍昌里,桃園市第03選區,958,2290,3248,23,3271,5864,3271,0,2593,55.78
68000020039,桃園市,中壢區,龍東里,桃園市第03選區,567,2114,2681,11,2692,4708,2692,0,2016,57.18
68000020011,桃園市,中壢區,龍興里,桃園市第03選區,828,1436,2264,18,2282,4037,2282,0,1755,56.53
68000080026,桃園市,八德區,大仁里,桃園市第06選區,996,1175,2171,12,2183,3886,2183,0,1703,56.18
68000080024,桃園市,八德區,大信里,桃園市第06選區,593,1037,1630,16,1646,3115,1646,0,1469,52.84
68000080023,桃園市,八德區,大勇里,桃園市第06選區,1031,1231,2262,8,2270,4020,2270,0,1750,56.47
68000080036,桃園市,八德區,大千里,桃園市第06選區,409,773,1182,8,1190,2094,1190,0,904,56.83
68000080018,桃園市,八德區,大同里,桃園市第06選區,359,364,723,4,727,1420,727,0,693,51.2
68000080017,桃園市,八德區,大和里,桃園市第06選區,1370,2636,4006,18,4024,7398,4024,0,3374,54.39
68000080015,桃園市,八德區,大安里,桃園市第06選區,823,879,1702,17,1719,3306,1719,0,1587,52
68000080042,桃園市,八德區,大宏里,桃園市第06選區,1105,1666,2771,15,2786,4789,2786,0,2003,58.17
68000080031,桃園市,八德區,大強里,桃園市第06選區,827,962,1789,12,1801,3023,1801,0,1222,59.58
68000080021,桃園市,八德區,大忠里,桃園市第06選區,338,554,892,8,900,1613,900,0,713,55.8
68000080041,桃園市,八德區,大愛里,桃園市第06選區,494,850,1344,13,1357,2347,1357,0,990,57.82
68000080035,桃園市,八德區,大慶里,桃園市第06選區,307,391,698,9,707,1307,707,0,600,54.09
68000080019,桃園市,八德區,大成里,桃園市第06選區,816,963,1779,6,1785,2998,1786,1,1212,59.54
68000080029,桃園市,八德區,大昌里,桃園市第06選區,606,865,1471,17,1488,2611,1488,0,1123,56.99
68000080033,桃園市,八德區,大明里,桃園市第06選區,818,973,1791,12,1803,3431,1803,0,1628,52.55
68000080027,桃園市,八德區,大智里,桃園市第06選區,762,1596,2358,14,2372,4118,2372,0,1746,57.6
68000080037,桃園市,八德區,大榮里,桃園市第06選區,391,578,969,7,976,1757,976,0,781,55.55
68000080030,桃園市,八德區,大正里,桃園市第06選區,993,1339,2332,11,2343,4280,2343,0,1937,54.74
68000080014,桃園市,八德區,大湳里,桃園市第06選區,892,1044,1936,8,1944,3805,1944,0,1861,51.09
68000080043,桃園市,八德區,大漢里,桃園市第06選區,751,1323,2074,15,2089,3759,2089,0,1670,55.57
68000080032,桃園市,八德區,大發里,桃園市第06選區,507,611,1118,5,1123,2011,1123,0,888,55.84
68000080022,桃園市,八德區,大福里,桃園市第06選區,1166,1731,2897,13,2910,4949,2910,0,2039,58.8
68000080034,桃園市,八德區,大竹里,桃園市第06選區,368,400,768,9,777,1421,777,0,644,54.68
68000080020,桃園市,八德區,大義里,桃園市第06選區,727,1211,1938,9,1947,3548,1947,0,1601,54.88
68000080016,桃園市,八德區,大興里,桃園市第06選區,1000,1262,2262,12,2274,4100,2274,0,1826,55.46
68000080025,桃園市,八德區,大華里,桃園市第06選區,525,819,1344,11,1355,2318,1355,0,963,58.46
68000080048,桃園市,八德區,大順里,桃園市第06選區,503,700,1203,11,1214,2161,1214,0,947,56.18
68000080044,桃園市,八德區,廣德里,桃園市第06選區,590,835,1425,6,1431,2485,1431,0,1054,57.59
68000080007,桃園市,八德區,廣興里,桃園市第06選區,731,944,1675,14,1689,2988,1689,0,1299,56.53
68000080008,桃園市,八德區,廣隆里,桃園市第06選區,1004,1518,2522,17,2539,4384,2539,0,1845,57.92
68000080047,桃園市,八德區,永豐里,桃園市第06選區,701,868,1569,15,1584,2907,1584,0,1323,54.49
68000080005,桃園市,八德區,瑞德里,桃園市第06選區,567,1135,1702,11,1713,3105,1713,0,1392,55.17
68000080028,桃園市,八德區,瑞泰里,桃園市第06選區,894,1155,2049,7,2056,3806,2056,0,1750,54.02
68000080004,桃園市,八德區,瑞發里,桃園市第06選區,607,1041,1648,13,1661,2873,1661,0,1212,57.81
68000080006,桃園市,八德區,瑞祥里,桃園市第06選區,470,1078,1548,7,1555,2816,1555,0,1261,55.22
68000080040,桃園市,八德區,瑞興里,桃園市第06選區,777,925,1702,9,1711,2967,1711,0,1256,57.67
68000080003,桃園市,八德區,瑞豐里,桃園市第06選區,1047,1803,2850,18,2868,5679,2868,0,2811,50.5
68000080013,桃園市,八德區,白鷺里,桃園市第06選區,701,857,1558,8,1566,2797,1566,0,1231,55.99
68000080049,桃園市,八德區,福元里,桃園市第06選區,851,1269,2120,21,2141,4043,2141,0,1902,52.96
68000080050,桃園市,八德區,福德里,桃園市第06選區,582,868,1450,7,1457,2834,1457,0,1377,51.41
68000080002,桃園市,八德區,福興里,桃園市第06選區,932,1392,2324,14,2338,4773,2338,0,2435,48.98
68000080009,桃園市,八德區,竹園里,桃園市第06選區,714,1021,1735,11,1746,3372,1746,0,1626,51.78
68000080051,桃園市,八德區,興中里,桃園市第06選區,877,1344,2221,21,2242,4633,2242,0,2391,48.39
68000080001,桃園市,八德區,興仁里,桃園市第06選區,820,1174,1994,8,2002,4871,2002,0,2869,41.1
68000080038,桃園市,八德區,茄明里,桃園市第06選區,1014,1464,2478,20,2498,4862,2498,0,2364,51.38
68000080011,桃園市,八德區,茄苳里,桃園市第06選區,566,662,1228,10,1238,2368,1238,0,1130,52.28
68000080046,桃園市,八德區,陸光里,桃園市第06選區,444,1830,2274,19,2293,4169,2293,0,1876,55
68000080010,桃園市,八德區,霄裡里,桃園市第06選區,496,634,1130,9,1139,2086,1139,0,947,54.6
68000080039,桃園市,八德區,高城里,桃園市第06選區,641,1055,1696,3,1699,3019,1699,0,1320,56.28
68000080012,桃園市,八德區,高明里,桃園市第06選區,813,1059,1872,16,1888,3543,1888,0,1655,53.29
68000080045,桃園市,八德區,龍友里,桃園市第06選區,236,924,1160,14,1174,1994,1174,0,820,58.88
68000060010,桃園市,大園區,三石里,桃園市第02選區,808,780,1588,14,1602,2641,1602,0,1039,60.66
68000060006,桃園市,大園區,五權里,桃園市第02選區,1539,1322,2861,22,2883,5196,2883,0,2313,55.48
68000060017,桃園市,大園區,內海里,桃園市第02選區,544,608,1152,4,1156,2141,1156,0,985,53.99
68000060018,桃園市,大園區,北港里,桃園市第02選區,699,712,1411,7,1418,2889,1418,0,1471,49.08
68000060019,桃園市,大園區,南港里,桃園市第02選區,1567,2153,3720,29,3749,7872,3749,0,4123,47.62
68000060004,桃園市,大園區,和平里,桃園市第02選區,480,394,874,5,879,1551,879,0,672,56.67
68000060016,桃園市,大園區,圳頭里,桃園市第02選區,527,550,1077,2,1079,1908,1079,0,829,56.55
68000060007,桃園市,大園區,埔心里,桃園市第02選區,1126,1226,2352,12,2364,4267,2364,0,1903,55.4
68000060001,桃園市,大園區,大園里,桃園市第02選區,1517,1687,3204,24,3228,5889,3228,0,2661,54.81
68000060008,桃園市,大園區,大海里,桃園市第02選區,164,237,401,2,403,625,403,0,222,64.48
68000060015,桃園市,大園區,後厝里,桃園市第02選區,190,260,450,2,452,747,452,0,295,60.51
68000060005,桃園市,大園區,橫峰里,桃園市第02選區,1018,1124,2142,12,2154,3978,2154,0,1824,54.15
68000060014,桃園市,大園區,沙崙里,桃園市第02選區,305,427,732,2,734,1332,734,0,598,55.11
68000060013,桃園市,大園區,海口里,桃園市第02選區,211,326,537,2,539,953,539,0,414,56.56
68000060003,桃園市,大園區,溪海里,桃園市第02選區,1119,1240,2359,9,2368,4738,2368,0,2370,49.98
68000060002,桃園市,大園區,田心里,桃園市第02選區,1749,2018,3767,17,3784,7134,3784,0,3350,53.04
68000060012,桃園市,大園區,竹圍里,桃園市第02選區,243,312,555,2,557,883,557,0,326,63.08
68000060011,桃園市,大園區,菓林里,桃園市第02選區,1562,1804,3366,21,3387,6306,3387,0,2919,53.71
68000060021,桃園市,大園區,青山里,桃園市第02選區,1101,1171,2272,11,2283,4019,2283,0,1736,56.81
68000060020,桃園市,大園區,青峰里,桃園市第02選區,1070,1398,2468,6,2474,4604,2475,1,2129,53.74
68000030004,桃園市,大溪區,一德里,桃園市第06選區,1367,1164,2531,10,2541,5004,2541,0,2463,50.78
68000030003,桃園市,大溪區,一心里,桃園市第06選區,1149,1107,2256,5,2261,4522,2261,0,2261,50
68000030024,桃園市,大溪區,三元里,桃園市第06選區,386,1073,1459,4,1463,2666,1463,0,1203,54.88
68000030014,桃園市,大溪區,中新里,桃園市第06選區,424,335,759,6,765,1456,765,0,691,52.54
68000030027,桃園市,大溪區,仁和里,桃園市第06選區,1050,1463,2513,12,2525,4572,2525,0,2047,55.23
68000030017,桃園市,大溪區,仁善里,桃園市第06選區,1035,1460,2495,15,2510,4690,2510,0,2180,53.52
68000030018,桃園市,大溪區,仁愛里,桃園市第06選區,1075,1457,2532,16,2548,4562,2548,0,2014,55.85
68000030026,桃園市,大溪區,仁文里,桃園市第06選區,775,1125,1900,12,1912,3566,1912,0,1654,53.62
68000030019,桃園市,大溪區,仁武里,桃園市第06選區,600,917,1517,10,1527,2906,1527,0,1379,52.55
68000030028,桃園市,大溪區,仁美里,桃園市第06選區,703,1085,1788,8,1796,3104,1796,0,1308,57.86
68000030015,桃園市,大溪區,仁義里,桃園市第06選區,327,928,1255,14,1269,2433,1269,0,1164,52.16
68000030016,桃園市,大溪區,僑愛里,桃園市第06選區,237,1122,1359,5,1364,2360,1364,0,996,57.8
68000030023,桃園市,大溪區,光明里,桃園市第06選區,377,748,1125,7,1132,2228,1132,0,1096,50.81
68000030021,桃園市,大溪區,南興里,桃園市第06選區,1120,1196,2316,16,2332,4612,2332,0,2280,50.56
68000030020,桃園市,大溪區,員林里,桃園市第06選區,338,517,855,5,860,1698,860,0,838,50.65
68000030011,桃園市,大溪區,康安里,桃園市第06選區,414,245,659,3,662,1203,662,0,541,55.03
68000030009,桃園市,大溪區,復興里,桃園市第06選區,205,182,387,0,387,796,387,0,409,48.62
68000030010,桃園市,大溪區,新峰里,桃園市第06選區,174,150,324,0,324,713,324,0,389,45.44
68000030005,桃園市,大溪區,月眉里,桃園市第06選區,365,253,618,4,622,1143,622,0,521,54.42
68000030006,桃園市,大溪區,永福里,桃園市第06選區,308,154,462,3,465,889,466,1,423,52.31
68000030022,桃園市,大溪區,瑞源里,桃園市第06選區,849,1007,1856,11,1867,3430,1867,0,1563,54.43
68000030013,桃園市,大溪區,瑞興里,桃園市第06選區,638,421,1059,7,1066,2045,1066,0,979,52.13
68000030025,桃園市,大溪區,田心里,桃園市第06選區,1192,999,2191,13,2204,4059,2204,0,1855,54.3
68000030002,桃園市,大溪區,福仁里,桃園市第06選區,324,194,518,2,520,909,520,0,389,57.21
68000030008,桃園市,大溪區,福安里,桃園市第06選區,689,443,1132,5,1137,2064,1137,0,927,55.09
68000030007,桃園市,大溪區,美華里,桃園市第06選區,857,694,1551,10,1561,2852,1561,0,1291,54.73
68000030012,桃園市,大溪區,義和里,桃園市第06選區,510,346,856,3,859,1613,859,0,754,53.25
68000030001,桃園市,大溪區,興和里,桃園市第06選區,429,345,774,1,775,1285,775,0,510,60.31
68000100022,桃園市,平鎮區,中正里,桃園市第05選區,216,742,958,8,966,1577,966,0,611,61.26
68000100009,桃園市,平鎮區,北勢里,桃園市第05選區,649,783,1432,4,1436,2370,1436,0,934,60.59
68000100040,桃園市,平鎮區,北安里,桃園市第05選區,421,477,898,2,900,1626,900,0,726,55.35
68000100036,桃園市,平鎮區,北富里,桃園市第05選區,950,1077,2027,12,2039,3568,2039,0,1529,57.15
68000100010,桃園市,平鎮區,北興里,桃園市第05選區,888,1216,2104,23,2127,3577,2127,0,1450,59.46
68000100041,桃園市,平鎮區,北華里,桃園市第05選區,854,1315,2169,9,2178,3662,2178,0,1484,59.48
68000100011,桃園市,平鎮區,北貴里,桃園市第05選區,942,1296,2238,9,2247,3853,2247,0,1606,58.32
68000100013,桃園市,平鎮區,南勢里,桃園市第05選區,1295,1823,3118,22,3140,5577,3140,0,2437,56.3
68000100006,桃園市,平鎮區,宋屋里,桃園市第05選區,912,1382,2294,5,2299,4073,2299,0,1774,56.44
68000100015,桃園市,平鎮區,山峰里,桃園市第05選區,387,785,1172,5,1177,2039,1177,0,862,57.72
68000100046,桃園市,平鎮區,平南里,桃園市第05選區,1423,2357,3780,9,3789,6616,3789,0,2827,57.27
68000100045,桃園市,平鎮區,平安里,桃園市第05選區,1220,1858,3078,18,3096,5465,3096,0,2369,56.65
68000100043,桃園市,平鎮區,平興里,桃園市第05選區,1196,1809,3005,18,3023,5354,3023,0,2331,56.46
68000100012,桃園市,平鎮區,平鎮里,桃園市第05選區,1018,1343,2361,12,2373,4282,2373,0,1909,55.42
68000100034,桃園市,平鎮區,廣仁里,桃園市第05選區,856,1266,2122,13,2135,3963,2135,0,1828,53.87
68000100004,桃園市,平鎮區,廣興里,桃園市第05選區,1297,1698,2995,20,3015,5334,3015,0,2319,56.52
68000100031,桃園市,平鎮區,廣達里,桃園市第05選區,1061,1240,2301,12,2313,3878,2313,0,1565,59.64
68000100023,桃園市,平鎮區,建安里,桃園市第05選區,958,1379,2337,12,2349,4133,2349,0,1784,56.84
68000100003,桃園市,平鎮區,復旦里,桃園市第05選區,1133,1755,2888,5,2893,5272,2893,0,2379,54.87
68000100042,桃園市,平鎮區,復興里,桃園市第05選區,1180,1576,2756,8,2764,4655,2764,0,1891,59.38
68000100021,桃園市,平鎮區,忠貞里,桃園市第05選區,219,656,875,1,876,1462,876,0,586,59.92
68000100007,桃園市,平鎮區,新勢里,桃園市第05選區,868,1195,2063,13,2076,3520,2076,0,1444,58.98
68000100026,桃園市,平鎮區,新安里,桃園市第05選區,767,1443,2210,15,2225,3938,2225,0,1713,56.5
68000100008,桃園市,平鎮區,新富里,桃園市第05選區,1321,1881,3202,13,3215,6781,3215,0,3566,47.41
68000100037,桃園市,平鎮區,新榮里,桃園市第05選區,1273,1681,2954,9,2963,4981,2963,0,2018,59.49
68000100044,桃園市,平鎮區,新英里,桃園市第05選區,793,1319,2112,5,2117,3796,2117,0,1679,55.77
68000100035,桃園市,平鎮區,新貴里,桃園市第05選區,734,980,1714,13,1727,2898,1727,0,1171,59.59
68000100024,桃園市,平鎮區,東勢里,桃園市第05選區,1265,1438,2703,15,2718,5098,2718,0,2380,53.32
68000100025,桃園市,平鎮區,東安里,桃園市第05選區,423,995,1418,12,1430,2551,1430,0,1121,56.06
68000100018,桃園市,平鎮區,東社里,桃園市第05選區,506,1107,1613,7,1620,2985,1620,0,1365,54.27
68000100016,桃園市,平鎮區,湧光里,桃園市第05選區,1054,1614,2668,16,2684,4688,2684,0,2004,57.25
68000100030,桃園市,平鎮區,湧安里,桃園市第05選區,848,1526,2374,20,2394,4282,2394,0,1888,55.91
68000100029,桃園市,平鎮區,湧豐里,桃園市第05選區,394,613,1007,8,1015,1794,1015,0,779,56.58
68000100032,桃園市,平鎮區,福林里,桃園市第05選區,815,1103,1918,10,1928,3257,1928,0,1329,59.2
68000100005,桃園市,平鎮區,義民里,桃園市第05選區,1082,1671,2753,13,2766,5050,2766,0,2284,54.77
68000100028,桃園市,平鎮區,義興里,桃園市第05選區,1577,2183,3760,21,3781,6540,3781,0,2759,57.81
68000100014,桃園市,平鎮區,莊敬里,桃園市第05選區,878,1734,2612,17,2629,4589,2629,0,1960,57.29
68000100038,桃園市,平鎮區,華安里,桃園市第05選區,602,1436,2038,19,2057,3678,2057,0,1621,55.93
68000100020,桃園市,平鎮區,貿易里,桃園市第05選區,348,823,1171,7,1178,1892,1178,0,714,62.26
68000100033,桃園市,平鎮區,金星里,桃園市第05選區,1307,2267,3574,16,3590,6759,3590,0,3169,53.11
68000100039,桃園市,平鎮區,金陵里,桃園市第05選區,647,966,1613,12,1625,2723,1625,0,1098,59.68
68000100027,桃園市,平鎮區,鎮興里,桃園市第05選區,685,923,1608,13,1621,2915,1621,0,1294,55.61
68000100001,桃園市,平鎮區,雙連里,桃園市第05選區,927,1414,2341,21,2362,4379,2362,0,2017,53.94
68000100002,桃園市,平鎮區,高雙里,桃園市第05選區,1102,1369,2471,13,2484,4294,2484,0,1810,57.85
68000100017,桃園市,平鎮區,龍恩里,桃園市第05選區,454,1093,1547,9,1556,2723,1556,0,1167,57.14
68000100019,桃園市,平鎮區,龍興里,桃園市第05選區,307,996,1303,9,1312,2251,1312,0,939,58.29
68000130006,桃園市,復興區,三光里,桃園市第06選區,1,11,12,1,13,57,13,0,44,22.81
68000130001,桃園市,復興區,三民里,桃園市第06選區,298,372,670,4,674,1405,674,0,731,47.97
68000130007,桃園市,復興區,奎輝里,桃園市第06選區,5,15,20,0,20,54,20,0,34,37.04
68000130002,桃園市,復興區,澤仁里,桃園市第06選區,124,169,293,2,295,611,295,0,316,48.28
68000130009,桃園市,復興區,羅浮里,桃園市第06選區,53,108,161,2,163,360,163,0,197,45.28
68000130003,桃園市,復興區,義盛里,桃園市第06選區,5,15,20,0,20,64,20,0,44,31.25
68000130008,桃園市,復興區,華陵里,桃園市第06選區,43,78,121,1,122,402,122,0,280,30.35
68000130005,桃園市,復興區,長興里,桃園市第06選區,13,29,42,0,42,119,42,0,77,35.29
68000130004,桃園市,復興區,霞雲里,桃園市第06選區,11,33,44,0,44,95,44,0,51,46.32
68000130010,桃園市,復興區,高義里,桃園市第06選區,9,3,12,1,13,67,13,0,54,19.4
68000110011,桃園市,新屋區,下埔里,桃園市第02選區,183,199,382,0,382,668,382,0,286,57.19
68000110012,桃園市,新屋區,下田里,桃園市第02選區,373,493,866,6,872,1646,872,0,774,52.98
68000110007,桃園市,新屋區,九斗里,桃園市第02選區,551,647,1198,8,1206,2197,1206,0,991,54.89
68000110006,桃園市,新屋區,埔頂里,桃園市第02選區,577,830,1407,6,1413,2429,1413,0,1016,58.17
68000110022,桃園市,新屋區,大坡里,桃園市第02選區,301,350,651,3,654,1294,654,0,640,50.54
68000110021,桃園市,新屋區,後庄里,桃園市第02選區,228,354,582,2,584,1000,584,0,416,58.4
68000110003,桃園市,新屋區,後湖里,桃園市第02選區,318,479,797,6,803,1451,803,0,648,55.34
68000110001,桃園市,新屋區,新屋里,桃園市第02選區,623,892,1515,7,1522,2804,1522,0,1282,54.28
68000110002,桃園市,新屋區,新生里,桃園市第02選區,920,1362,2282,7,2289,3949,2289,0,1660,57.96
68000110023,桃園市,新屋區,望間里,桃園市第02選區,364,386,750,3,753,1360,753,0,607,55.37
68000110009,桃園市,新屋區,東明里,桃園市第02選區,356,480,836,5,841,1431,841,0,590,58.77
68000110020,桃園市,新屋區,槺榔里,桃園市第02選區,257,254,511,3,514,999,514,0,485,51.45
68000110016,桃園市,新屋區,永安里,桃園市第02選區,558,659,1217,9,1226,2081,1226,0,855,58.91
68000110015,桃園市,新屋區,永興里,桃園市第02選區,257,266,523,7,530,1008,530,0,478,52.58
68000110018,桃園市,新屋區,深圳里,桃園市第02選區,141,200,341,4,345,596,345,0,251,57.89
68000110004,桃園市,新屋區,清華里,桃園市第02選區,911,1388,2299,13,2312,4034,2312,0,1722,57.31
68000110013,桃園市,新屋區,石牌里,桃園市第02選區,202,273,475,3,478,840,478,0,362,56.9
68000110010,桃園市,新屋區,石磊里,桃園市第02選區,552,661,1213,5,1218,2296,1218,0,1078,53.05
68000110008,桃園市,新屋區,社子里,桃園市第02選區,343,424,767,3,770,1323,770,0,553,58.2
68000110017,桃園市,新屋區,笨港里,桃園市第02選區,215,303,518,6,524,966,524,0,442,54.24
68000110019,桃園市,新屋區,蚵間里,桃園市第02選區,230,221,451,4,455,866,455,0,411,52.54
68000110014,桃園市,新屋區,赤欄里,桃園市第02選區,295,392,687,5,692,1302,692,0,610,53.15
68000110005,桃園市,新屋區,頭洲里,桃園市第02選區,1175,1533,2708,11,2719,4761,2719,0,2042,57.11
68000010076,桃園市,桃園區,三元里,桃園市第01選區,938,1265,2203,11,2214,3921,2214,0,1707,56.47
68000010045,桃園市,桃園區,三民里,桃園市第01選區,857,1469,2326,6,2332,3922,2332,0,1590,59.46
68000010062,桃園市,桃園區,中信里,桃園市第04選區,1272,1717,2989,14,3003,5560,3003,0,2557,54.01
68000010065,桃園市,桃園區,中原里,桃園市第04選區,971,1561,2532,13,2545,4359,2545,0,1814,58.38
68000010020,桃園市,桃園區,中和里,桃園市第04選區,361,316,677,5,682,1236,682,0,554,55.18
68000010017,桃園市,桃園區,中埔里,桃園市第04選區,845,960,1805,8,1813,3392,1813,0,1579,53.45
68000010049,桃園市,桃園區,中寧里,桃園市第04選區,1344,2003,3347,9,3356,6229,3356,0,2873,53.88
68000010023,桃園市,桃園區,中山里,桃園市第04選區,1498,2090,3588,21,3609,6378,3609,0,2769,56.59
68000010064,桃園市,桃園區,中平里,桃園市第04選區,1020,1538,2558,16,2574,4481,2574,0,1907,57.44
68000010055,桃園市,桃園區,中德里,桃園市第04選區,1438,2023,3461,24,3485,6233,3485,0,2748,55.91
68000010029,桃園市,桃園區,中成里,桃園市第04選區,1890,2438,4328,22,4350,7766,4350,0,3416,56.01
68000010030,桃園市,桃園區,中正里,桃園市第04選區,1795,2395,4190,22,4212,7343,4212,0,3131,57.36
68000010066,桃園市,桃園區,中泰里,桃園市第04選區,927,1434,2361,12,2373,4006,2373,0,1633,59.24
68000010070,桃園市,桃園區,中聖里,桃園市第04選區,1093,1932,3025,11,3036,5265,3036,0,2229,57.66
68000010040,桃園市,桃園區,中興里,桃園市第04選區,1528,1765,3293,9,3302,5645,3302,0,2343,58.49
68000010054,桃園市,桃園區,中路里,桃園市第04選區,906,1245,2151,8,2159,3788,2159,0,1629,57
68000010048,桃園市,桃園區,信光里,桃園市第04選區,1683,2089,3772,24,3796,6866,3796,0,3070,55.29
68000010034,桃園市,桃園區,光興里,桃園市第04選區,1228,1250,2478,13,2491,4269,2491,0,1778,58.35
68000010069,桃園市,桃園區,北埔里,桃園市第04選區,1034,1568,2602,4,2606,4727,2606,0,2121,55.13
68000010031,桃園市,桃園區,北門里,桃園市第04選區,453,455,908,2,910,1624,910,0,714,56.03
68000010067,桃園市,桃園區,南埔里,桃園市第04選區,1457,1769,3226,22,3248,5892,3248,0,2644,55.13
68000010027,桃園市,桃園區,南華里,桃園市第04選區,350,317,667,1,668,1275,668,0,607,52.39
68000010026,桃園市,桃園區,南門里,桃園市第04選區,1383,1780,3163,13,3176,5665,3176,0,2489,56.06
68000010050,桃園市,桃園區,同安里,桃園市第04選區,2440,3040,5480,25,5505,9945,5505,0,4440,55.35
68000010072,桃園市,桃園區,同德里,桃園市第04選區,1340,2009,3349,24,3373,6020,3373,0,2647,56.03
68000010057,桃園市,桃園區,大有里,桃園市第01選區,1395,2261,3656,16,3672,6613,3673,1,2940,55.53
68000010004,桃園市,桃園區,大林里,桃園市第04選區,1592,1964,3556,7,3563,6685,3563,0,3122,53.3
68000010078,桃園市,桃園區,大業里,桃園市第01選區,1158,1551,2709,14,2723,4941,2723,0,2218,55.11
68000010077,桃園市,桃園區,大樹里,桃園市第04選區,847,1181,2028,14,2042,3724,2042,0,1682,54.83
68000010046,桃園市,桃園區,大興里,桃園市第01選區,1337,1438,2775,12,2787,5233,2787,0,2446,53.26
68000010043,桃園市,桃園區,大豐里,桃園市第04選區,1203,1450,2653,13,2666,4669,2666,0,2003,57.1
68000010074,桃園市,桃園區,寶安里,桃園市第04選區,1671,2623,4294,24,4318,7865,4318,0,3547,54.9
68000010058,桃園市,桃園區,寶山里,桃園市第01選區,999,1371,2370,14,2384,4132,2384,0,1748,57.7
68000010068,桃園市,桃園區,寶慶里,桃園市第04選區,1371,2044,3415,10,3425,6096,3425,0,2671,56.18
68000010082,桃園市,桃園區,寶民里,桃園市第01選區,844,1252,2096,6,2102,4104,2102,0,2002,51.22
68000010042,桃園市,桃園區,建國里,桃園市第04選區,1200,1512,2712,15,2727,4793,2727,0,2066,56.9
68000010005,桃園市,桃園區,忠義里,桃園市第01選區,714,1104,1818,12,1830,3411,1830,0,1581,53.65
68000010024,桃園市,桃園區,慈文里,桃園市第04選區,1480,1864,3344,17,3361,6207,3361,0,2846,54.15
68000010037,桃園市,桃園區,成功里,桃園市第04選區,940,1213,2153,9,2162,3677,2162,0,1515,58.8
68000010052,桃園市,桃園區,文中里,桃園市第04選區,1562,2060,3622,14,3636,6399,3636,0,2763,56.82
68000010001,桃園市,桃園區,文化里,桃園市第04選區,285,347,632,3,635,1080,635,0,445,58.8
68000010021,桃園市,桃園區,文昌里,桃園市第04選區,222,240,462,3,465,834,465,0,369,55.76
68000010002,桃園市,桃園區,文明里,桃園市第04選區,382,462,844,3,847,1450,847,0,603,58.41
68000010022,桃園市,桃園區,新埔里,桃園市第04選區,1098,1610,2708,21,2729,4645,2729,0,1916,58.75
68000010073,桃園市,桃園區,明德里,桃園市第04選區,681,1040,1721,9,1730,3083,1730,0,1353,56.11
68000010047,桃園市,桃園區,春日里,桃園市第01選區,1431,1781,3212,10,3222,5849,3222,0,2627,55.09
68000010006,桃園市,桃園區,會稽里,桃園市第01選區,786,1283,2069,14,2083,3722,2083,0,1639,55.96
68000010039,桃園市,桃園區,朝陽里,桃園市第04選區,517,549,1066,4,1070,1892,1070,0,822,56.55
68000010012,桃園市,桃園區,東埔里,桃園市第04選區,1194,1327,2521,15,2536,4602,2536,0,2066,55.11
68000010014,桃園市,桃園區,東山里,桃園市第04選區,501,616,1117,5,1122,2037,1122,0,915,55.08
68000010013,桃園市,桃園區,東門里,桃園市第04選區,724,925,1649,15,1664,2931,1664,0,1267,56.77
68000010081,桃園市,桃園區,檜樂里,桃園市第01選區,1282,1954,3236,13,3249,5889,3249,0,2640,55.17
68000010003,桃園市,桃園區,武陵里,桃園市第04選區,350,411,761,6,767,1736,767,0,969,44.18
68000010008,桃園市,桃園區,民生里,桃園市第04選區,391,514,905,4,909,1717,910,1,807,52.94
68000010011,桃園市,桃園區,永安里,桃園市第04選區,1249,1232,2481,16,2497,4306,2497,0,1809,57.99
68000010009,桃園市,桃園區,永興里,桃園市第04選區,481,432,913,7,920,1798,920,0,878,51.17
68000010010,桃園市,桃園區,汴洲里,桃園市第01選區,1898,2113,4011,16,4027,7434,4027,0,3407,54.17
68000010053,桃園市,桃園區,泰山里,桃園市第04選區,890,1134,2024,9,2033,3506,2033,0,1473,57.99
68000010028,桃園市,桃園區,玉山里,桃園市第04選區,1245,1383,2628,8,2636,4617,2636,0,1981,57.09
68000010075,桃園市,桃園區,瑞慶里,桃園市第04選區,1201,1879,3080,7,3087,5756,3087,0,2669,53.63
68000010079,桃園市,桃園區,福元里,桃園市第01選區,1106,1658,2764,16,2780,4943,2780,0,2163,56.24
68000010044,桃園市,桃園區,福安里,桃園市第04選區,990,1199,2189,9,2198,3927,2198,0,1729,55.97
68000010033,桃園市,桃園區,福林里,桃園市第04選區,1492,1822,3314,14,3328,5687,3328,0,2359,58.52
68000010080,桃園市,桃園區,經國里,桃園市第04選區,1140,1744,2884,12,2896,5153,2896,0,2257,56.2
68000010061,桃園市,桃園區,自強里,桃園市第04選區,1738,2625,4363,17,4380,7401,4380,0,3021,59.18
68000010051,桃園市,桃園區,莊敬里,桃園市第04選區,1885,2944,4829,18,4847,8711,4847,0,3864,55.64
68000010015,桃園市,桃園區,萬壽里,桃園市第01選區,229,223,452,2,454,837,454,0,383,54.24
68000010018,桃園市,桃園區,西埔里,桃園市第04選區,847,835,1682,15,1697,2943,1697,0,1246,57.66
68000010025,桃園市,桃園區,西湖里,桃園市第04選區,361,440,801,5,806,1353,806,0,547,59.57
68000010019,桃園市,桃園區,西門里,桃園市第04選區,428,472,900,7,907,1750,907,0,843,51.83
68000010041,桃園市,桃園區,豐林里,桃園市第04選區,1465,1914,3379,18,3397,5774,3397,0,2377,58.83
68000010016,桃園市,桃園區,長安里,桃園市第04選區,862,1019,1881,13,1894,3292,1894,0,1398,57.53
68000010063,桃園市,桃園區,長德里,桃園市第04選區,1257,1478,2735,11,2746,4737,2746,0,1991,57.97
68000010007,桃園市,桃園區,長美里,桃園市第04選區,316,239,555,4,559,988,559,0,429,56.58
68000010032,桃園市,桃園區,雲林里,桃園市第04選區,1411,1923,3334,13,3347,5658,3347,0,2311,59.16
68000010038,桃園市,桃園區,青溪里,桃園市第01選區,1982,2204,4186,18,4204,7648,4204,0,3444,54.97
68000010071,桃園市,桃園區,龍壽里,桃園市第04選區,1425,2165,3590,13,3603,6491,3603,0,2888,55.51
68000010060,桃園市,桃園區,龍安里,桃園市第04選區,1161,1850,3011,13,3024,5435,3024,0,2411,55.64
68000010035,桃園市,桃園區,龍山里,桃園市第04選區,647,1021,1668,12,1680,3243,1680,0,1563,51.8
68000010036,桃園市,桃園區,龍岡里,桃園市第04選區,1166,1951,3117,14,3131,5529,3131,0,2398,56.63
68000010056,桃園市,桃園區,龍祥里,桃園市第04選區,911,1675,2586,14,2600,4787,2600,0,2187,54.31
68000010059,桃園市,桃園區,龍鳳里,桃園市第04選區,1591,2522,4113,23,4136,9760,4136,0,5624,42.38
68000040040,桃園市,楊梅區,三民里,桃園市第02選區,601,1219,1820,13,1833,3330,1833,0,1497,55.05
68000040024,桃園市,楊梅區,三湖里,桃園市第02選區,593,1027,1620,7,1627,2929,1627,0,1302,55.55
68000040025,桃園市,楊梅區,上湖里,桃園市第02選區,1078,2017,3095,18,3113,6076,3113,0,2963,51.23
68000040008,桃園市,楊梅區,上田里,桃園市第02選區,602,979,1581,14,1595,2934,1595,0,1339,54.36
68000040026,桃園市,楊梅區,中山里,桃園市第02選區,643,1176,1819,3,1822,3098,1822,0,1276,58.81
68000040018,桃園市,楊梅區,仁美里,桃園市第02選區,778,1462,2240,11,2251,3729,2251,0,1478,60.36
68000040019,桃園市,楊梅區,光華里,桃園市第02選區,526,1147,1673,8,1681,2906,1681,0,1225,57.85
68000040022,桃園市,楊梅區,員本里,桃園市第02選區,642,1045,1687,13,1700,2938,1700,0,1238,57.86
68000040014,桃園市,楊梅區,四維里,桃園市第02選區,876,1806,2682,10,2692,4706,2692,0,2014,57.2
68000040011,桃園市,楊梅區,埔心里,桃園市第02選區,357,424,781,6,787,1235,787,0,448,63.72
68000040010,桃園市,楊梅區,大同里,桃園市第02選區,639,1447,2086,7,2093,3411,2093,0,1318,61.36
68000040005,桃園市,楊梅區,大平里,桃園市第02選區,542,1122,1664,9,1673,2857,1673,0,1184,58.56
68000040020,桃園市,楊梅區,富岡里,桃園市第02選區,327,691,1018,5,1023,1749,1023,0,726,58.49
68000040038,桃園市,楊梅區,富豐里,桃園市第02選區,579,1051,1630,6,1636,3054,1636,0,1418,53.57
68000040032,桃園市,楊梅區,新榮里,桃園市第02選區,790,1103,1893,7,1900,3288,1900,0,1388,57.79
68000040006,桃園市,楊梅區,東流里,桃園市第02選區,635,919,1554,14,1568,2867,1568,0,1299,54.69
68000040009,桃園市,楊梅區,梅新里,桃園市第02選區,388,698,1086,4,1090,1849,1090,0,759,58.95
68000040015,桃園市,楊梅區,梅溪里,桃園市第02選區,738,1419,2157,8,2165,4046,2165,0,1881,53.51
68000040027,桃園市,楊梅區,楊明里,桃園市第02選區,1535,3016,4551,20,4571,8301,4571,0,3730,55.07
68000040001,桃園市,楊梅區,楊梅里,桃園市第02選區,777,1475,2252,10,2262,3804,2262,0,1542,59.46
68000040002,桃園市,楊梅區,楊江里,桃園市第02選區,197,436,633,3,636,1033,636,0,397,61.57
68000040007,桃園市,楊梅區,水美里,桃園市第02選區,808,1513,2321,15,2336,3977,2336,0,1641,58.74
68000040004,桃園市,楊梅區,永寧里,桃園市第02選區,1432,2513,3945,14,3959,7949,3960,1,3989,49.81
68000040035,桃園市,楊梅區,永平里,桃園市第02選區,395,764,1159,9,1168,2155,1168,0,987,54.2
68000040023,桃園市,楊梅區,瑞原里,桃園市第02選區,634,1283,1917,15,1932,3508,1932,0,1576,55.07
68000040034,桃園市,楊梅區,瑞坪里,桃園市第02選區,1100,2208,3308,27,3335,6198,3335,0,2863,53.81
68000040013,桃園市,楊梅區,瑞塘里,桃園市第02選區,1201,1924,3125,14,3139,5637,3139,0,2498,55.69
68000040036,桃園市,楊梅區,瑞溪里,桃園市第02選區,674,1204,1878,11,1889,3558,1889,0,1669,53.09
68000040030,桃園市,楊梅區,秀才里,桃園市第02選區,707,1169,1876,8,1884,3181,1884,0,1297,59.23
68000040003,桃園市,楊梅區,紅梅里,桃園市第02選區,551,981,1532,3,1535,2545,1535,0,1010,60.31
68000040029,桃園市,楊梅區,裕成里,桃園市第02選區,623,1309,1932,9,1941,3085,1941,0,1144,62.92
68000040039,桃園市,楊梅區,裕新里,桃園市第02選區,452,864,1316,6,1322,2501,1322,0,1179,52.86
68000040021,桃園市,楊梅區,豐野里,桃園市第02選區,794,1339,2133,13,2146,3714,2146,0,1568,57.78
68000040028,桃園市,楊梅區,金溪里,桃園市第02選區,830,1519,2349,8,2357,4209,2357,0,1852,56
68000040012,桃園市,楊梅區,金龍里,桃園市第02選區,287,751,1038,4,1042,1850,1042,0,808,56.32
68000040033,桃園市,楊梅區,雙榮里,桃園市第02選區,798,1138,1936,15,1951,3123,1951,0,1172,62.47
68000040031,桃園市,楊梅區,青山里,桃園市第02選區,794,1401,2195,12,2207,4725,2207,0,2518,46.71
68000040041,桃園市,楊梅區,頭湖里,桃園市第02選區,549,1061,1610,10,1620,2983,1620,0,1363,54.31
68000040037,桃園市,楊梅區,高上里,桃園市第02選區,570,960,1530,8,1538,2645,1538,0,1107,58.15
68000040016,桃園市,楊梅區,高山里,桃園市第02選區,617,1330,1947,9,1956,3684,1956,0,1728,53.09
68000040017,桃園市,楊梅區,高榮里,桃園市第02選區,823,1072,1895,13,1908,3347,1908,0,1439,57.01
68000050022,桃園市,蘆竹區,上竹里,桃園市第01選區,887,981,1868,9,1877,3367,1877,0,1490,55.75
68000050037,桃園市,蘆竹區,上興里,桃園市第01選區,921,1150,2071,6,2077,3526,2077,0,1449,58.91
68000050033,桃園市,蘆竹區,中山里,桃園市第01選區,795,1040,1835,7,1842,3371,1842,0,1529,54.64
68000050002,桃園市,蘆竹區,中福里,桃園市第01選區,1231,927,2158,13,2171,3802,2171,0,1631,57.1
68000050036,桃園市,蘆竹區,中興里,桃園市第01選區,1318,1655,2973,10,2983,5287,2983,0,2304,56.42
68000050009,桃園市,蘆竹區,五福里,桃園市第01選區,568,763,1331,9,1340,2258,1340,0,918,59.34
68000050010,桃園市,蘆竹區,內厝里,桃園市第01選區,621,505,1126,5,1131,2410,1131,0,1279,46.93
68000050007,桃園市,蘆竹區,南崁里,桃園市第01選區,988,1067,2055,14,2069,3667,2069,0,1598,56.42
68000050017,桃園市,蘆竹區,南榮里,桃園市第01選區,976,1040,2016,7,2023,3582,2023,0,1559,56.48
68000050018,桃園市,蘆竹區,南興里,桃園市第01選區,1247,1662,2909,17,2926,5241,2926,0,2315,55.83
68000050032,桃園市,蘆竹區,吉祥里,桃園市第01選區,920,1228,2148,12,2160,3756,2160,0,1596,57.51
68000050015,桃園市,蘆竹區,坑口里,桃園市第01選區,592,527,1119,3,1122,1996,1122,0,874,56.21
68000050014,桃園市,蘆竹區,坑子里,桃園市第01選區,534,284,818,6,824,1527,824,0,703,53.96
68000050013,桃園市,蘆竹區,外社里,桃園市第01選區,504,265,769,3,772,1404,772,0,632,54.99
68000050004,桃園市,蘆竹區,大竹里,桃園市第01選區,1413,1706,3119,16,3135,5463,3135,0,2328,57.39
68000050023,桃園市,蘆竹區,宏竹里,桃園市第01選區,877,770,1647,15,1662,2907,1662,0,1245,57.17
68000050021,桃園市,蘆竹區,富竹里,桃園市第01選區,546,348,894,6,900,1521,900,0,621,59.17
68000050012,桃園市,蘆竹區,山腳里,桃園市第01選區,1006,785,1791,8,1799,3299,1799,0,1500,54.53
68000050011,桃園市,蘆竹區,山鼻里,桃園市第01選區,919,1031,1950,12,1962,3703,1962,0,1741,52.98
68000050001,桃園市,蘆竹區,新興里,桃園市第01選區,902,693,1595,5,1600,2813,1600,0,1213,56.88
68000050003,桃園市,蘆竹區,新莊里,桃園市第01選區,1451,1420,2871,14,2885,4982,2885,0,2097,57.91
68000050039,桃園市,蘆竹區,正興里,桃園市第01選區,1053,1182,2235,9,2244,4303,2244,0,2059,52.15
68000050016,桃園市,蘆竹區,海湖里,桃園市第01選區,543,688,1231,10,1241,2518,1241,0,1277,49.29
68000050040,桃園市,蘆竹區,濱海里,桃園市第01選區,506,603,1109,9,1118,2256,1118,0,1138,49.56
68000050025,桃園市,蘆竹區,營盤里,桃園市第01選區,1125,1548,2673,9,2682,4781,2682,0,2099,56.1
68000050038,桃園市,蘆竹區,營福里,桃園市第01選區,732,938,1670,8,1678,3149,1679,1,1470,53.29
68000050024,桃園市,蘆竹區,瓦窯里,桃園市第01選區,717,1111,1828,8,1836,3429,1836,0,1593,53.54
68000050028,桃園市,蘆竹區,福昌里,桃園市第01選區,1157,1612,2769,12,2781,5017,2781,0,2236,55.43
68000050034,桃園市,蘆竹區,福祿里,桃園市第01選區,746,921,1667,5,1672,3063,1672,0,1391,54.59
68000050029,桃園市,蘆竹區,福興里,桃園市第01選區,810,1078,1888,4,1892,3491,1892,0,1599,54.2
68000050026,桃園市,蘆竹區,羊稠里,桃園市第01選區,1156,1341,2497,12,2509,4534,2509,0,2025,55.34
68000050035,桃園市,蘆竹區,興榮里,桃園市第01選區,700,890,1590,11,1601,2719,1601,0,1118,58.88
68000050006,桃園市,蘆竹區,蘆竹里,桃園市第01選區,1205,934,2139,11,2150,3675,2150,0,1525,58.5
68000050030,桃園市,蘆竹區,蘆興里,桃園市第01選區,392,456,848,9,857,1540,857,0,683,55.65
68000050020,桃園市,蘆竹區,錦中里,桃園市第01選區,831,932,1763,13,1776,3147,1776,0,1371,56.43
68000050008,桃園市,蘆竹區,錦興里,桃園市第01選區,1094,1200,2294,23,2317,3857,2317,0,1540,60.07
68000050031,桃園市,蘆竹區,長壽里,桃園市第01選區,1233,1798,3031,21,3052,5340,3052,0,2288,57.15
68000050019,桃園市,蘆竹區,長興里,桃園市第01選區,592,652,1244,4,1248,2497,1248,0,1249,49.98
68000050027,桃園市,蘆竹區,順興里,桃園市第01選區,971,1236,2207,11,2218,4004,2218,0,1786,55.39
68000120007,桃園市,觀音區,三和里,桃園市第02選區,227,218,445,3,448,795,448,0,347,56.35
68000120016,桃園市,觀音區,上大里,桃園市第02選區,624,783,1407,5,1412,2589,1412,0,1177,54.54
68000120006,桃園市,觀音區,保生里,桃園市第02選區,492,564,1056,4,1060,2025,1060,0,965,52.35
68000120020,桃園市,觀音區,保障里,桃園市第02選區,600,467,1067,10,1077,1979,1077,0,902,54.42
68000120009,桃園市,觀音區,坑尾里,桃園市第02選區,408,516,924,5,929,1895,929,0,966,49.02
68000120019,桃園市,觀音區,塔腳里,桃園市第02選區,221,293,514,5,519,949,519,0,430,54.69
68000120012,桃園市,觀音區,大同里,桃園市第02選區,814,746,1560,12,1572,2945,1572,0,1373,53.38
68000120013,桃園市,觀音區,大堀里,桃園市第02選區,398,389,787,5,792,1530,792,0,738,51.76
68000120004,桃園市,觀音區,大潭里,桃園市第02選區,467,639,1106,5,1111,2224,1111,0,1113,49.96
68000120023,桃園市,觀音區,富林里,桃園市第02選區,511,559,1070,7,1077,2120,1077,0,1043,50.8
68000120015,桃園市,觀音區,富源里,桃園市第02選區,908,1293,2201,4,2205,4109,2205,0,1904,53.66
68000120014,桃園市,觀音區,崙坪里,桃園市第02選區,1328,1175,2503,19,2522,4491,2522,0,1969,56.16
68000120018,桃園市,觀音區,廣福里,桃園市第02選區,705,697,1402,8,1410,2615,1410,0,1205,53.92
68000120003,桃園市,觀音區,廣興里,桃園市第02選區,259,417,676,5,681,1269,681,0,588,53.66
68000120017,桃園市,觀音區,新坡里,桃園市第02選區,762,775,1537,3,1540,2954,1540,0,1414,52.13
68000120008,桃園市,觀音區,新興里,桃園市第02選區,178,246,424,1,425,767,425,0,342,55.41
68000120022,桃園市,觀音區,樹林里,桃園市第02選區,873,1237,2110,18,2128,5083,2128,0,2955,41.87
68000120005,桃園市,觀音區,武威里,桃園市第02選區,242,288,530,2,532,918,532,0,386,57.95
68000120002,桃園市,觀音區,白玉里,桃園市第02選區,189,270,459,7,466,827,466,0,361,56.35
68000120024,桃園市,觀音區,草新里,桃園市第02選區,1367,1826,3193,18,3211,6329,3211,0,3118,50.73
68000120021,桃園市,觀音區,草漯里,桃園市第02選區,883,1030,1913,15,1928,4223,1928,0,2295,45.65
68000120011,桃園市,觀音區,藍埔里,桃園市第02選區,694,712,1406,10,1416,2525,1416,0,1109,56.08
68000120001,桃園市,觀音區,觀音里,桃園市第02選區,627,801,1428,6,1434,2963,1434,0,1529,48.4
68000120010,桃園市,觀音區,金湖里,桃園市第02選區,582,701,1283,9,1292,2611,1292,0,1319,49.48
68000090016,桃園市,龍潭區,三和里,桃園市第05選區,175,256,431,0,431,780,431,0,349,55.26
68000090017,桃園市,龍潭區,三坑里,桃園市第05選區,371,464,835,5,840,1509,840,0,669,55.67
68000090019,桃園市,龍潭區,三林里,桃園市第05選區,582,1136,1718,7,1725,2964,1725,0,1239,58.2
68000090008,桃園市,龍潭區,三水里,桃園市第05選區,175,198,373,3,376,632,376,0,256,59.49
68000090009,桃園市,龍潭區,上林里,桃園市第05選區,956,1371,2327,16,2343,4333,2343,0,1990,54.07
68000090026,桃園市,龍潭區,上華里,桃園市第05選區,502,1195,1697,5,1702,3094,1702,0,1392,55.01
68000090002,桃園市,龍潭區,中山里,桃園市第05選區,1287,2172,3459,12,3471,6471,3471,0,3000,53.64
68000090010,桃園市,龍潭區,中正里,桃園市第05選區,1014,2067,3081,11,3092,5479,3092,0,2387,56.43
68000090014,桃園市,龍潭區,中興里,桃園市第05選區,683,1440,2123,13,2136,3955,2136,0,1819,54.01
68000090013,桃園市,龍潭區,九龍里,桃園市第05選區,635,1259,1894,16,1910,3608,1910,0,1698,52.94
68000090015,桃園市,龍潭區,佳安里,桃園市第05選區,577,1321,1898,12,1910,3306,1910,0,1396,57.77
68000090007,桃園市,龍潭區,八德里,桃園市第05選區,873,1394,2267,10,2277,4201,2277,0,1924,54.2
68000090006,桃園市,龍潭區,凌雲里,桃園市第05選區,681,1235,1916,9,1925,3615,1925,0,1690,53.25
68000090029,桃園市,龍潭區,北興里,桃園市第05選區,341,778,1119,11,1130,2061,1130,0,931,54.83
68000090018,桃園市,龍潭區,大平里,桃園市第05選區,659,981,1640,5,1645,3180,1645,0,1535,51.73
68000090031,桃園市,龍潭區,富林里,桃園市第05選區,510,1279,1789,8,1797,3158,1797,0,1361,56.9
68000090030,桃園市,龍潭區,建林里,桃園市第05選區,553,1538,2091,11,2102,3427,2102,0,1325,61.34
68000090028,桃園市,龍潭區,東興里,桃園市第05選區,584,1358,1942,15,1957,3589,1957,0,1632,54.53
68000090027,桃園市,龍潭區,武漢里,桃園市第05選區,240,529,769,3,772,1393,772,0,621,55.42
68000090020,桃園市,龍潭區,永興里,桃園市第05選區,554,844,1398,9,1407,2569,1407,0,1162,54.77
68000090033,桃園市,龍潭區,渴望里,桃園市第05選區,436,936,1372,2,1374,2330,1374,0,956,58.97
68000090003,桃園市,龍潭區,烏林里,桃園市第05選區,824,1492,2316,15,2331,4502,2331,0,2171,51.78
68000090021,桃園市,龍潭區,烏樹林里,桃園市第05選區,557,817,1374,5,1379,2573,1379,0,1194,53.6
68000090022,桃園市,龍潭區,百年里,桃園市第05選區,695,1866,2561,10,2571,4256,2571,0,1685,60.41
68000090032,桃園市,龍潭區,祥和里,桃園市第05選區,328,524,852,9,861,1658,861,0,797,51.93
68000090024,桃園市,龍潭區,聖德里,桃園市第05選區,661,847,1508,7,1515,2786,1515,0,1271,54.38
68000090012,桃園市,龍潭區,高原里,桃園市第05選區,854,1267,2121,14,2135,4090,2135,0,1955,52.2
68000090004,桃園市,龍潭區,高平里,桃園市第05選區,667,973,1640,9,1649,3041,1649,0,1392,54.23
68000090001,桃園市,龍潭區,黃唐里,桃園市第05選區,923,1577,2500,10,2510,4525,2510,0,2015,55.47
68000090025,桃園市,龍潭區,龍星里,桃園市第05選區,858,1485,2343,8,2351,3981,2351,0,1630,59.06
68000090011,桃園市,龍潭區,龍潭里,桃園市第05選區,421,589,1010,2,1012,1691,1012,0,679,59.85
68000090023,桃園市,龍潭區,龍祥里,桃園市第05選區,600,1179,1779,4,1783,3256,1784,1,1472,54.76
68000070013,桃園市,龜山區,中興里,桃園市第01選區,1137,1303,2440,11,2451,4396,2451,0,1945,55.76
68000070003,桃園市,龜山區,兔坑里,桃園市第01選區,903,1094,1997,10,2007,3840,2007,0,1833,52.27
68000070009,桃園市,龜山區,公西里,桃園市第01選區,356,353,709,7,716,1229,716,0,513,58.26
68000070011,桃園市,龜山區,南上里,桃園市第01選區,530,526,1056,4,1060,1781,1060,0,721,59.52
68000070021,桃園市,龜山區,南美里,桃園市第01選區,557,698,1255,15,1270,2199,1270,0,929,57.75
68000070004,桃園市,龜山區,大同里,桃園市第01選區,1482,1806,3288,14,3302,5873,3303,1,2570,56.22
68000070012,桃園市,龜山區,大坑里,桃園市第01選區,513,455,968,5,973,1807,973,0,834,53.85
68000070019,桃園市,龜山區,大崗里,桃園市第01選區,960,1129,2089,8,2097,3967,2099,2,1868,52.86
68000070027,桃園市,龜山區,大湖里,桃園市第01選區,1369,1686,3055,14,3069,5929,3069,0,2860,51.76
68000070028,桃園市,龜山區,大華里,桃園市第01選區,2096,2464,4560,28,4588,8532,4588,0,3944,53.77
68000070014,桃園市,龜山區,山德里,桃園市第01選區,1175,1384,2559,22,2581,4487,2581,0,1906,57.52
68000070005,桃園市,龜山區,山福里,桃園市第01選區,764,880,1644,12,1656,2973,1656,0,1317,55.7
68000070006,桃園市,龜山區,山頂里,桃園市第01選區,1114,1507,2621,15,2636,5033,2636,0,2397,52.37
68000070016,桃園市,龜山區,嶺頂里,桃園市第01選區,949,956,1905,10,1915,3725,1915,0,1810,51.41
68000070022,桃園市,龜山區,幸福里,桃園市第01選區,907,1283,2190,18,2208,4405,2208,0,2197,50.12
68000070020,桃園市,龜山區,文化里,桃園市第01選區,2010,2441,4451,19,4470,8357,4470,0,3887,53.49
68000070031,桃園市,龜山區,文青里,桃園市第01選區,2329,3085,5414,28,5442,9820,5442,0,4378,55.42
68000070026,桃園市,龜山區,新嶺里,桃園市第01選區,810,1031,1841,8,1849,3532,1849,0,1683,52.35
68000070030,桃園市,龜山區,新興里,桃園市第01選區,461,904,1365,11,1376,3358,1376,0,1982,40.98
68000070015,桃園市,龜山區,新路里,桃園市第01選區,1253,1493,2746,21,2767,4805,2767,0,2038,57.59
68000070001,桃園市,龜山區,楓樹里,桃園市第01選區,1057,1163,2220,8,2228,3718,2228,0,1490,59.92
68000070032,桃園市,龜山區,楓福里,桃園市第01選區,833,1160,1993,6,1999,3251,1999,0,1252,61.49
68000070010,桃園市,龜山區,樂善里,桃園市第01選區,3489,4428,7917,41,7958,15882,7958,0,7924,50.11
68000070023,桃園市,龜山區,福源里,桃園市第01選區,397,611,1008,5,1013,1731,1013,0,718,58.52
68000070008,桃園市,龜山區,精忠里,桃園市第01選區,873,1967,2840,14,2854,4999,2854,0,2145,57.09
68000070018,桃園市,龜山區,舊路里,桃園市第01選區,683,851,1534,22,1556,2705,1556,0,1149,57.52
68000070025,桃園市,龜山區,迴龍里,桃園市第01選區,1324,1655,2979,20,2999,5833,2999,0,2834,51.41
68000070029,桃園市,龜山區,長庚里,桃園市第01選區,1373,1543,2916,4,2920,5519,2920,0,2599,52.91
68000070007,桃園市,龜山區,陸光里,桃園市第01選區,282,1898,2180,6,2186,3382,2186,0,1196,64.64
68000070017,桃園市,龜山區,龍壽里,桃園市第01選區,520,274,794,2,796,1580,796,0,784,50.38
68000070024,桃園市,龜山區,龍華里,桃園市第01選區,834,904,1738,3,1741,3348,1741,0,1607,52
68000070002,桃園市,龜山區,龜山里,桃園市第01選區,1659,1811,3470,11,3481,6268,3481,0,2787,55.54
66000010008,臺中市,中區,中華里,臺中市第06選區,466,546,1012,5,1017,1898,1017,0,881,53.58
66000010005,臺中市,中區,光復里,臺中市第06選區,467,492,959,5,964,1734,964,0,770,55.59
66000010004,臺中市,中區,公園里,臺中市第06選區,350,357,707,1,708,1359,708,0,651,52.1
66000010002,臺中市,中區,大墩里,臺中市第06選區,465,524,989,3,992,1846,992,0,854,53.74
66000010007,臺中市,中區,大誠里,臺中市第06選區,573,651,1224,10,1234,2253,1234,0,1019,54.77
66000010006,臺中市,中區,柳川里,臺中市第06選區,411,476,887,4,891,1873,891,0,982,47.57
66000010003,臺中市,中區,綠川里,臺中市第06選區,404,393,797,6,803,1451,803,0,648,55.34
66000010001,臺中市,中區,繼光里,臺中市第06選區,388,339,727,1,728,1350,728,0,622,53.93
66000050026,臺中市,北區,中正里,臺中市第05選區,316,298,614,2,616,1059,616,0,443,58.17
66000050019,臺中市,北區,中達里,臺中市第05選區,644,712,1356,5,1361,2461,1362,1,1099,55.3
66000050003,臺中市,北區,五常里,臺中市第05選區,341,324,665,5,670,1221,670,0,551,54.87
66000050021,臺中市,北區,健行里,臺中市第05選區,1746,1923,3669,15,3684,6288,3684,0,2604,58.59
66000050001,臺中市,北區,光大里,臺中市第05選區,456,518,974,1,975,1867,975,0,892,52.22
66000050027,臺中市,北區,六合里,臺中市第05選區,440,414,854,8,862,1654,862,0,792,52.12
66000050028,臺中市,北區,大湖里,臺中市第05選區,509,503,1012,10,1022,1955,1022,0,933,52.28
66000050031,臺中市,北區,崇德里,臺中市第05選區,777,1028,1805,7,1812,3247,1812,0,1435,55.81
66000050030,臺中市,北區,建德里,臺中市第05選區,762,1034,1796,8,1804,3002,1804,0,1198,60.09
66000050008,臺中市,北區,建成里,臺中市第05選區,1298,1671,2969,18,2987,5433,2987,0,2446,54.98
66000050013,臺中市,北區,建興里,臺中市第05選區,1358,1561,2919,16,2935,5105,2935,0,2170,57.49
66000050002,臺中市,北區,文莊里,臺中市第05選區,635,1210,1845,7,1852,3076,1852,0,1224,60.21
66000050005,臺中市,北區,新北里,臺中市第05選區,361,415,776,2,778,1540,778,0,762,50.52
66000050004,臺中市,北區,新興里,臺中市第05選區,255,458,713,4,717,1303,717,0,586,55.03
66000050022,臺中市,北區,明德里,臺中市第05選區,1313,1569,2882,7,2889,4970,2889,0,2081,58.13
66000050033,臺中市,北區,明新里,臺中市第05選區,657,809,1466,10,1476,2583,1476,0,1107,57.14
66000050035,臺中市,北區,梅川里,臺中市第05選區,757,969,1726,10,1736,3118,1736,0,1382,55.68
66000050006,臺中市,北區,樂英里,臺中市第05選區,315,1038,1353,6,1359,2363,1359,0,1004,57.51
66000050018,臺中市,北區,淡溝里,臺中市第05選區,1411,1493,2904,8,2912,5023,2912,0,2111,57.97
66000050034,臺中市,北區,立人里,臺中市第05選區,804,1199,2003,6,2009,3633,2009,0,1624,55.3
66000050017,臺中市,北區,育德里,臺中市第05選區,864,1078,1942,11,1953,3454,1953,0,1501,56.54
66000050015,臺中市,北區,賴厝里,臺中市第05選區,859,1289,2148,13,2161,4959,2161,0,2798,43.58
66000050032,臺中市,北區,賴旺里,臺中市第05選區,892,1244,2136,17,2153,3999,2153,0,1846,53.84
66000050024,臺中市,北區,賴明里,臺中市第05選區,825,1225,2050,7,2057,3607,2057,0,1550,57.03
66000050016,臺中市,北區,賴村里,臺中市第05選區,1205,1275,2480,13,2493,4303,2493,0,1810,57.94
66000050036,臺中市,北區,賴福里,臺中市第05選區,1004,1196,2200,7,2207,3680,2207,0,1473,59.97
66000050025,臺中市,北區,賴興里,臺中市第05選區,850,1266,2116,9,2125,3676,2125,0,1551,57.81
66000050012,臺中市,北區,邱厝里,臺中市第05選區,535,668,1203,5,1208,2121,1208,0,913,56.95
66000050010,臺中市,北區,金華里,臺中市第05選區,639,867,1506,8,1514,2589,1514,0,1075,58.48
66000050011,臺中市,北區,金龍里,臺中市第05選區,1080,1427,2507,24,2531,4581,2531,0,2050,55.25
66000050029,臺中市,北區,錦平里,臺中市第05選區,470,484,954,3,957,1835,957,0,878,52.15
66000050007,臺中市,北區,錦村里,臺中市第05選區,707,1048,1755,7,1762,2868,1762,0,1106,61.44
66000050009,臺中市,北區,錦洲里,臺中市第05選區,677,1038,1715,7,1722,3039,1722,0,1317,56.66
66000050020,臺中市,北區,錦祥里,臺中市第05選區,1194,1701,2895,17,2912,5387,2912,0,2475,54.06
66000050023,臺中市,北區,長青里,臺中市第05選區,1412,1751,3163,18,3181,5609,3182,1,2427,56.71
66000050014,臺中市,北區,頂厝里,臺中市第05選區,1004,1281,2285,9,2294,3981,2294,0,1687,57.62
66000080003,臺中市,北屯區,三光里,臺中市第05選區,1677,2340,4017,25,4042,6885,4042,0,2843,58.71
66000080041,臺中市,北屯區,三和里,臺中市第05選區,1276,1883,3159,19,3178,5484,3178,0,2306,57.95
66000080017,臺中市,北屯區,仁和里,臺中市第05選區,2029,2626,4655,29,4684,9489,4684,0,4805,49.36
66000080022,臺中市,北屯區,仁愛里,臺中市第05選區,212,344,556,3,559,985,559,0,426,56.75
66000080018,臺中市,北屯區,仁美里,臺中市第05選區,2380,3066,5446,17,5463,9695,5463,0,4232,56.35
66000080034,臺中市,北屯區,北京里,臺中市第05選區,783,885,1668,8,1676,2901,1677,1,1224,57.77
66000080002,臺中市,北屯區,北屯里,臺中市第05選區,784,1101,1885,5,1890,3340,1890,0,1450,56.59
66000080001,臺中市,北屯區,北興里,臺中市第05選區,766,1074,1840,7,1847,3041,1847,0,1194,60.74
66000080021,臺中市,北屯區,同榮里,臺中市第05選區,1248,1791,3039,12,3051,5168,3051,0,2117,59.04
66000080020,臺中市,北屯區,后庄里,臺中市第05選區,2051,3547,5598,33,5631,9658,5633,2,4025,58.3
66000080010,臺中市,北屯區,和平里,臺中市第05選區,2933,3683,6616,35,6651,11897,6651,0,5246,55.9
66000080019,臺中市,北屯區,四民里,臺中市第05選區,571,758,1329,3,1332,2353,1332,0,1021,56.61
66000080014,臺中市,北屯區,大坑里,臺中市第05選區,547,594,1141,11,1152,2077,1152,0,925,55.46
66000080031,臺中市,北屯區,大德里,臺中市第05選區,987,1635,2622,14,2636,4419,2636,0,1783,59.65
66000080005,臺中市,北屯區,平和里,臺中市第05選區,1163,1621,2784,5,2789,5047,2789,0,2258,55.26
66000080026,臺中市,北屯區,平安里,臺中市第05選區,1283,1635,2918,16,2934,5129,2934,0,2195,57.2
66000080028,臺中市,北屯區,平德里,臺中市第05選區,1444,1849,3293,7,3300,6088,3301,1,2787,54.2
66000080035,臺中市,北屯區,平心里,臺中市第05選區,1032,1552,2584,12,2596,4680,2598,2,2082,55.47
66000080040,臺中市,北屯區,平昌里,臺中市第05選區,1016,1377,2393,17,2410,4299,2410,0,1889,56.06
66000080004,臺中市,北屯區,平田里,臺中市第05選區,1291,1780,3071,23,3094,5577,3094,0,2483,55.48
66000080036,臺中市,北屯區,平福里,臺中市第05選區,812,1235,2047,4,2051,3373,2051,0,1322,60.81
66000080039,臺中市,北屯區,平興里,臺中市第05選區,1514,2183,3697,21,3718,6745,3718,0,3027,55.12
66000080038,臺中市,北屯區,平陽里,臺中市第05選區,1088,1472,2560,10,2570,4613,2570,0,2043,55.71
66000080027,臺中市,北屯區,平順里,臺中市第05選區,748,928,1676,4,1680,3034,1680,0,1354,55.37
66000080013,臺中市,北屯區,廍子里,臺中市第05選區,4380,6237,10617,43,10660,21138,10660,0,10478,50.43
66000080042,臺中市,北屯區,忠平里,臺中市第05選區,767,1442,2209,11,2220,3660,2220,0,1440,60.66
66000080025,臺中市,北屯區,新平里,臺中市第05選區,888,1596,2484,16,2500,4572,2500,0,2072,54.68
66000080006,臺中市,北屯區,東光里,臺中市第05選區,1132,1359,2491,8,2499,4406,2500,1,1906,56.72
66000080011,臺中市,北屯區,東山里,臺中市第05選區,609,526,1135,12,1147,2012,1147,0,865,57.01
66000080033,臺中市,北屯區,松勇里,臺中市第05選區,1196,1693,2889,14,2903,4785,2903,0,1882,60.67
66000080037,臺中市,北屯區,松和里,臺中市第05選區,1423,2033,3456,17,3473,6433,3473,0,2960,53.99
66000080029,臺中市,北屯區,松安里,臺中市第05選區,1114,1570,2684,14,2698,4737,2698,0,2039,56.96
66000080032,臺中市,北屯區,松強里,臺中市第05選區,1574,2179,3753,12,3765,6806,3765,0,3041,55.32
66000080016,臺中市,北屯區,松竹里,臺中市第05選區,1987,2870,4857,31,4888,8582,4888,0,3694,56.96
66000080030,臺中市,北屯區,松茂里,臺中市第05選區,1142,1775,2917,9,2926,5020,2926,0,2094,58.29
66000080015,臺中市,北屯區,民德里,臺中市第05選區,233,269,502,4,506,928,506,0,422,54.53
66000080012,臺中市,北屯區,民政里,臺中市第05選區,255,274,529,2,531,1012,531,0,481,52.47
66000080008,臺中市,北屯區,水景里,臺中市第05選區,3489,4360,7849,33,7882,13808,7882,0,5926,57.08
66000080023,臺中市,北屯區,水湳里,臺中市第05選區,1692,2236,3928,17,3945,6835,3945,0,2890,57.72
66000080007,臺中市,北屯區,舊社里,臺中市第05選區,3774,4704,8478,29,8507,16281,8507,0,7774,52.25
66000080009,臺中市,北屯區,軍功里,臺中市第05選區,3270,3863,7133,25,7158,12267,7158,0,5109,58.35
66000080024,臺中市,北屯區,陳平里,臺中市第05選區,982,1611,2593,9,2602,4500,2602,0,1898,57.82
66000030019,臺中市,南區,南和里,臺中市第06選區,1671,2270,3941,25,3966,7231,3966,0,3265,54.85
66000030003,臺中市,南區,南門里,臺中市第06選區,967,996,1963,14,1977,3401,1977,0,1424,58.13
66000030010,臺中市,南區,和平里,臺中市第06選區,1058,1365,2423,12,2435,4490,2435,0,2055,54.23
66000030002,臺中市,南區,國光里,臺中市第06選區,1054,1045,2099,11,2110,3601,2110,0,1491,58.59
66000030001,臺中市,南區,城隍里,臺中市第06選區,958,1069,2027,7,2034,3372,2035,1,1337,60.32
66000030022,臺中市,南區,崇倫里,臺中市第06選區,1463,1756,3219,22,3241,5373,3241,0,2132,60.32
66000030021,臺中市,南區,工學里,臺中市第06選區,1672,2363,4035,15,4050,6818,4050,0,2768,59.4
66000030018,臺中市,南區,平和里,臺中市第06選區,1020,1008,2028,20,2048,3361,2048,0,1313,60.93
66000030004,臺中市,南區,德義里,臺中市第06選區,750,925,1675,19,1694,2806,1694,0,1112,60.37
66000030007,臺中市,南區,新榮里,臺中市第06選區,1140,1572,2712,9,2721,4856,2721,0,2135,56.03
66000030013,臺中市,南區,樹德里,臺中市第06選區,2128,3169,5297,29,5326,8738,5326,0,3412,60.95
66000030012,臺中市,南區,樹義里,臺中市第06選區,3073,4163,7236,27,7263,12218,7263,0,4955,59.45
66000030020,臺中市,南區,永和里,臺中市第06選區,1071,1423,2494,23,2517,4560,2517,0,2043,55.2
66000030011,臺中市,南區,永興里,臺中市第06選區,2038,2603,4641,19,4660,7928,4660,0,3268,58.78
66000030006,臺中市,南區,江川里,臺中市第06選區,761,872,1633,9,1642,2665,1642,0,1023,61.61
66000030009,臺中市,南區,福平里,臺中市第06選區,1418,1582,3000,16,3016,5215,3016,0,2199,57.83
66000030008,臺中市,南區,福興里,臺中市第06選區,1053,1201,2254,10,2264,3680,2264,0,1416,61.52
66000030017,臺中市,南區,福順里,臺中市第06選區,1416,1847,3263,15,3278,5656,3278,0,2378,57.96
66000030005,臺中市,南區,積善里,臺中市第06選區,726,726,1452,11,1463,2410,1463,0,947,60.71
66000030014,臺中市,南區,西川里,臺中市第06選區,1075,1406,2481,16,2497,4091,2497,0,1594,61.04
66000030015,臺中市,南區,長春里,臺中市第06選區,489,537,1026,6,1032,1729,1032,0,697,59.69
66000030016,臺中市,南區,長榮里,臺中市第06選區,665,746,1411,10,1421,2268,1422,1,846,62.65
66000070010,臺中市,南屯區,三厝里,臺中市第04選區,1808,2270,4078,19,4097,7290,4097,0,3193,56.2
66000070024,臺中市,南屯區,三和里,臺中市第04選區,2020,2904,4924,9,4933,8554,4933,0,3621,57.67
66000070025,臺中市,南屯區,三義里,臺中市第04選區,1566,2133,3699,17,3716,6328,3716,0,2612,58.72
66000070004,臺中市,南屯區,中和里,臺中市第04選區,1161,1266,2427,18,2445,3958,2445,0,1513,61.77
66000070001,臺中市,南屯區,南屯里,臺中市第04選區,2254,2613,4867,37,4904,8266,4904,0,3362,59.33
66000070017,臺中市,南屯區,同心里,臺中市第04選區,1286,1597,2883,14,2897,5226,2897,0,2329,55.43
66000070018,臺中市,南屯區,向心里,臺中市第04選區,1267,1571,2838,15,2853,5605,2853,0,2752,50.9
66000070015,臺中市,南屯區,大同里,臺中市第04選區,1339,1482,2821,12,2833,4777,2833,0,1944,59.31
66000070021,臺中市,南屯區,大業里,臺中市第04選區,1720,2082,3802,16,3818,6526,3818,0,2708,58.5
66000070020,臺中市,南屯區,大興里,臺中市第04選區,1235,1324,2559,14,2573,4212,2573,0,1639,61.09
66000070019,臺中市,南屯區,大誠里,臺中市第04選區,975,1182,2157,11,2168,3694,2168,0,1526,58.69
66000070023,臺中市,南屯區,寶山里,臺中市第04選區,1289,1544,2833,13,2846,5092,2846,0,2246,55.89
66000070022,臺中市,南屯區,惠中里,臺中市第04選區,2118,2548,4666,21,4687,8200,4687,0,3513,57.16
66000070007,臺中市,南屯區,文山里,臺中市第04選區,2854,3472,6326,33,6359,11500,6359,0,5141,55.3
66000070016,臺中市,南屯區,文心里,臺中市第04選區,1012,1249,2261,10,2271,3828,2271,0,1557,59.33
66000070008,臺中市,南屯區,新生里,臺中市第04選區,899,1083,1982,6,1988,3660,1988,0,1672,54.32
66000070006,臺中市,南屯區,春安里,臺中市第04選區,764,1252,2016,7,2023,4064,2023,0,2041,49.78
66000070005,臺中市,南屯區,春社里,臺中市第04選區,1351,2035,3386,32,3418,6419,3418,0,3001,53.25
66000070003,臺中市,南屯區,楓樹里,臺中市第04選區,1790,2008,3798,26,3824,6067,3824,0,2243,63.03
66000070009,臺中市,南屯區,永定里,臺中市第04選區,1519,1612,3131,30,3161,5355,3161,0,2194,59.03
66000070011,臺中市,南屯區,溝墘里,臺中市第04選區,1453,1770,3223,19,3242,5245,3242,0,2003,61.81
66000070012,臺中市,南屯區,田心里,臺中市第04選區,1843,2038,3881,23,3904,6743,3904,0,2839,57.9
66000070002,臺中市,南屯區,豐樂里,臺中市第04選區,3212,3593,6805,36,6841,11609,6841,0,4768,58.93
66000070014,臺中市,南屯區,鎮平里,臺中市第04選區,388,344,732,2,734,1213,734,0,479,60.51
66000070013,臺中市,南屯區,黎明里,臺中市第04選區,890,1457,2347,9,2356,3813,2356,0,1457,61.79
66000020010,臺中市,東區,十甲里,臺中市第06選區,1377,1489,2866,19,2885,4877,2885,0,1992,59.16
66000020013,臺中市,東區,合作里,臺中市第06選區,661,1510,2171,9,2180,3836,2180,0,1656,56.83
66000020015,臺中市,東區,富仁里,臺中市第06選區,720,1635,2355,14,2369,4086,2369,0,1717,57.98
66000020014,臺中市,東區,富台里,臺中市第06選區,264,648,912,6,918,1612,918,0,694,56.95
66000020005,臺中市,東區,干城里,臺中市第06選區,655,705,1360,8,1368,2360,1368,0,992,57.97
66000020002,臺中市,東區,振興里,臺中市第06選區,822,784,1606,12,1618,2805,1618,0,1187,57.68
66000020001,臺中市,東區,新庄里,臺中市第06選區,619,715,1334,8,1342,2813,1342,0,1471,47.71
66000020007,臺中市,東區,旱溪里,臺中市第06選區,671,739,1410,10,1420,2336,1420,0,916,60.79
66000020016,臺中市,東區,東信里,臺中市第06選區,2510,2571,5081,30,5111,8533,5111,0,3422,59.9
66000020012,臺中市,東區,東勢里,臺中市第06選區,586,743,1329,6,1335,2402,1335,0,1067,55.58
66000020011,臺中市,東區,東南里,臺中市第06選區,944,1276,2220,6,2226,3960,2226,0,1734,56.21
66000020003,臺中市,東區,東橋里,臺中市第06選區,1090,933,2023,7,2030,3499,2030,0,1469,58.02
66000020004,臺中市,東區,東興里,臺中市第06選區,804,791,1595,7,1602,2713,1602,0,1111,59.05
66000020017,臺中市,東區,東英里,臺中市第06選區,2032,2304,4336,28,4364,7451,4364,0,3087,58.57
66000020009,臺中市,東區,東門里,臺中市第06選區,2238,2080,4318,23,4341,7081,4341,0,2740,61.3
66000020008,臺中市,東區,樂成里,臺中市第06選區,768,709,1477,5,1482,2558,1482,0,1076,57.94
66000020006,臺中市,東區,泉源里,臺中市第06選區,604,599,1203,5,1208,2066,1208,0,858,58.47
66000040003,臺中市,西區,三民里,臺中市第06選區,488,489,977,2,979,2304,979,0,1325,42.49
66000040021,臺中市,西區,中興里,臺中市第06選區,1100,969,2069,6,2075,3384,2075,0,1309,61.32
66000040022,臺中市,西區,公平里,臺中市第06選區,1244,1539,2783,17,2800,4987,2800,0,2187,56.15
66000040023,臺中市,西區,公德里,臺中市第06選區,1190,1331,2521,16,2537,4217,2537,0,1680,60.16
66000040017,臺中市,西區,公正里,臺中市第06選區,1688,1904,3592,18,3610,6050,3611,1,2439,59.67
66000040007,臺中市,西區,公民里,臺中市第06選區,1332,1435,2767,16,2783,4663,2783,0,1880,59.68
66000040020,臺中市,西區,公益里,臺中市第06選區,767,803,1570,8,1578,2572,1578,0,994,61.35
66000040009,臺中市,西區,公舘里,臺中市第06選區,1476,1623,3099,17,3116,5355,3116,0,2239,58.19
66000040002,臺中市,西區,利民里,臺中市第06選區,323,430,753,3,756,1303,756,0,547,58.02
66000040024,臺中市,西區,双龍里,臺中市第06選區,665,814,1479,7,1486,2563,1486,0,1077,57.98
66000040014,臺中市,西區,吉龍里,臺中市第06選區,1651,1890,3541,17,3558,6169,3558,0,2611,57.68
66000040010,臺中市,西區,和龍里,臺中市第06選區,610,571,1181,9,1190,2175,1190,0,985,54.71
66000040018,臺中市,西區,土庫里,臺中市第06選區,1593,1574,3167,14,3181,5328,3181,0,2147,59.7
66000040025,臺中市,西區,大忠里,臺中市第06選區,1189,1389,2578,11,2589,4195,2589,0,1606,61.72
66000040013,臺中市,西區,安龍里,臺中市第06選區,833,825,1658,10,1668,2818,1668,0,1150,59.19
66000040006,臺中市,西區,平和里,臺中市第06選區,427,537,964,4,968,1795,968,0,827,53.93
66000040005,臺中市,西區,廣民里,臺中市第06選區,320,391,711,2,713,1247,713,0,534,57.18
66000040012,臺中市,西區,後龍里,臺中市第06選區,926,961,1887,11,1898,3301,1898,0,1403,57.5
66000040016,臺中市,西區,忠明里,臺中市第06選區,1567,1584,3151,23,3174,5624,3174,0,2450,56.44
66000040019,臺中市,西區,忠誠里,臺中市第06選區,1490,1577,3067,21,3088,5326,3088,0,2238,57.98
66000040015,臺中市,西區,昇平里,臺中市第06選區,1459,1577,3036,21,3057,5414,3057,0,2357,56.46
66000040004,臺中市,西區,東昇里,臺中市第06選區,611,633,1244,6,1250,2074,1250,0,824,60.27
66000040001,臺中市,西區,民生里,臺中市第06選區,422,484,906,3,909,1651,909,0,742,55.06
66000040011,臺中市,西區,民龍里,臺中市第06選區,996,1176,2172,14,2186,3875,2186,0,1689,56.41
66000040008,臺中市,西區,藍興里,臺中市第06選區,1090,1263,2353,12,2365,3827,2365,0,1462,61.8
66000060027,臺中市,西屯區,上安里,臺中市第04選區,1261,1669,2930,23,2953,5249,2954,1,2295,56.26
66000060028,臺中市,西屯區,上德里,臺中市第04選區,967,1328,2295,10,2305,4106,2305,0,1801,56.14
66000060006,臺中市,西屯區,上石里,臺中市第04選區,1199,1594,2793,9,2802,5118,2802,0,2316,54.75
66000060021,臺中市,西屯區,何仁里,臺中市第04選區,1564,1777,3341,16,3357,5911,3357,0,2554,56.79
66000060025,臺中市,西屯區,何南里,臺中市第04選區,1035,1333,2368,9,2377,3943,2377,0,1566,60.28
66000060010,臺中市,西屯區,何厝里,臺中市第04選區,843,920,1763,5,1768,3126,1768,0,1358,56.56
66000060009,臺中市,西屯區,何安里,臺中市第04選區,1316,1499,2815,12,2827,5042,2827,0,2215,56.07
66000060022,臺中市,西屯區,何德里,臺中市第04選區,926,1139,2065,11,2076,3544,2076,0,1468,58.58
66000060031,臺中市,西屯區,何成里,臺中市第04選區,1795,2199,3994,16,4010,7011,4010,0,3001,57.2
66000060030,臺中市,西屯區,何明里,臺中市第04選區,915,1056,1971,10,1981,3316,1981,0,1335,59.74
66000060023,臺中市,西屯區,何源里,臺中市第04選區,1599,2121,3720,17,3737,6390,3737,0,2653,58.48
66000060032,臺中市,西屯區,何福里,臺中市第04選區,1115,1318,2433,13,2446,4090,2446,0,1644,59.8
66000060020,臺中市,西屯區,協和里,臺中市第04選區,1153,1318,2471,15,2486,4430,2486,0,1944,56.12
66000060011,臺中市,西屯區,大河里,臺中市第04選區,1207,1157,2364,11,2375,3864,2375,0,1489,61.46
66000060012,臺中市,西屯區,大石里,臺中市第04選區,227,1113,1340,5,1345,2168,1345,0,823,62.04
66000060013,臺中市,西屯區,大福里,臺中市第04選區,663,1028,1691,15,1706,3121,1706,0,1415,54.66
66000060014,臺中市,西屯區,大鵬里,臺中市第04選區,1035,1593,2628,14,2642,4579,2642,0,1937,57.7
66000060016,臺中市,西屯區,廣福里,臺中市第04選區,639,605,1244,2,1246,2087,1246,0,841,59.7
66000060005,臺中市,西屯區,惠來里,臺中市第04選區,3636,4689,8325,36,8361,15771,8361,0,7410,53.02
66000060017,臺中市,西屯區,林厝里,臺中市第04選區,824,1077,1901,6,1907,3292,1907,0,1385,57.93
66000060018,臺中市,西屯區,永安里,臺中市第04選區,2742,3809,6551,33,6584,12407,6585,1,5822,53.07
66000060015,臺中市,西屯區,港尾里,臺中市第04選區,1297,1593,2890,21,2911,5025,2911,0,2114,57.93
66000060003,臺中市,西屯區,潮洋里,臺中市第04選區,1501,1835,3336,22,3358,7344,3358,0,3986,45.72
66000060034,臺中市,西屯區,福中里,臺中市第04選區,744,960,1704,10,1714,3061,1714,0,1347,55.99
66000060033,臺中市,西屯區,福和里,臺中市第04選區,1160,1117,2277,11,2288,4087,2288,0,1799,55.98
66000060019,臺中市,西屯區,福安里,臺中市第04選區,777,991,1768,2,1770,3055,1770,0,1285,57.94
66000060035,臺中市,西屯區,福恩里,臺中市第04選區,1199,1544,2743,6,2749,4795,2749,0,2046,57.33
66000060038,臺中市,西屯區,福林里,臺中市第04選區,1801,2460,4261,21,4282,7830,4282,0,3548,54.69
66000060037,臺中市,西屯區,福瑞里,臺中市第04選區,620,986,1606,7,1613,2964,1613,0,1351,54.42
66000060036,臺中市,西屯區,福聯里,臺中市第04選區,677,901,1578,12,1590,3301,1590,0,1711,48.17
66000060039,臺中市,西屯區,福雅里,臺中市第04選區,1384,1949,3333,22,3355,5952,3355,0,2597,56.37
66000060026,臺中市,西屯區,至善里,臺中市第04選區,1046,1421,2467,21,2488,4344,2488,0,1856,57.27
66000060002,臺中市,西屯區,西墩里,臺中市第04選區,1615,1831,3446,19,3465,6168,3465,0,2703,56.18
66000060001,臺中市,西屯區,西安里,臺中市第04選區,1436,1690,3126,14,3140,5530,3140,0,2390,56.78
66000060024,臺中市,西屯區,西平里,臺中市第04選區,1019,1613,2632,14,2646,4948,2646,0,2302,53.48
66000060007,臺中市,西屯區,逢甲里,臺中市第04選區,1074,1516,2590,14,2604,4587,2604,0,1983,56.77
66000060029,臺中市,西屯區,逢福里,臺中市第04選區,1257,1772,3029,23,3052,5165,3052,0,2113,59.09
66000060008,臺中市,西屯區,鵬程里,臺中市第04選區,240,1282,1522,8,1530,2672,1530,0,1142,57.26
66000060004,臺中市,西屯區,龍潭里,臺中市第04選區,291,302,593,7,600,1081,600,0,481,55.5
63000040027,臺北市,中山區,下埤里,臺北市第03選區,1951,1839,3790,12,3802,6073,3802,0,2271,62.6
63000040031,臺北市,中山區,中原里,臺北市第03選區,1277,1197,2474,14,2488,4056,2488,0,1568,61.34
63000040030,臺北市,中山區,中吉里,臺北市第03選區,1464,1123,2587,10,2597,4405,2597,0,1808,58.96
63000040033,臺北市,中山區,中央里,臺北市第03選區,932,899,1831,6,1837,3016,1837,0,1179,60.91
63000040006,臺北市,中山區,中山里,臺北市第03選區,1589,1581,3170,12,3182,6008,3182,0,2826,52.96
63000040023,臺北市,中山區,中庄里,臺北市第03選區,1277,1173,2450,13,2463,4138,2463,0,1675,59.52
63000040013,臺北市,中山區,劍潭里,臺北市第03選區,400,1392,1792,8,1800,2886,1800,0,1086,62.37
63000040039,臺北市,中山區,力行里,臺北市第03選區,1501,1450,2951,8,2959,5015,2959,0,2056,59
63000040042,臺北市,中山區,北安里,臺北市第03選區,460,662,1122,3,1125,1871,1125,0,746,60.13
63000040012,臺北市,中山區,圓山里,臺北市第03選區,1041,894,1935,16,1951,3381,1951,0,1430,57.7
63000040037,臺北市,中山區,埤頭里,臺北市第03選區,744,845,1589,5,1594,2764,1594,0,1170,57.67
63000040017,臺北市,中山區,大佳里,臺北市第03選區,240,120,360,1,361,601,361,0,240,60.07
63000040014,臺北市,中山區,大直里,臺北市第03選區,1828,2347,4175,22,4197,6763,4197,0,2566,62.06
63000040005,臺北市,中山區,康樂里,臺北市第03選區,567,712,1279,8,1287,2300,1287,0,1013,55.96
63000040040,臺北市,中山區,復華里,臺北市第03選區,963,1260,2223,10,2233,3757,2233,0,1524,59.44
63000040010,臺北市,中山區,恆安里,臺北市第03選區,1117,1210,2327,7,2334,4324,2334,0,1990,53.98
63000040015,臺北市,中山區,成功里,臺北市第03選區,1431,1492,2923,17,2940,5044,2942,2,2102,58.29
63000040018,臺北市,中山區,新喜里,臺北市第03選區,1269,1127,2396,9,2405,4076,2405,0,1671,59
63000040019,臺北市,中山區,新庄里,臺北市第03選區,1256,1174,2430,11,2441,3940,2441,0,1499,61.95
63000040022,臺北市,中山區,新生里,臺北市第03選區,1116,1055,2171,13,2184,3633,2184,0,1449,60.12
63000040020,臺北市,中山區,新福里,臺北市第03選區,1361,1092,2453,5,2458,4134,2458,0,1676,59.46
63000040011,臺北市,中山區,晴光里,臺北市第03選區,1245,1384,2629,9,2638,4878,2638,0,2240,54.08
63000040036,臺北市,中山區,朱園里,臺北市第03選區,1164,1048,2212,4,2216,3753,2216,0,1537,59.05
63000040038,臺北市,中山區,朱崙里,臺北市第03選區,722,761,1483,7,1490,2459,1490,0,969,60.59
63000040034,臺北市,中山區,朱馥里,臺北市第03選區,1196,1343,2539,12,2551,4557,2551,0,2006,55.98
63000040021,臺北市,中山區,松江里,臺北市第03選區,1527,1455,2982,12,2994,5007,2994,0,2013,59.8
63000040001,臺北市,中山區,正守里,臺北市第03選區,785,790,1575,1,1576,2694,1576,0,1118,58.5
63000040003,臺北市,中山區,正得里,臺北市第03選區,883,947,1830,10,1840,3232,1841,1,1391,56.93
63000040002,臺北市,中山區,正義里,臺北市第03選區,1138,1264,2402,7,2409,4454,2409,0,2045,54.09
63000040004,臺北市,中山區,民安里,臺北市第03選區,1157,947,2104,7,2111,3653,2113,2,1540,57.79
63000040016,臺北市,中山區,永安里,臺北市第03選區,2165,2335,4500,11,4511,7499,4511,0,2988,60.15
63000040028,臺北市,中山區,江寧里,臺北市第03選區,1634,1734,3368,17,3385,5553,3385,0,2168,60.96
63000040029,臺北市,中山區,江山里,臺北市第03選區,2009,1718,3727,22,3749,6007,3750,1,2257,62.41
63000040007,臺北市,中山區,聚盛里,臺北市第03選區,811,1016,1827,16,1843,3551,1843,0,1708,51.9
63000040009,臺北市,中山區,聚葉里,臺北市第03選區,892,922,1814,4,1818,3275,1818,0,1457,55.51
63000040032,臺北市,中山區,興亞里,臺北市第03選區,1381,1296,2677,12,2689,4546,2689,0,1857,59.15
63000040025,臺北市,中山區,行仁里,臺北市第03選區,1979,1813,3792,16,3808,6269,3808,0,2461,60.74
63000040026,臺北市,中山區,行孝里,臺北市第03選區,1120,1053,2173,9,2182,3623,2182,0,1441,60.23
63000040024,臺北市,中山區,行政里,臺北市第03選區,1418,1511,2929,9,2938,6240,2938,0,3302,47.08
63000040041,臺北市,中山區,金泰里,臺北市第03選區,1677,2054,3731,21,3752,6389,3752,0,2637,58.73
63000040008,臺北市,中山區,集英里,臺北市第03選區,1803,1450,3253,16,3269,5818,3269,0,2549,56.19
63000040035,臺北市,中山區,龍洲里,臺北市第03選區,835,1773,2608,12,2620,4123,2620,0,1503,63.55
63000050002,臺北市,中正區,富水里,臺北市第08選區,306,653,959,6,965,1848,965,0,883,52.22
63000050003,臺北市,中正區,文盛里,臺北市第08選區,529,649,1178,3,1181,2058,1181,0,877,57.39
63000050008,臺北市,中正區,板溪里,臺北市第08選區,633,950,1583,10,1593,2799,1593,0,1206,56.91
63000050004,臺北市,中正區,林興里,臺北市第08選區,847,1276,2123,10,2133,3868,2133,0,1735,55.14
63000050001,臺北市,中正區,水源里,臺北市第08選區,571,687,1258,6,1264,2394,1264,0,1130,52.8
63000050005,臺北市,中正區,河堤里,臺北市第08選區,891,1203,2094,8,2102,3642,2102,0,1540,57.72
63000050007,臺北市,中正區,網溪里,臺北市第08選區,1187,1526,2713,16,2729,4691,2729,0,1962,58.18
63000050009,臺北市,中正區,螢圃里,臺北市第08選區,1091,1563,2654,10,2664,4545,2664,0,1881,58.61
63000050010,臺北市,中正區,螢雪里,臺北市第08選區,778,1045,1823,8,1831,3288,1831,0,1457,55.69
63000050006,臺北市,中正區,頂東里,臺北市第08選區,1230,1577,2807,10,2817,4778,2817,0,1961,58.96
63000020030,臺北市,信義區,三張里,臺北市第07選區,1776,2485,4261,13,4274,6926,4274,0,2652,61.71
63000020031,臺北市,信義區,三犁里,臺北市第07選區,1066,1426,2492,14,2506,4241,2506,0,1735,59.09
63000020024,臺北市,信義區,中坡里,臺北市第07選區,1021,1179,2200,9,2209,3486,2209,0,1277,63.37
63000020004,臺北市,信義區,中興里,臺北市第07選區,684,863,1547,7,1554,2805,1555,1,1250,55.4
63000020025,臺北市,信義區,中行里,臺北市第07選區,1883,1882,3765,14,3779,6147,3779,0,2368,61.48
63000020013,臺北市,信義區,五全里,臺北市第07選區,1285,1205,2490,11,2501,3909,2501,0,1408,63.98
63000020012,臺北市,信義區,五常里,臺北市第07選區,870,976,1846,9,1855,3005,1855,0,1150,61.73
63000020032,臺北市,信義區,六合里,臺北市第07選區,1219,1996,3215,14,3229,5453,3229,0,2224,59.22
63000020010,臺北市,信義區,六藝里,臺北市第07選區,823,913,1736,13,1749,2878,1749,0,1129,60.77
63000020037,臺北市,信義區,嘉興里,臺北市第07選區,722,826,1548,3,1551,2512,1551,0,961,61.74
63000020017,臺北市,信義區,四維里,臺北市第07選區,1134,1450,2584,9,2593,4120,2593,0,1527,62.94
63000020016,臺北市,信義區,四育里,臺北市第07選區,1484,1349,2833,8,2841,4410,2841,0,1569,64.42
63000020020,臺北市,信義區,國業里,臺北市第07選區,1516,1876,3392,14,3406,5681,3406,0,2275,59.95
63000020027,臺北市,信義區,大仁里,臺北市第07選區,1500,1833,3333,18,3351,6735,3351,0,3384,49.76
63000020026,臺北市,信義區,大道里,臺北市第07選區,1485,1517,3002,12,3014,4896,3014,0,1882,61.56
63000020009,臺北市,信義區,安康里,臺北市第07選區,2179,2568,4747,12,4759,8213,4759,0,3454,57.94
63000020019,臺北市,信義區,富台里,臺北市第07選區,890,1465,2355,9,2364,3852,2365,1,1487,61.37
63000020008,臺北市,信義區,廣居里,臺北市第07選區,1513,2040,3553,15,3568,5747,3568,0,2179,62.08
63000020029,臺北市,信義區,惠安里,臺北市第07選區,1212,1891,3103,16,3119,5125,3119,0,2006,60.86
63000020007,臺北市,信義區,敦厚里,臺北市第07選區,1118,1297,2415,13,2428,4017,2428,0,1589,60.44
63000020005,臺北市,信義區,新仁里,臺北市第07選區,626,945,1571,5,1576,2575,1576,0,999,61.2
63000020035,臺北市,信義區,景勤里,臺北市第07選區,793,1040,1833,10,1843,3061,1843,0,1218,60.21
63000020028,臺北市,信義區,景新里,臺北市第07選區,1031,1359,2390,17,2407,4024,2407,0,1617,59.82
63000020034,臺北市,信義區,景聯里,臺北市第07選區,994,1290,2284,9,2293,3676,2293,0,1383,62.38
63000020023,臺北市,信義區,松光里,臺北市第07選區,1139,1216,2355,12,2367,3922,2367,0,1555,60.35
63000020022,臺北市,信義區,松友里,臺北市第07選區,1392,1717,3109,12,3121,5152,3121,0,2031,60.58
63000020021,臺北市,信義區,松隆里,臺北市第07選區,412,532,944,4,948,1686,948,0,738,56.23
63000020002,臺北市,信義區,正和里,臺北市第07選區,831,1290,2121,5,2126,3537,2126,0,1411,60.11
63000020014,臺北市,信義區,永吉里,臺北市第07選區,1000,790,1790,6,1796,3023,1796,0,1227,59.41
63000020018,臺北市,信義區,永春里,臺北市第07選區,1160,1189,2349,10,2359,3938,2359,0,1579,59.9
63000020033,臺北市,信義區,泰和里,臺北市第07選區,1513,2031,3544,18,3562,6239,3562,0,2677,57.09
63000020003,臺北市,信義區,興隆里,臺北市第07選區,417,691,1108,3,1111,2110,1111,0,999,52.65
63000020006,臺北市,信義區,興雅里,臺北市第07選區,1196,1377,2573,7,2580,4372,2580,0,1792,59.01
63000020001,臺北市,信義區,西村里,臺北市第07選區,691,1541,2232,14,2246,3532,2246,0,1286,63.59
63000020015,臺北市,信義區,長春里,臺北市第07選區,991,1016,2007,9,2016,3335,2016,0,1319,60.45
63000020011,臺北市,信義區,雅祥里,臺北市第07選區,1208,1264,2472,12,2484,4108,2484,0,1624,60.47
63000020036,臺北市,信義區,雙和里,臺北市第07選區,1429,2058,3487,17,3504,5659,3504,0,2155,61.92
63000020041,臺北市,信義區,黎安里,臺北市第07選區,301,536,837,5,842,1507,842,0,665,55.87
63000020039,臺北市,信義區,黎平里,臺北市第07選區,1512,2000,3512,13,3525,5594,3525,0,2069,63.01
63000020040,臺北市,信義區,黎忠里,臺北市第07選區,930,1367,2297,12,2309,3800,2310,1,1490,60.76
63000020038,臺北市,信義區,黎順里,臺北市第07選區,817,1066,1883,11,1894,3289,1894,0,1395,57.59
63000100022,臺北市,內湖區,五分里,臺北市第04選區,1996,2446,4442,26,4468,7970,4469,1,3501,56.06
63000100009,臺北市,內湖區,內湖里,臺北市第04選區,1390,1898,3288,13,3301,5591,3301,0,2290,59.04
63000100025,臺北市,內湖區,內溝里,臺北市第04選區,967,1237,2204,12,2216,3769,2216,0,1553,58.8
63000100040,臺北市,內湖區,南湖里,臺北市第04選區,1143,1543,2686,14,2700,4375,2700,0,1675,61.71
63000100012,臺北市,內湖區,大湖里,臺北市第04選區,1077,1499,2576,9,2585,4284,2585,0,1699,60.34
63000100033,臺北市,內湖區,安泰里,臺北市第04選區,988,1476,2464,12,2476,4218,2476,0,1742,58.7
63000100031,臺北市,內湖區,安湖里,臺北市第04選區,1425,1857,3282,12,3294,5608,3295,1,2313,58.74
63000100039,臺北市,內湖區,寶湖里,臺北市第04選區,1859,2808,4667,22,4689,7997,4689,0,3308,58.63
63000100035,臺北市,內湖區,康寧里,臺北市第04選區,1619,2282,3901,15,3916,6603,3916,0,2687,59.31
63000100036,臺北市,內湖區,明湖里,臺北市第04選區,1043,1366,2409,12,2421,4055,2421,0,1634,59.7
63000100023,臺北市,內湖區,東湖里,臺北市第04選區,1700,2093,3793,10,3803,6392,3805,2,2587,59.5
63000100024,臺北市,內湖區,樂康里,臺北市第04選區,1567,1932,3499,11,3510,6060,3511,1,2549,57.92
63000100017,臺北市,內湖區,清白里,臺北市第04選區,1742,2463,4205,19,4224,7080,4224,0,2856,59.66
63000100005,臺北市,內湖區,港墘里,臺北市第04選區,1298,1555,2853,7,2860,4722,2860,0,1862,60.57
63000100007,臺北市,內湖區,港富里,臺北市第04選區,2076,2436,4512,14,4526,7559,4526,0,3033,59.88
63000100008,臺北市,內湖區,港華里,臺北市第04選區,1894,2403,4297,16,4313,7101,4313,0,2788,60.74
63000100006,臺北市,內湖區,港都里,臺北市第04選區,1119,1330,2449,5,2454,4062,2454,0,1608,60.41
63000100030,臺北市,內湖區,湖元里,臺北市第04選區,1377,1652,3029,14,3043,5316,3043,0,2273,57.24
63000100010,臺北市,內湖區,湖濱里,臺北市第04選區,1635,2552,4187,15,4202,6800,4202,0,2598,61.79
63000100029,臺北市,內湖區,湖興里,臺北市第04選區,1527,1895,3422,11,3433,7078,3433,0,3645,48.5
63000100021,臺北市,內湖區,瑞光里,臺北市第04選區,853,1417,2270,5,2275,3561,2275,0,1286,63.89
63000100020,臺北市,內湖區,瑞陽里,臺北市第04選區,1438,2650,4088,10,4098,6309,4098,0,2211,64.95
63000100028,臺北市,內湖區,石潭里,臺北市第04選區,751,1089,1840,7,1847,3334,1848,1,1486,55.4
63000100015,臺北市,內湖區,碧山里,臺北市第04選區,1506,2035,3541,16,3557,5774,3557,0,2217,61.6
63000100032,臺北市,內湖區,秀湖里,臺北市第04選區,1190,1745,2935,9,2944,5035,2944,0,2091,58.47
63000100011,臺北市,內湖區,紫星里,臺北市第04選區,1796,2179,3975,15,3990,6364,3990,0,2374,62.7
63000100019,臺北市,內湖區,紫陽里,臺北市第04選區,1820,2304,4124,12,4136,6767,4139,3,2628,61.12
63000100016,臺北市,內湖區,紫雲里,臺北市第04選區,1000,1753,2753,14,2767,4525,2767,0,1758,61.15
63000100018,臺北市,內湖區,葫洲里,臺北市第04選區,1259,1967,3226,15,3241,5558,3241,0,2317,58.31
63000100037,臺北市,內湖區,蘆洲里,臺北市第04選區,235,268,503,7,510,945,510,0,435,53.97
63000100027,臺北市,內湖區,行善里,臺北市第04選區,1601,1964,3565,13,3578,5852,3580,2,2272,61.14
63000100003,臺北市,內湖區,西安里,臺北市第04選區,1401,1864,3265,19,3284,5333,3286,2,2047,61.58
63000100002,臺北市,內湖區,西康里,臺北市第04選區,1894,2755,4649,21,4670,7890,4670,0,3220,59.19
63000100001,臺北市,內湖區,西湖里,臺北市第04選區,1624,1889,3513,8,3521,5736,3522,1,2214,61.38
63000100026,臺北市,內湖區,週美里,臺北市第04選區,2011,2340,4351,18,4369,7446,4369,0,3077,58.68
63000100034,臺北市,內湖區,金湖里,臺北市第04選區,1909,2607,4516,15,4531,7768,4531,0,3237,58.33
63000100014,臺北市,內湖區,金瑞里,臺北市第04選區,1468,1784,3252,13,3265,5331,3265,0,2066,61.25
63000100013,臺北市,內湖區,金龍里,臺北市第04選區,1104,1500,2604,5,2609,4304,2609,0,1695,60.62
63000100038,臺北市,內湖區,麗山里,臺北市第04選區,1400,1449,2849,12,2861,4702,2861,0,1841,60.85
63000090004,臺北市,南港區,三重里,臺北市第04選區,1436,1902,3338,12,3350,6132,3350,0,2782,54.63
63000090002,臺北市,南港區,中南里,臺北市第04選區,725,824,1549,5,1554,2751,1554,0,1197,56.49
63000090017,臺北市,南港區,中研里,臺北市第04選區,1901,2357,4258,14,4272,7184,4272,0,2912,59.47
63000090018,臺北市,南港區,九如里,臺北市第04選區,1079,1855,2934,7,2941,4989,2941,0,2048,58.95
63000090019,臺北市,南港區,仁福里,臺北市第04選區,1005,1807,2812,13,2825,4478,2825,0,1653,63.09
63000090001,臺北市,南港區,南港里,臺北市第04選區,1141,1471,2612,13,2625,5111,2625,0,2486,51.36
63000090010,臺北市,南港區,合成里,臺北市第04選區,1405,1803,3208,9,3217,5420,3217,0,2203,59.35
63000090011,臺北市,南港區,成福里,臺北市第04選區,1400,2207,3607,18,3625,5933,3625,0,2308,61.1
63000090006,臺北市,南港區,新光里,臺北市第04選區,706,1022,1728,8,1736,2989,1736,0,1253,58.08
63000090003,臺北市,南港區,新富里,臺北市第04選區,804,873,1677,6,1683,3029,1683,0,1346,55.56
63000090005,臺北市,南港區,東新里,臺北市第04選區,1370,1759,3129,6,3135,5533,3135,0,2398,56.66
63000090007,臺北市,南港區,東明里,臺北市第04選區,1093,1555,2648,6,2654,4502,2654,0,1848,58.95
63000090009,臺北市,南港區,玉成里,臺北市第04選區,1029,1188,2217,11,2228,3727,2228,0,1499,59.78
63000090014,臺北市,南港區,百福里,臺北市第04選區,1077,1327,2404,17,2421,4270,2421,0,1849,56.7
63000090015,臺北市,南港區,聯成里,臺北市第04選區,1000,1398,2398,12,2410,3852,2410,0,1442,62.56
63000090016,臺北市,南港區,舊莊里,臺北市第04選區,1674,2182,3856,21,3877,7212,3877,0,3335,53.76
63000090012,臺北市,南港區,萬福里,臺北市第04選區,876,1327,2203,12,2215,3442,2215,0,1227,64.35
63000090008,臺北市,南港區,西新里,臺北市第04選區,1020,980,2000,7,2007,3548,2008,1,1540,56.57
63000090020,臺北市,南港區,重陽里,臺北市第04選區,1200,1774,2974,16,2990,5040,2990,0,2050,59.33
63000090013,臺北市,南港區,鴻福里,臺北市第04選區,917,1276,2193,9,2202,3571,2202,0,1369,61.66
63000030005,臺北市,大安區,仁愛里,臺北市第06選區,954,1136,2090,6,2096,3965,2096,0,1869,52.86
63000030002,臺北市,大安區,仁慈里,臺北市第06選區,1189,1207,2396,11,2407,4087,2407,0,1680,58.89
63000030029,臺北市,大安區,住安里,臺北市第06選區,928,1263,2191,13,2204,3885,2204,0,1681,56.73
63000030056,臺北市,大安區,光信里,臺北市第06選區,1485,1909,3394,23,3417,5782,3417,0,2365,59.1
63000030019,臺北市,大安區,光明里,臺北市第06選區,737,883,1620,5,1625,2803,1626,1,1177,57.97
63000030010,臺北市,大安區,光武里,臺北市第06選區,1467,1767,3234,10,3244,5972,3244,0,2728,54.32
63000030035,臺北市,大安區,全安里,臺北市第06選區,789,1127,1916,8,1924,3372,1925,1,1447,57.06
63000030014,臺北市,大安區,古莊里,臺北市第06選區,1502,1877,3379,16,3395,5961,3395,0,2566,56.95
63000030013,臺北市,大安區,古風里,臺北市第06選區,860,1054,1914,7,1921,3241,1921,0,1320,59.27
63000030003,臺北市,大安區,和安里,臺北市第06選區,1244,1703,2947,6,2953,5170,2957,4,2213,57.12
63000030043,臺北市,大安區,大學里,臺北市第06選區,1816,2202,4018,18,4036,6764,4036,0,2728,59.67
63000030057,臺北市,大安區,學府里,臺北市第06選區,369,592,961,11,972,1761,973,1,788,55.2
63000030050,臺北市,大安區,建倫里,臺北市第06選區,1124,1404,2528,7,2535,4739,2535,0,2204,53.49
63000030049,臺北市,大安區,建安里,臺北市第06選區,900,1197,2097,10,2107,3756,2107,0,1649,56.1
63000030001,臺北市,大安區,德安里,臺北市第06選區,987,1461,2448,13,2461,4342,2461,0,1881,56.68
63000030051,臺北市,大安區,敦安里,臺北市第06選區,1224,1373,2597,14,2611,4797,2613,2,2184,54.43
63000030053,臺北市,大安區,敦煌里,臺北市第06選區,1200,1387,2587,13,2600,4666,2601,1,2065,55.72
63000030023,臺北市,大安區,新龍里,臺北市第06選區,1037,2162,3199,13,3212,5220,3212,0,2008,61.53
63000030008,臺北市,大安區,昌隆里,臺北市第06選區,745,795,1540,2,1542,2576,1542,0,1034,59.86
63000030052,臺北市,大安區,正聲里,臺北市第06選區,802,1181,1983,6,1989,3561,1989,0,1572,55.86
63000030004,臺北市,大安區,民炤里,臺北市第06選區,1689,1863,3552,21,3573,6258,3573,0,2685,57.09
63000030007,臺北市,大安區,民輝里,臺北市第06選區,1348,1589,2937,15,2952,5297,2952,0,2345,55.73
63000030018,臺北市,大安區,永康里,臺北市第06選區,676,954,1630,7,1637,2815,1637,0,1178,58.15
63000030034,臺北市,大安區,法治里,臺北市第06選區,809,1364,2173,9,2182,3564,2182,0,1382,61.22
63000030017,臺北市,大安區,福住里,臺北市第06選區,1254,1400,2654,9,2663,4695,2663,0,2032,56.72
63000030037,臺北市,大安區,群英里,臺北市第06選區,982,2524,3506,14,3520,5620,3520,0,2100,62.63
63000030036,臺北市,大安區,群賢里,臺北市第06選區,1005,1585,2590,8,2598,4504,2598,0,1906,57.68
63000030030,臺北市,大安區,義安里,臺北市第06選區,967,1421,2388,9,2397,4303,2397,0,1906,55.71
63000030006,臺北市,大安區,義村里,臺北市第06選區,919,1776,2695,7,2702,4453,2702,0,1751,60.68
63000030039,臺北市,大安區,臥龍里,臺北市第06選區,370,601,971,3,974,1620,974,0,646,60.12
63000030033,臺北市,大安區,臨江里,臺北市第06選區,864,1090,1954,8,1962,3354,1962,0,1392,58.5
63000030044,臺北市,大安區,芳和里,臺北市第06選區,1150,1580,2730,25,2755,4559,2755,0,1804,60.43
63000030054,臺北市,大安區,華聲里,臺北市第06選區,811,993,1804,5,1809,3253,1809,0,1444,55.61
63000030038,臺北市,大安區,虎嘯里,臺北市第06選區,741,1045,1786,9,1795,3013,1796,1,1217,59.58
63000030009,臺北市,大安區,誠安里,臺北市第06選區,882,949,1831,3,1834,3261,1834,0,1427,56.24
63000030055,臺北市,大安區,車層里,臺北市第06選區,1256,1460,2716,9,2725,4931,2725,0,2206,55.26
63000030031,臺北市,大安區,通化里,臺北市第06選區,1288,1421,2709,15,2724,4704,2725,1,1979,57.91
63000030032,臺北市,大安區,通安里,臺北市第06選區,1147,1455,2602,12,2614,4338,2614,0,1724,60.26
63000030016,臺北市,大安區,錦安里,臺北市第06選區,1225,1451,2676,12,2688,4564,2688,0,1876,58.9
63000030020,臺北市,大安區,錦泰里,臺北市第06選區,727,953,1680,4,1684,2888,1684,0,1204,58.31
63000030021,臺北市,大安區,錦華里,臺北市第06選區,1109,1437,2546,6,2552,4317,2552,0,1765,59.12
63000030046,臺北市,大安區,黎元里,臺北市第06選區,1089,1514,2603,14,2617,4352,2618,1,1734,60.13
63000030048,臺北市,大安區,黎和里,臺北市第06選區,927,1466,2393,10,2403,3952,2403,0,1549,60.8
63000030047,臺北市,大安區,黎孝里,臺北市第06選區,1594,2230,3824,16,3840,6132,3840,0,2292,62.62
63000030022,臺北市,大安區,龍圖里,臺北市第06選區,1245,1788,3033,14,3047,5372,3047,0,2325,56.72
63000030011,臺北市,大安區,龍坡里,臺北市第06選區,1227,1418,2645,10,2655,4455,2655,0,1800,59.6
63000030015,臺北市,大安區,龍安里,臺北市第06選區,1300,1488,2788,12,2800,6197,2800,0,3397,45.18
63000030012,臺北市,大安區,龍泉里,臺北市第06選區,1028,1167,2195,9,2204,3816,2204,0,1612,57.76
63000030040,臺北市,大安區,龍淵里,臺北市第06選區,1858,2219,4077,13,4090,6981,4090,0,2891,58.59
63000030028,臺北市,大安區,龍生里,臺北市第06選區,1319,1782,3101,15,3116,5233,3116,0,2117,59.55
63000030041,臺北市,大安區,龍門里,臺北市第06選區,905,986,1891,10,1901,3266,1901,0,1365,58.21
63000030026,臺北市,大安區,龍陣里,臺北市第06選區,700,938,1638,11,1649,2762,1650,1,1112,59.7
63000030027,臺北市,大安區,龍雲里,臺北市第06選區,956,1221,2177,13,2190,3732,2190,0,1542,58.68
63000080034,臺北市,文山區,博嘉里,臺北市第08選區,1105,1639,2744,13,2757,4750,2757,0,1993,58.04
63000080038,臺北市,文山區,忠順里,臺北市第08選區,713,1407,2120,13,2133,3470,2133,0,1337,61.47
63000080036,臺北市,文山區,指南里,臺北市第08選區,853,1050,1903,9,1912,3382,1912,0,1470,56.53
63000080040,臺北市,文山區,政大里,臺北市第08選區,1473,1968,3441,14,3455,5997,3455,0,2542,57.61
63000080025,臺北市,文山區,明義里,臺北市第08選區,556,996,1552,11,1563,2934,1563,0,1371,53.27
63000080026,臺北市,文山區,明興里,臺北市第08選區,1205,2010,3215,18,3233,5447,3234,1,2213,59.35
63000080005,臺北市,文山區,景仁里,臺北市第08選區,1128,1737,2865,9,2874,4748,2874,0,1874,60.53
63000080004,臺北市,文山區,景慶里,臺北市第08選區,1232,1762,2994,9,3003,5069,3003,0,2066,59.24
63000080002,臺北市,文山區,景東里,臺北市第08選區,1193,2008,3201,16,3217,5581,3217,0,2364,57.64
63000080003,臺北市,文山區,景美里,臺北市第08選區,1011,1373,2384,9,2393,4100,2393,0,1707,58.37
63000080006,臺北市,文山區,景華里,臺北市第08選區,1039,1590,2629,12,2641,4387,2641,0,1746,60.2
63000080001,臺北市,文山區,景行里,臺北市第08選區,1564,1894,3458,16,3474,6102,3474,0,2628,56.93
63000080028,臺北市,文山區,木新里,臺北市第08選區,1875,2425,4300,15,4315,8640,4315,0,4325,49.94
63000080027,臺北市,文山區,木柵里,臺北市第08選區,1616,3105,4721,18,4739,7904,4739,0,3165,59.96
63000080041,臺北市,文山區,樟文里,臺北市第08選區,1208,1658,2866,11,2877,4844,2877,0,1967,59.39
63000080031,臺北市,文山區,樟新里,臺北市第08選區,947,1621,2568,13,2581,4338,2581,0,1757,59.5
63000080030,臺北市,文山區,樟林里,臺北市第08選區,1439,2401,3840,17,3857,6727,3857,0,2870,57.34
63000080043,臺北市,文山區,樟樹里,臺北市第08選區,864,1305,2169,9,2178,3689,2178,0,1511,59.04
63000080032,臺北市,文山區,樟腳里,臺北市第08選區,994,1594,2588,15,2603,4322,2603,0,1719,60.23
63000080037,臺北市,文山區,老泉里,臺北市第08選區,231,202,433,2,435,713,435,0,278,61.01
63000080014,臺北市,文山區,興光里,臺北市第08選區,782,1072,1854,13,1867,3249,1867,0,1382,57.46
63000080018,臺北市,文山區,興安里,臺北市第08選區,1180,2128,3308,9,3317,5460,3317,0,2143,60.75
63000080015,臺北市,文山區,興家里,臺北市第08選區,1254,2337,3591,14,3605,5912,3605,0,2307,60.98
63000080016,臺北市,文山區,興得里,臺北市第08選區,1116,1855,2971,7,2978,5011,2978,0,2033,59.43
63000080020,臺北市,文山區,興旺里,臺北市第08選區,1314,2611,3925,18,3943,6635,3943,0,2692,59.43
63000080022,臺北市,文山區,興昌里,臺北市第08選區,1131,1955,3086,16,3102,5325,3102,0,2223,58.25
63000080017,臺北市,文山區,興業里,臺北市第08選區,833,1642,2475,7,2482,4213,2482,0,1731,58.91
63000080021,臺北市,文山區,興泰里,臺北市第08選區,770,1193,1963,12,1975,3357,1975,0,1382,58.83
63000080019,臺北市,文山區,興福里,臺北市第08選區,1101,1540,2641,13,2654,4366,2654,0,1712,60.79
63000080013,臺北市,文山區,興豐里,臺北市第08選區,965,1465,2430,13,2443,4024,2443,0,1581,60.71
63000080042,臺北市,文山區,興邦里,臺北市第08選區,802,1700,2502,9,2511,4063,2511,0,1552,61.8
63000080024,臺北市,文山區,華興里,臺北市第08選區,1640,2656,4296,15,4311,7339,4314,3,3025,58.74
63000080011,臺北市,文山區,萬和里,臺北市第08選區,574,1221,1795,10,1805,2994,1805,0,1189,60.29
63000080010,臺北市,文山區,萬年里,臺北市第08選區,1075,1465,2540,1,2541,4226,2541,0,1685,60.13
63000080007,臺北市,文山區,萬有里,臺北市第08選區,1035,1628,2663,9,2672,4372,2672,0,1700,61.12
63000080012,臺北市,文山區,萬盛里,臺北市第08選區,909,1350,2259,7,2266,3790,2266,0,1524,59.79
63000080008,臺北市,文山區,萬祥里,臺北市第08選區,911,1236,2147,6,2153,3608,2153,0,1455,59.67
63000080039,臺北市,文山區,萬美里,臺北市第08選區,1282,2035,3317,23,3340,5756,3340,0,2416,58.03
63000080035,臺北市,文山區,萬興里,臺北市第08選區,1652,2288,3940,19,3959,6743,3959,0,2784,58.71
63000080033,臺北市,文山區,萬芳里,臺北市第08選區,1418,2298,3716,16,3732,6313,3732,0,2581,59.12
63000080009,臺北市,文山區,萬隆里,臺北市第08選區,1264,2086,3350,17,3367,5558,3367,0,2191,60.58
63000080023,臺北市,文山區,試院里,臺北市第08選區,1243,2176,3419,22,3441,5569,3441,0,2128,61.79
63000080029,臺北市,文山區,順興里,臺北市第08選區,1398,2096,3494,12,3506,5815,3507,1,2308,60.29
63000010004,臺北市,松山區,三民里,臺北市第03選區,1475,1836,3311,15,3326,5442,3327,1,2115,61.12
63000010027,臺北市,松山區,中崙里,臺北市第07選區,898,991,1889,6,1895,3116,1895,0,1221,60.82
63000010026,臺北市,松山區,中正里,臺北市第07選區,2083,2021,4104,25,4129,7125,4130,1,2995,57.95
63000010015,臺北市,松山區,中華里,臺北市第03選區,1274,1727,3001,11,3012,4902,3012,0,1890,61.44
63000010009,臺北市,松山區,介壽里,臺北市第03選區,957,1064,2021,11,2032,3368,2032,0,1336,60.33
63000010029,臺北市,松山區,吉仁里,臺北市第07選區,841,885,1726,4,1730,3004,1732,2,1272,57.59
63000010022,臺北市,松山區,吉祥里,臺北市第07選區,1792,2138,3930,18,3948,6422,3948,0,2474,61.48
63000010019,臺北市,松山區,安平里,臺北市第03選區,1912,2058,3970,16,3986,6682,3986,0,2696,59.65
63000010008,臺北市,松山區,富泰里,臺北市第03選區,884,1319,2203,7,2210,3693,2210,0,1483,59.84
63000010006,臺北市,松山區,富錦里,臺北市第03選區,1098,1431,2529,14,2543,4066,2543,0,1523,62.54
63000010033,臺北市,松山區,復勢里,臺北市第07選區,1512,1512,3024,19,3043,5030,3043,0,1987,60.5
63000010032,臺北市,松山區,復建里,臺北市第07選區,993,1111,2104,7,2111,3530,2111,0,1419,59.8
63000010031,臺北市,松山區,復源里,臺北市第07選區,736,893,1629,7,1636,2685,1636,0,1049,60.93
63000010025,臺北市,松山區,復盛里,臺北市第07選區,1322,1753,3075,15,3090,4883,3091,1,1792,63.28
63000010018,臺北市,松山區,慈祐里,臺北市第07選區,1871,1733,3604,12,3616,6956,3616,0,3340,51.98
63000010030,臺北市,松山區,敦化里,臺北市第07選區,1653,1687,3340,14,3354,5189,3354,0,1835,64.64
63000010007,臺北市,松山區,新東里,臺北市第03選區,1073,1343,2416,9,2425,3855,2426,1,1429,62.91
63000010005,臺北市,松山區,新益里,臺北市第03選區,1113,1257,2370,10,2380,3660,2380,0,1280,65.03
63000010024,臺北市,松山區,新聚里,臺北市第07選區,1787,1983,3770,18,3788,6248,3788,0,2460,60.63
63000010011,臺北市,松山區,東光里,臺北市第03選區,1453,1963,3416,17,3433,5595,3433,0,2162,61.36
63000010014,臺北市,松山區,東勢里,臺北市第03選區,1043,1055,2098,8,2106,3341,2106,0,1235,63.04
63000010013,臺北市,松山區,東昌里,臺北市第03選區,631,568,1199,6,1205,1962,1205,0,757,61.42
63000010003,臺北市,松山區,東榮里,臺北市第03選區,1934,1930,3864,12,3876,6155,3876,0,2279,62.97
63000010035,臺北市,松山區,松基里,臺北市第03選區,901,854,1755,9,1764,2920,1764,0,1156,60.41
63000010016,臺北市,松山區,民有里,臺北市第03選區,2225,2175,4400,19,4419,7068,4420,1,2648,62.52
63000010017,臺北市,松山區,民福里,臺北市第03選區,1283,1873,3156,10,3166,5040,3167,1,1873,62.82
63000010034,臺北市,松山區,福成里,臺北市第07選區,583,579,1162,3,1165,2010,1165,0,845,57.96
63000010010,臺北市,松山區,精忠里,臺北市第03選區,909,1106,2015,9,2024,3388,2024,0,1364,59.74
63000010028,臺北市,松山區,美仁里,臺北市第07選區,799,763,1562,4,1566,2644,1566,0,1078,59.23
63000010021,臺北市,松山區,自強里,臺北市第03選區,1233,3335,4568,10,4578,7273,4578,0,2695,62.95
63000010002,臺北市,松山區,莊敬里,臺北市第03選區,1015,1463,2478,9,2487,4077,2487,0,1590,61
63000010020,臺北市,松山區,鵬程里,臺北市第03選區,973,1487,2460,8,2468,3849,2468,0,1381,64.12
63000010012,臺北市,松山區,龍田里,臺北市第03選區,1752,3209,4961,24,4985,8211,4986,1,3225,60.71
10014040006,臺東縣,卑南鄉,初鹿村,臺東縣第01選區,146,240,386,1,387,731,387,0,344,52.94
10014040002,臺東縣,卑南鄉,利吉村,臺東縣第01選區,42,64,106,2,108,228,108,0,120,47.37
10014040011,臺東縣,卑南鄉,利嘉村,臺東縣第01選區,70,108,178,0,178,350,178,0,172,50.86
10014040001,臺東縣,卑南鄉,嘉豐村,臺東縣第01選區,24,27,51,0,51,135,51,0,84,37.78
10014040010,臺東縣,卑南鄉,太平村,臺東縣第01選區,405,771,1176,5,1181,2187,1181,0,1006,54
10014040003,臺東縣,卑南鄉,富山村,臺東縣第01選區,39,80,119,1,120,274,120,0,154,43.8
10014040004,臺東縣,卑南鄉,富源村,臺東縣第01選區,62,64,126,0,126,287,126,0,161,43.9
10014040005,臺東縣,卑南鄉,明峰村,臺東縣第01選區,166,209,375,1,376,782,376,0,406,48.08
10014040012,臺東縣,卑南鄉,東興村,臺東縣第01選區,15,41,56,0,56,115,56,0,59,48.7
10014040009,臺東縣,卑南鄉,泰安村,臺東縣第01選區,97,187,284,2,286,576,286,0,290,49.65
10014040013,臺東縣,卑南鄉,溫泉村,臺東縣第01選區,212,230,442,6,448,961,448,0,513,46.62
10014040007,臺東縣,卑南鄉,美農村,臺東縣第01選區,224,223,447,2,449,914,449,0,465,49.12
10014040008,臺東縣,卑南鄉,賓朗村,臺東縣第01選區,372,413,785,7,792,1492,792,0,700,53.08
10014100005,臺東縣,大武鄉,南興村,臺東縣第01選區,42,53,95,0,95,203,95,0,108,46.8
10014100003,臺東縣,大武鄉,大武村,臺東縣第01選區,68,187,255,2,257,545,257,0,288,47.16
10014100001,臺東縣,大武鄉,大竹村,臺東縣第01選區,2,11,13,1,14,51,14,0,37,27.45
10014100002,臺東縣,大武鄉,大鳥村,臺東縣第01選區,7,7,14,0,14,35,14,0,21,40
10014100004,臺東縣,大武鄉,尚武村,臺東縣第01選區,165,226,391,3,394,915,394,0,521,43.06
10014090002,臺東縣,太麻里鄉,三和村,臺東縣第01選區,95,141,236,0,236,514,236,0,278,45.91
10014090004,臺東縣,太麻里鄉,北里村,臺東縣第01選區,67,75,142,1,143,290,143,0,147,49.31
10014090009,臺東縣,太麻里鄉,多良村,臺東縣第01選區,18,35,53,0,53,139,53,0,86,38.13
10014090006,臺東縣,太麻里鄉,大王村,臺東縣第01選區,189,258,447,1,448,997,448,0,549,44.93
10014090005,臺東縣,太麻里鄉,泰和村,臺東縣第01選區,177,321,498,4,502,949,502,0,447,52.9
10014090001,臺東縣,太麻里鄉,美和村,臺東縣第01選區,199,232,431,1,432,864,432,0,432,50
10014090003,臺東縣,太麻里鄉,華源村,臺東縣第01選區,146,113,259,1,260,545,260,0,285,47.71
10014090008,臺東縣,太麻里鄉,金崙村,臺東縣第01選區,20,48,68,0,68,207,68,0,139,32.85
10014090007,臺東縣,太麻里鄉,香蘭村,臺東縣第01選區,57,119,176,0,176,356,176,0,180,49.44
10014130005,臺東縣,延平鄉,桃源村,臺東縣第01選區,16,25,41,0,41,106,41,0,65,38.68
10014130001,臺東縣,延平鄉,武陵村,臺東縣第01選區,3,9,12,0,12,27,12,0,15,44.44
10014130002,臺東縣,延平鄉,永康村,臺東縣第01選區,3,8,11,0,11,19,11,0,8,57.89
10014130003,臺東縣,延平鄉,紅葉村,臺東縣第01選區,2,9,11,0,11,28,11,0,17,39.29
10014130004,臺東縣,延平鄉,鸞山村,臺東縣第01選區,9,13,22,0,22,65,22,0,43,33.85
10014020003,臺東縣,成功鎮,三仙里,臺東縣第01選區,43,96,139,1,140,377,140,0,237,37.14
10014020004,臺東縣,成功鎮,三民里,臺東縣第01選區,122,357,479,3,482,1091,482,0,609,44.18
10014020008,臺東縣,成功鎮,信義里,臺東縣第01選區,68,103,171,2,173,386,173,0,213,44.82
10014020001,臺東縣,成功鎮,博愛里,臺東縣第01選區,11,17,28,0,28,58,28,0,30,48.28
10014020007,臺東縣,成功鎮,和平里,臺東縣第01選區,25,24,49,0,49,128,49,0,79,38.28
10014020006,臺東縣,成功鎮,忠仁里,臺東縣第01選區,211,490,701,2,703,1515,703,0,812,46.4
10014020002,臺東縣,成功鎮,忠孝里,臺東縣第01選區,44,70,114,0,114,291,114,0,177,39.18
10014020005,臺東縣,成功鎮,忠智里,臺東縣第01選區,173,531,704,0,704,1456,704,0,752,48.35
10014070001,臺東縣,東河鄉,北源村,臺東縣第01選區,87,184,271,0,271,809,271,0,538,33.5
10014070004,臺東縣,東河鄉,尚德村,臺東縣第01選區,20,29,49,0,49,143,49,0,94,34.27
10014070003,臺東縣,東河鄉,東河村,臺東縣第01選區,32,77,109,0,109,298,109,0,189,36.58
10014070002,臺東縣,東河鄉,泰源村,臺東縣第01選區,56,107,163,0,163,367,163,0,204,44.41
10014070006,臺東縣,東河鄉,興昌村,臺東縣第01選區,125,127,252,2,254,489,254,0,235,51.94
10014070007,臺東縣,東河鄉,都蘭村,臺東縣第01選區,227,279,506,5,511,1041,511,0,530,49.09
10014070005,臺東縣,東河鄉,隆昌村,臺東縣第01選區,42,35,77,0,77,176,77,0,99,43.75
10014060003,臺東縣,池上鄉,大坡村,臺東縣第01選區,6,27,33,0,33,86,33,0,53,38.37
10014060004,臺東縣,池上鄉,大埔村,臺東縣第01選區,72,98,170,1,171,350,171,0,179,48.86
10014060009,臺東縣,池上鄉,富興村,臺東縣第01選區,30,82,112,0,112,246,112,0,134,45.53
10014060002,臺東縣,池上鄉,慶豐村,臺東縣第01選區,71,151,222,3,225,485,225,0,260,46.39
10014060010,臺東縣,池上鄉,振興村,臺東縣第01選區,18,29,47,0,47,123,47,0,76,38.21
10014060007,臺東縣,池上鄉,新興村,臺東縣第01選區,113,173,286,2,288,635,288,0,347,45.35
10014060005,臺東縣,池上鄉,福原村,臺東縣第01選區,302,500,802,5,807,1612,807,0,805,50.06
10014060001,臺東縣,池上鄉,福文村,臺東縣第01選區,124,205,329,1,330,750,330,0,420,44
10014060008,臺東縣,池上鄉,萬安村,臺東縣第01選區,58,58,116,0,116,254,116,0,138,45.67
10014060006,臺東縣,池上鄉,錦園村,臺東縣第01選區,50,53,103,1,104,285,104,0,181,36.49
10014120003,臺東縣,海端鄉,利稻村,臺東縣第01選區,0,6,6,0,6,20,6,0,14,30
10014120006,臺東縣,海端鄉,加拿村,臺東縣第01選區,1,7,8,0,8,19,8,0,11,42.11
10014120005,臺東縣,海端鄉,崁頂村,臺東縣第01選區,2,9,11,0,11,24,11,0,13,45.83
10014120001,臺東縣,海端鄉,廣原村,臺東縣第01選區,2,12,14,1,15,48,15,0,33,31.25
10014120004,臺東縣,海端鄉,海端村,臺東縣第01選區,6,25,31,0,31,72,31,0,41,43.06
10014120002,臺東縣,海端鄉,霧鹿村,臺東縣第01選區,6,3,9,0,9,17,9,0,8,52.94
10014110002,臺東縣,綠島鄉,中寮村,臺東縣第01選區,94,239,333,3,336,1016,336,0,680,33.07
10014110001,臺東縣,綠島鄉,公舘村,臺東縣第01選區,82,266,348,1,349,979,349,0,630,35.65
10014110003,臺東縣,綠島鄉,南寮村,臺東縣第01選區,153,413,566,5,571,1570,571,0,999,36.37
10014010024,臺東縣,臺東市,中山里,臺東縣第01選區,402,492,894,5,899,1557,899,0,658,57.74
10014010011,臺東縣,臺東市,中心里,臺東縣第01選區,472,750,1222,2,1224,2228,1224,0,1004,54.94
10014010020,臺東縣,臺東市,中正里,臺東縣第01選區,421,626,1047,5,1052,1917,1052,0,865,54.88
10014010015,臺東縣,臺東市,中華里,臺東縣第01選區,367,511,878,1,879,1690,879,0,811,52.01
10014010047,臺東縣,臺東市,仁和里,臺東縣第01選區,446,831,1277,5,1282,2490,1282,0,1208,51.49
10014010032,臺東縣,臺東市,光明里,臺東縣第01選區,382,702,1084,2,1086,2067,1086,0,981,52.54
10014010005,臺東縣,臺東市,卑南里,臺東縣第01選區,641,865,1506,4,1510,2655,1510,0,1145,56.87
10014010006,臺東縣,臺東市,南榮里,臺東縣第01選區,295,568,863,5,868,1666,868,0,798,52.1
10014010004,臺東縣,臺東市,南王里,臺東縣第01選區,323,590,913,1,914,1796,914,0,882,50.89
10014010001,臺東縣,臺東市,富岡里,臺東縣第01選區,207,433,640,4,644,1354,644,0,710,47.56
10014010009,臺東縣,臺東市,寶桑里,臺東縣第01選區,256,323,579,3,582,1066,582,0,484,54.6
10014010003,臺東縣,臺東市,岩灣里,臺東縣第01選區,313,641,954,0,954,1881,954,0,927,50.72
10014010035,臺東縣,臺東市,康樂里,臺東縣第01選區,243,330,573,4,577,1130,577,0,553,51.06
10014010042,臺東縣,臺東市,建和里,臺東縣第01選區,100,184,284,2,286,612,286,0,326,46.73
10014010017,臺東縣,臺東市,建國里,臺東縣第01選區,309,499,808,1,809,1587,809,0,778,50.98
10014010043,臺東縣,臺東市,建興里,臺東縣第01選區,239,307,546,2,548,1070,548,0,522,51.21
10014010046,臺東縣,臺東市,建農里,臺東縣第01選區,131,360,491,3,494,1143,494,0,649,43.22
10014010022,臺東縣,臺東市,成功里,臺東縣第01選區,334,526,860,4,864,1594,864,0,730,54.2
10014010023,臺東縣,臺東市,文化里,臺東縣第01選區,240,395,635,3,638,1409,638,0,771,45.28
10014010029,臺東縣,臺東市,新園里,臺東縣第01選區,197,216,413,2,415,829,415,0,414,50.06
10014010007,臺東縣,臺東市,新生里,臺東縣第01選區,546,933,1479,3,1482,2739,1482,0,1257,54.11
10014010037,臺東縣,臺東市,新興里,臺東縣第01選區,226,331,557,2,559,1137,559,0,578,49.16
10014010036,臺東縣,臺東市,東海里,臺東縣第01選區,362,641,1003,5,1008,1732,1008,0,724,58.2
10014010013,臺東縣,臺東市,民族里,臺東縣第01選區,458,602,1060,4,1064,2035,1064,0,971,52.29
10014010008,臺東縣,臺東市,民生里,臺東縣第01選區,551,842,1393,6,1399,2450,1399,0,1051,57.1
10014010034,臺東縣,臺東市,永樂里,臺東縣第01選區,399,581,980,4,984,1859,984,0,875,52.93
10014010045,臺東縣,臺東市,知本里,臺東縣第01選區,239,393,632,3,635,1311,635,0,676,48.44
10014010012,臺東縣,臺東市,自強里,臺東縣第01選區,543,949,1492,6,1498,2675,1498,0,1177,56
10014010041,臺東縣,臺東市,豐原里,臺東縣第01選區,220,261,481,5,486,1032,486,0,546,47.09
10014010048,臺東縣,臺東市,豐安里,臺東縣第01選區,466,832,1298,3,1301,2514,1301,0,1213,51.75
10014010031,臺東縣,臺東市,豐年里,臺東縣第01選區,408,638,1046,5,1051,2110,1051,0,1059,49.81
10014010038,臺東縣,臺東市,豐榮里,臺東縣第01選區,410,868,1278,8,1286,2489,1286,0,1203,51.67
10014010033,臺東縣,臺東市,豐樂里,臺東縣第01選區,263,403,666,3,669,1225,669,0,556,54.61
10014010030,臺東縣,臺東市,豐田里,臺東縣第01選區,417,531,948,8,956,1889,956,0,933,50.61
10014010049,臺東縣,臺東市,豐盛里,臺東縣第01選區,473,1011,1484,6,1490,2735,1490,0,1245,54.48
10014010039,臺東縣,臺東市,豐谷里,臺東縣第01選區,392,777,1169,3,1172,2387,1172,0,1215,49.1
10014010040,臺東縣,臺東市,豐里里,臺東縣第01選區,405,488,893,6,899,1719,899,0,820,52.3
10014010010,臺東縣,臺東市,馬蘭里,臺東縣第01選區,317,678,995,4,999,1775,999,0,776,56.28
10014160002,臺東縣,蘭嶼鄉,朗島村,臺東縣第01選區,12,8,20,1,21,85,21,0,64,24.71
10014160001,臺東縣,蘭嶼鄉,東清村,臺東縣第01選區,33,16,49,0,49,173,49,0,124,28.32
10014160004,臺東縣,蘭嶼鄉,椰油村,臺東縣第01選區,27,43,70,0,70,256,70,0,186,27.34
10014160003,臺東縣,蘭嶼鄉,紅頭村,臺東縣第01選區,39,51,90,1,91,296,91,0,205,30.74
10014150006,臺東縣,達仁鄉,南田村,臺東縣第01選區,3,11,14,0,14,42,14,0,28,33.33
10014150001,臺東縣,達仁鄉,台坂村,臺東縣第01選區,0,4,4,0,4,14,4,0,10,28.57
10014150002,臺東縣,達仁鄉,土坂村,臺東縣第01選區,1,2,3,0,3,16,3,0,13,18.75
10014150004,臺東縣,達仁鄉,安朔村,臺東縣第01選區,6,17,23,0,23,61,23,0,38,37.7
10014150003,臺東縣,達仁鄉,新化村,臺東縣第01選區,0,6,6,0,6,11,6,0,5,54.55
10014150005,臺東縣,達仁鄉,森永村,臺東縣第01選區,6,8,14,0,14,26,14,0,12,53.85
10014140003,臺東縣,金峰鄉,嘉蘭村,臺東縣第01選區,3,14,17,0,17,36,17,0,19,47.22
10014140001,臺東縣,金峰鄉,新興村,臺東縣第01選區,6,4,10,0,10,18,10,0,8,55.56
10014140002,臺東縣,金峰鄉,正興村,臺東縣第01選區,1,7,8,0,8,22,8,0,14,36.36
10014140005,臺東縣,金峰鄉,歷坵村,臺東縣第01選區,2,12,14,0,14,19,14,0,5,73.68
10014140004,臺東縣,金峰鄉,賓茂村,臺東縣第01選區,0,5,5,0,5,8,5,0,3,62.5
10014080002,臺東縣,長濱鄉,三間村,臺東縣第01選區,31,63,94,0,94,261,94,0,167,36.02
10014080006,臺東縣,長濱鄉,寧埔村,臺東縣第01選區,31,57,88,0,88,232,88,0,144,37.93
10014080003,臺東縣,長濱鄉,忠勇村,臺東縣第01選區,39,110,149,0,149,365,149,0,216,40.82
10014080001,臺東縣,長濱鄉,樟原村,臺東縣第01選區,17,64,81,0,81,174,81,0,93,46.55
10014080005,臺東縣,長濱鄉,竹湖村,臺東縣第01選區,47,42,89,1,90,263,90,0,173,34.22
10014080004,臺東縣,長濱鄉,長濱村,臺東縣第01選區,136,284,420,1,421,1033,421,0,612,40.76
10014030004,臺東縣,關山鎮,中福里,臺東縣第01選區,115,225,340,1,341,633,341,0,292,53.87
10014030001,臺東縣,關山鎮,德高里,臺東縣第01選區,134,280,414,3,417,954,417,0,537,43.71
10014030003,臺東縣,關山鎮,新福里,臺東縣第01選區,100,184,284,1,285,572,285,0,287,49.83
10014030007,臺東縣,關山鎮,月眉里,臺東縣第01選區,83,130,213,1,214,506,214,0,292,42.29
10014030002,臺東縣,關山鎮,豐泉里,臺東縣第01選區,122,326,448,2,450,899,450,0,449,50.06
10014030005,臺東縣,關山鎮,里壠里,臺東縣第01選區,178,403,581,3,584,1171,584,0,587,49.87
10014030006,臺東縣,關山鎮,電光里,臺東縣第01選區,15,39,54,1,55,159,55,0,104,34.59
10014050004,臺東縣,鹿野鄉,永安村,臺東縣第01選區,163,240,403,2,405,893,405,0,488,45.35
10014050001,臺東縣,鹿野鄉,瑞和村,臺東縣第01選區,41,77,118,0,118,287,118,0,169,41.11
10014050003,臺東縣,鹿野鄉,瑞源村,臺東縣第01選區,88,123,211,0,211,447,211,0,236,47.2
10014050002,臺東縣,鹿野鄉,瑞豐村,臺東縣第01選區,192,142,334,0,334,742,334,0,408,45.01
10014050005,臺東縣,鹿野鄉,瑞隆村,臺東縣第01選區,85,156,241,1,242,559,242,0,317,43.29
10014050006,臺東縣,鹿野鄉,鹿野村,臺東縣第01選區,105,168,273,2,275,583,275,0,308,47.17
10014050007,臺東縣,鹿野鄉,龍田村,臺東縣第01選區,214,231,445,4,449,912,449,0,463,49.23
10015070014,花蓮縣,光復鄉,北富村,花蓮縣第01選區,23,38,61,0,61,140,61,0,79,43.57
10015070013,花蓮縣,光復鄉,南富村,花蓮縣第01選區,35,27,62,0,62,105,62,0,43,59.05
10015070007,花蓮縣,光復鄉,大全村,花蓮縣第01選區,113,105,218,0,218,419,218,0,201,52.03
10015070005,花蓮縣,光復鄉,大同村,花蓮縣第01選區,148,159,307,5,312,567,312,0,255,55.03
10015070001,花蓮縣,光復鄉,大安村,花蓮縣第01選區,203,219,422,4,426,675,426,0,249,63.11
10015070009,花蓮縣,光復鄉,大富村,花蓮縣第01選區,70,67,137,1,138,240,138,0,102,57.5
10015070003,花蓮縣,光復鄉,大平村,花蓮縣第01選區,59,64,123,0,123,260,123,0,137,47.31
10015070008,花蓮縣,光復鄉,大興村,花蓮縣第01選區,47,63,110,0,110,224,110,0,114,49.11
10015070002,花蓮縣,光復鄉,大華村,花蓮縣第01選區,231,252,483,3,486,817,486,0,331,59.49
10015070010,花蓮縣,光復鄉,大豐村,花蓮縣第01選區,72,105,177,3,180,325,180,0,145,55.38
10015070006,花蓮縣,光復鄉,大進村,花蓮縣第01選區,70,114,184,3,187,305,187,0,118,61.31
10015070004,花蓮縣,光復鄉,大馬村,花蓮縣第01選區,55,77,132,2,134,258,134,0,124,51.94
10015070011,花蓮縣,光復鄉,東富村,花蓮縣第01選區,21,31,52,0,52,109,52,0,57,47.71
10015070012,花蓮縣,光復鄉,西富村,花蓮縣第01選區,47,80,127,1,128,256,128,0,128,50
10015130005,花蓮縣,卓溪鄉,卓清村,花蓮縣第01選區,6,11,17,0,17,45,17,0,28,37.78
10015130004,花蓮縣,卓溪鄉,卓溪村,花蓮縣第01選區,7,25,32,0,32,75,32,0,43,42.67
10015130006,花蓮縣,卓溪鄉,古風村,花蓮縣第01選區,4,20,24,0,24,48,24,0,24,50
10015130003,花蓮縣,卓溪鄉,太平村,花蓮縣第01選區,1,5,6,0,6,17,6,0,11,35.29
10015130001,花蓮縣,卓溪鄉,崙山村,花蓮縣第01選區,0,10,10,0,10,24,10,0,14,41.67
10015130002,花蓮縣,卓溪鄉,立山村,花蓮縣第01選區,0,8,8,0,8,25,8,0,17,32
10015050017,花蓮縣,吉安鄉,仁和村,花蓮縣第01選區,826,1175,2001,15,2016,3350,2016,0,1334,60.18
10015050016,花蓮縣,吉安鄉,仁安村,花蓮縣第01選區,466,557,1023,2,1025,1758,1025,0,733,58.3
10015050014,花蓮縣,吉安鄉,仁里村,花蓮縣第01選區,1251,1744,2995,25,3020,4828,3020,0,1808,62.55
10015050018,花蓮縣,吉安鄉,光華村,花蓮縣第01選區,326,557,883,9,892,1523,892,0,631,58.57
10015050002,花蓮縣,吉安鄉,勝安村,花蓮縣第01選區,1367,1651,3018,14,3032,4642,3032,0,1610,65.32
10015050001,花蓮縣,吉安鄉,北昌村,花蓮縣第01選區,1435,1733,3168,17,3185,5079,3185,0,1894,62.71
10015050012,花蓮縣,吉安鄉,南昌村,花蓮縣第01選區,743,1003,1746,8,1754,2840,1754,0,1086,61.76
10015050008,花蓮縣,吉安鄉,南華村,花蓮縣第01選區,354,341,695,5,700,1067,700,0,367,65.6
10015050006,花蓮縣,吉安鄉,吉安村,花蓮縣第01選區,1241,1530,2771,19,2790,4684,2790,0,1894,59.56
NA,花蓮縣,吉安鄉,吉昌村,NA,395,426,821,5,826,1297,826,0,471,63.69
10015050003,花蓮縣,吉安鄉,太昌村,花蓮縣第01選區,803,817,1620,5,1625,2772,1625,0,1147,58.62
10015050013,花蓮縣,吉安鄉,宜昌村,花蓮縣第01選區,885,1051,1936,13,1949,3023,1949,0,1074,64.47
10015050009,花蓮縣,吉安鄉,干城村,花蓮縣第01選區,160,308,468,0,468,904,468,0,436,51.77
10015050005,花蓮縣,吉安鄉,慶豐村,花蓮縣第01選區,1665,2088,3753,20,3773,5993,3773,0,2220,62.96
10015050015,花蓮縣,吉安鄉,東昌村,花蓮縣第01選區,1004,1450,2454,16,2470,3982,2470,0,1512,62.03
10015050004,花蓮縣,吉安鄉,永安村,花蓮縣第01選區,977,1315,2292,13,2305,3703,2305,0,1398,62.25
10015050010,花蓮縣,吉安鄉,永興村,花蓮縣第01選區,525,870,1395,11,1406,2327,1406,0,921,60.42
10015050007,花蓮縣,吉安鄉,福興村,花蓮縣第01選區,728,802,1530,11,1541,2382,1541,0,841,64.69
10015050011,花蓮縣,吉安鄉,稻香村,花蓮縣第01選區,706,1076,1782,9,1791,2820,1791,0,1029,63.51
10015060008,花蓮縣,壽豐鄉,光榮村,花蓮縣第01選區,29,60,89,1,90,139,90,0,49,64.75
10015060006,花蓮縣,壽豐鄉,共和村,花蓮縣第01選區,153,205,358,6,364,572,364,0,208,63.64
10015060007,花蓮縣,壽豐鄉,壽豐村,花蓮縣第01選區,282,323,605,3,608,980,608,0,372,62.04
10015060010,花蓮縣,壽豐鄉,平和村,花蓮縣第01選區,330,295,625,2,627,1048,627,0,421,59.83
10015060011,花蓮縣,壽豐鄉,志學村,花蓮縣第01選區,632,655,1287,6,1293,2144,1293,0,851,60.31
10015060013,花蓮縣,壽豐鄉,月眉村,花蓮縣第01選區,47,81,128,1,129,220,129,0,91,58.64
10015060001,花蓮縣,壽豐鄉,樹湖村,花蓮縣第01選區,60,101,161,4,165,269,165,0,104,61.34
10015060014,花蓮縣,壽豐鄉,水璉村,花蓮縣第01選區,54,67,121,2,123,235,123,0,112,52.34
10015060009,花蓮縣,壽豐鄉,池南村,花蓮縣第01選區,110,120,230,2,232,371,232,0,139,62.53
10015060002,花蓮縣,壽豐鄉,溪口村,花蓮縣第01選區,135,172,307,6,313,557,313,0,244,56.19
10015060012,花蓮縣,壽豐鄉,米棧村,花蓮縣第01選區,24,48,72,0,72,113,72,0,41,63.72
10015060005,花蓮縣,壽豐鄉,豐坪村,花蓮縣第01選區,163,242,405,1,406,632,406,0,226,64.24
10015060003,花蓮縣,壽豐鄉,豐山村,花蓮縣第01選區,328,555,883,8,891,1508,891,0,617,59.08
10015060004,花蓮縣,壽豐鄉,豐裡村,花蓮縣第01選區,249,400,649,2,651,1035,651,0,384,62.9
10015060015,花蓮縣,壽豐鄉,鹽寮村,花蓮縣第01選區,65,97,162,0,162,249,162,0,87,65.06
10015100001,花蓮縣,富里鄉,吳江村,花蓮縣第01選區,46,118,164,0,164,300,164,0,136,54.67
10015100013,花蓮縣,富里鄉,學田村,花蓮縣第01選區,123,162,285,2,287,476,287,0,189,60.29
10015100012,花蓮縣,富里鄉,富南村,花蓮縣第01選區,49,115,164,2,166,371,166,0,205,44.74
10015100009,花蓮縣,富里鄉,富里村,花蓮縣第01選區,188,398,586,5,591,1151,592,1,559,51.35
10015100004,花蓮縣,富里鄉,新興村,花蓮縣第01選區,61,147,208,7,215,412,215,0,197,52.18
10015100008,花蓮縣,富里鄉,明里村,花蓮縣第01選區,44,116,160,2,162,316,162,0,154,51.27
10015100002,花蓮縣,富里鄉,東里村,花蓮縣第01選區,132,217,349,5,354,769,354,0,415,46.03
10015100010,花蓮縣,富里鄉,永豐村,花蓮縣第01選區,52,124,176,2,178,385,178,0,207,46.23
10015100007,花蓮縣,富里鄉,石牌村,花蓮縣第01選區,125,311,436,5,441,812,441,0,371,54.31
10015100005,花蓮縣,富里鄉,竹田村,花蓮縣第01選區,111,371,482,4,486,911,486,0,425,53.35
10015100006,花蓮縣,富里鄉,羅山村,花蓮縣第01選區,53,140,193,3,196,387,196,0,191,50.65
10015100003,花蓮縣,富里鄉,萬寧村,花蓮縣第01選區,50,164,214,2,216,423,216,0,207,51.06
10015100011,花蓮縣,富里鄉,豐南村,花蓮縣第01選區,37,71,108,1,109,215,109,0,106,50.7
10015040005,花蓮縣,新城鄉,佳林村,花蓮縣第01選區,177,254,431,1,432,692,432,0,260,62.43
10015040004,花蓮縣,新城鄉,北埔村,花蓮縣第01選區,532,815,1347,10,1357,2340,1357,0,983,57.99
10015040007,花蓮縣,新城鄉,嘉新村,花蓮縣第01選區,119,234,353,3,356,664,356,0,308,53.61
10015040006,花蓮縣,新城鄉,嘉里村,花蓮縣第01選區,604,880,1484,10,1494,2582,1494,0,1088,57.86
10015040008,花蓮縣,新城鄉,大漢村,花蓮縣第01選區,307,516,823,3,826,1361,826,0,535,60.69
10015040003,花蓮縣,新城鄉,康樂村,花蓮縣第01選區,405,616,1021,10,1031,1628,1031,0,597,63.33
10015040001,花蓮縣,新城鄉,新城村,花蓮縣第01選區,263,337,600,4,604,975,604,0,371,61.95
10015040009,花蓮縣,新城鄉,新秀村,花蓮縣第01選區,266,403,669,8,677,1147,677,0,470,59.02
10015040002,花蓮縣,新城鄉,順安村,花蓮縣第01選區,248,165,413,0,413,696,413,0,283,59.34
10015030014,花蓮縣,玉里鎮,三民里,花蓮縣第01選區,132,228,360,2,362,683,362,0,321,53
10015030001,花蓮縣,玉里鎮,中城里,花蓮縣第01選區,949,1520,2469,17,2486,4208,2486,0,1722,59.08
10015030002,花蓮縣,玉里鎮,啟模里,花蓮縣第01選區,214,391,605,5,610,1184,610,0,574,51.52
10015030005,花蓮縣,玉里鎮,國武里,花蓮縣第01選區,219,320,539,5,544,949,544,0,405,57.32
10015030015,花蓮縣,玉里鎮,大禹里,花蓮縣第01選區,110,242,352,2,354,704,354,0,350,50.28
10015030013,花蓮縣,玉里鎮,德武里,花蓮縣第01選區,3,11,14,0,14,42,14,0,28,33.33
10015030012,花蓮縣,玉里鎮,春日里,花蓮縣第01選區,55,77,132,1,133,280,133,0,147,47.5
10015030009,花蓮縣,玉里鎮,東豐里,花蓮縣第01選區,41,80,121,1,122,256,122,0,134,47.66
10015030011,花蓮縣,玉里鎮,松浦里,花蓮縣第01選區,57,92,149,2,151,298,151,0,147,50.67
10015030008,花蓮縣,玉里鎮,樂合里,花蓮縣第01選區,45,80,125,3,128,285,128,0,157,44.91
10015030003,花蓮縣,玉里鎮,永昌里,花蓮縣第01選區,150,282,432,4,436,898,436,0,462,48.55
10015030004,花蓮縣,玉里鎮,泰昌里,花蓮縣第01選區,134,260,394,1,395,960,395,0,565,41.15
10015030006,花蓮縣,玉里鎮,源城里,花蓮縣第01選區,159,320,479,6,485,893,485,0,408,54.31
10015030010,花蓮縣,玉里鎮,觀音里,花蓮縣第01選區,126,259,385,4,389,738,389,0,349,52.71
10015030007,花蓮縣,玉里鎮,長良里,花蓮縣第01選區,50,93,143,4,147,299,147,0,152,49.16
10015090008,花蓮縣,瑞穗鄉,奇美村,花蓮縣第01選區,7,15,22,1,23,35,23,0,12,65.71
10015090010,花蓮縣,瑞穗鄉,富民村,花蓮縣第01選區,31,52,83,0,83,170,83,0,87,48.82
10015090009,花蓮縣,瑞穗鄉,富源村,花蓮縣第01選區,87,145,232,1,233,420,233,0,187,55.48
10015090011,花蓮縣,瑞穗鄉,富興村,花蓮縣第01選區,88,89,177,3,180,317,180,0,137,56.78
10015090005,花蓮縣,瑞穗鄉,瑞北村,花蓮縣第01選區,57,100,157,2,159,280,159,0,121,56.79
10015090004,花蓮縣,瑞穗鄉,瑞祥村,花蓮縣第01選區,152,201,353,3,356,626,356,0,270,56.87
10015090001,花蓮縣,瑞穗鄉,瑞穗村,花蓮縣第01選區,309,488,797,4,801,1351,801,0,550,59.29
10015090002,花蓮縣,瑞穗鄉,瑞美村,花蓮縣第01選區,316,508,824,8,832,1367,832,0,535,60.86
10015090003,花蓮縣,瑞穗鄉,瑞良村,花蓮縣第01選區,74,99,173,0,173,310,173,0,137,55.81
10015090006,花蓮縣,瑞穗鄉,舞鶴村,花蓮縣第01選區,84,120,204,1,205,364,205,0,159,56.32
10015090007,花蓮縣,瑞穗鄉,鶴岡村,花蓮縣第01選區,42,85,127,0,127,217,127,0,90,58.53
10015110008,花蓮縣,秀林鄉,佳民村,花蓮縣第01選區,26,44,70,0,70,134,70,0,64,52.24
10015110009,花蓮縣,秀林鄉,和平村,花蓮縣第01選區,127,138,265,2,267,493,267,0,226,54.16
10015110002,花蓮縣,秀林鄉,富世村,花蓮縣第01選區,61,90,151,0,151,297,151,0,146,50.84
10015110001,花蓮縣,秀林鄉,崇德村,花蓮縣第01選區,50,95,145,1,146,275,146,0,129,53.09
10015110006,花蓮縣,秀林鄉,文蘭村,花蓮縣第01選區,15,32,47,0,47,87,47,0,40,54.02
10015110007,花蓮縣,秀林鄉,景美村,花蓮縣第01選區,32,43,75,0,75,146,75,0,71,51.37
10015110004,花蓮縣,秀林鄉,水源村,花蓮縣第01選區,22,56,78,0,78,138,78,0,60,56.52
10015110003,花蓮縣,秀林鄉,秀林村,花蓮縣第01選區,27,41,68,1,69,141,69,0,72,48.94
10015110005,花蓮縣,秀林鄉,銅門村,花蓮縣第01選區,15,22,37,0,37,75,37,0,38,49.33
10015010004,花蓮縣,花蓮市,主信里,花蓮縣第01選區,176,181,357,1,358,574,358,0,216,62.37
10015010029,花蓮縣,花蓮市,主力里,花蓮縣第01選區,676,699,1375,9,1384,2219,1384,0,835,62.37
10015010028,花蓮縣,花蓮市,主勤里,花蓮縣第01選區,215,215,430,1,431,648,431,0,217,66.51
10015010006,花蓮縣,花蓮市,主和里,花蓮縣第01選區,681,815,1496,12,1508,2452,1508,0,944,61.5
10015010020,花蓮縣,花蓮市,主商里,花蓮縣第01選區,151,126,277,1,278,448,278,0,170,62.05
10015010021,花蓮縣,花蓮市,主學里,花蓮縣第01選區,438,526,964,5,969,1601,969,0,632,60.52
10015010042,花蓮縣,花蓮市,主安里,花蓮縣第01選區,584,673,1257,6,1263,2057,1263,0,794,61.4
10015010013,花蓮縣,花蓮市,主工里,花蓮縣第01選區,145,134,279,2,281,442,281,0,161,63.57
10015010037,花蓮縣,花蓮市,主權里,花蓮縣第01選區,1224,1429,2653,16,2669,4246,2669,0,1577,62.86
10015010005,花蓮縣,花蓮市,主睦里,花蓮縣第01選區,126,168,294,2,296,470,296,0,174,62.98
10015010012,花蓮縣,花蓮市,主義里,花蓮縣第01選區,109,154,263,1,264,407,264,0,143,64.86
10015010036,花蓮縣,花蓮市,主計里,花蓮縣第01選區,199,231,430,2,432,710,432,0,278,60.85
10015010014,花蓮縣,花蓮市,主農里,花蓮縣第01選區,839,984,1823,15,1838,2930,1838,0,1092,62.73
10015010022,花蓮縣,花蓮市,國光里,花蓮縣第01選區,276,315,591,2,593,994,593,0,401,59.66
10015010007,花蓮縣,花蓮市,國威里,花蓮縣第01選區,412,326,738,4,742,1628,742,0,886,45.58
10015010030,花蓮縣,花蓮市,國安里,花蓮縣第01選區,123,140,263,2,265,409,265,0,144,64.79
10015010016,花蓮縣,花蓮市,國富里,花蓮縣第01選區,1165,1441,2606,18,2624,4223,2624,0,1599,62.14
10015010024,花蓮縣,花蓮市,國強里,花蓮縣第01選區,411,534,945,3,948,1545,948,0,597,61.36
10015010032,花蓮縣,花蓮市,國慶里,花蓮縣第01選區,284,258,542,0,542,869,542,0,327,62.37
10015010015,花蓮縣,花蓮市,國治里,花蓮縣第01選區,186,214,400,4,404,684,404,0,280,59.06
10015010043,花蓮縣,花蓮市,國盛里,花蓮縣第01選區,766,1011,1777,11,1788,3106,1788,0,1318,57.57
10015010040,花蓮縣,花蓮市,國福里,花蓮縣第01選區,221,272,493,3,496,840,496,0,344,59.05
10015010023,花蓮縣,花蓮市,國聯里,花蓮縣第01選區,732,801,1533,5,1538,2513,1538,0,975,61.2
10015010044,花蓮縣,花蓮市,國興里,花蓮縣第01選區,989,1267,2256,6,2262,3762,2262,0,1500,60.13
10015010038,花蓮縣,花蓮市,國華里,花蓮縣第01選區,563,569,1132,7,1139,1842,1139,0,703,61.83
10015010041,花蓮縣,花蓮市,國裕里,花蓮縣第01選區,959,1275,2234,14,2248,3671,2248,0,1423,61.24
10015010039,花蓮縣,花蓮市,國防里,花蓮縣第01選區,207,199,406,3,409,709,410,1,299,57.69
10015010008,花蓮縣,花蓮市,國風里,花蓮縣第01選區,804,890,1694,8,1702,2717,1702,0,1015,62.64
10015010031,花蓮縣,花蓮市,國魂里,花蓮縣第01選區,497,538,1035,7,1042,1609,1042,0,567,64.76
10015010027,花蓮縣,花蓮市,民主里,花蓮縣第01選區,122,177,299,4,303,508,303,0,205,59.65
10015010033,花蓮縣,花蓮市,民享里,花蓮縣第01選區,618,902,1520,6,1526,2488,1526,0,962,61.33
10015010018,花蓮縣,花蓮市,民勤里,花蓮縣第01選區,661,850,1511,11,1522,2370,1522,0,848,64.22
10015010045,花蓮縣,花蓮市,民孝里,花蓮縣第01選區,648,972,1620,9,1629,2607,1631,2,976,62.49
10015010009,花蓮縣,花蓮市,民德里,花蓮縣第01選區,381,462,843,3,846,1294,846,0,448,65.38
10015010025,花蓮縣,花蓮市,民心里,花蓮縣第01選區,193,258,451,4,455,795,455,0,340,57.23
10015010010,花蓮縣,花蓮市,民意里,花蓮縣第01選區,235,647,882,9,891,1508,891,0,617,59.08
10015010017,花蓮縣,花蓮市,民政里,花蓮縣第01選區,805,1119,1924,6,1930,3098,1930,0,1168,62.3
10015010003,花蓮縣,花蓮市,民族里,花蓮縣第01選區,82,116,198,2,200,327,200,0,127,61.16
10015010034,花蓮縣,花蓮市,民有里,花蓮縣第01選區,137,167,304,1,305,479,305,0,174,63.67
10015010026,花蓮縣,花蓮市,民樂里,花蓮縣第01選區,165,159,324,2,326,500,326,0,174,65.2
10015010035,花蓮縣,花蓮市,民權里,花蓮縣第01選區,71,122,193,0,193,328,193,0,135,58.84
10015010019,花蓮縣,花蓮市,民生里,花蓮縣第01選區,243,246,489,6,495,846,495,0,351,58.51
10015010001,花蓮縣,花蓮市,民立里,花蓮縣第01選區,336,443,779,6,785,1380,786,1,594,56.88
10015010002,花蓮縣,花蓮市,民運里,花蓮縣第01選區,522,581,1103,12,1115,1692,1115,0,577,65.9
10015120004,花蓮縣,萬榮鄉,明利村,花蓮縣第01選區,7,14,21,0,21,44,21,0,23,47.73
10015120006,花蓮縣,萬榮鄉,紅葉村,花蓮縣第01選區,10,19,29,0,29,54,29,0,25,53.7
10015120003,花蓮縣,萬榮鄉,萬榮村,花蓮縣第01選區,8,13,21,0,21,36,21,0,15,58.33
10015120001,花蓮縣,萬榮鄉,西林村,花蓮縣第01選區,5,10,15,0,15,35,15,0,20,42.86
10015120002,花蓮縣,萬榮鄉,見晴村,花蓮縣第01選區,1,2,3,0,3,20,3,0,17,15
10015120005,花蓮縣,萬榮鄉,馬遠村,花蓮縣第01選區,0,5,5,1,6,17,6,0,11,35.29
10015080002,花蓮縣,豐濱鄉,新社村,花蓮縣第01選區,22,12,34,0,34,70,34,0,36,48.57
10015080004,花蓮縣,豐濱鄉,港口村,花蓮縣第01選區,48,17,65,0,65,107,65,0,42,60.75
10015080003,花蓮縣,豐濱鄉,磯崎村,花蓮縣第01選區,9,12,21,0,21,55,21,0,34,38.18
10015080001,花蓮縣,豐濱鄉,豐濱村,花蓮縣第01選區,87,83,170,1,171,317,171,0,146,53.94
10015080005,花蓮縣,豐濱鄉,靜浦村,花蓮縣第01選區,3,13,16,1,17,50,17,0,33,34
10015020008,花蓮縣,鳳林鎮,北林里,花蓮縣第01選區,138,150,288,2,290,470,290,0,180,61.7
10015020009,花蓮縣,鳳林鎮,南平里,花蓮縣第01選區,116,169,285,2,287,465,287,0,178,61.72
10015020007,花蓮縣,鳳林鎮,大榮里,花蓮縣第01選區,238,340,578,4,582,1006,582,0,424,57.85
10015020006,花蓮縣,鳳林鎮,山興里,花蓮縣第01選區,34,41,75,0,75,132,75,0,57,56.82
10015020010,花蓮縣,鳳林鎮,林榮里,花蓮縣第01選區,142,255,397,3,400,656,400,0,256,60.98
10015020012,花蓮縣,鳳林鎮,森榮里,花蓮縣第01選區,2,24,26,0,26,39,26,0,13,66.67
10015020011,花蓮縣,鳳林鎮,長橋里,花蓮縣第01選區,145,250,395,2,397,681,397,0,284,58.3
10015020001,花蓮縣,鳳林鎮,鳳仁里,花蓮縣第01選區,236,420,656,9,665,1052,665,0,387,63.21
10015020005,花蓮縣,鳳林鎮,鳳信里,花蓮縣第01選區,138,274,412,0,412,688,412,0,276,59.88
10015020004,花蓮縣,鳳林鎮,鳳智里,花蓮縣第01選區,165,378,543,1,544,876,544,0,332,62.1
10015020003,花蓮縣,鳳林鎮,鳳禮里,花蓮縣第01選區,144,192,336,2,338,496,338,0,158,68.15
10015020002,花蓮縣,鳳林鎮,鳳義里,花蓮縣第01選區,106,214,320,2,322,543,322,0,221,59.3
10009170013,雲林縣,元長鄉,下寮村,雲林縣第01選區,303,387,690,7,697,1381,697,0,684,50.47
10009170007,雲林縣,元長鄉,五塊村,雲林縣第01選區,157,280,437,3,440,806,440,0,366,54.59
10009170019,雲林縣,元長鄉,內寮村,雲林縣第01選區,121,117,238,1,239,520,239,0,281,45.96
10009170011,雲林縣,元長鄉,卓運村,雲林縣第01選區,85,50,135,3,138,311,138,0,173,44.37
10009170006,雲林縣,元長鄉,合和村,雲林縣第01選區,243,276,519,4,523,967,523,0,444,54.08
10009170003,雲林縣,元長鄉,子茂村,雲林縣第01選區,274,355,629,3,632,1183,632,0,551,53.42
10009170010,雲林縣,元長鄉,客厝村,雲林縣第01選區,154,207,361,3,364,759,364,0,395,47.96
10009170005,雲林縣,元長鄉,山內村,雲林縣第01選區,206,199,405,6,411,869,411,0,458,47.3
10009170020,雲林縣,元長鄉,崙仔村,雲林縣第01選區,132,180,312,5,317,732,317,0,415,43.31
10009170004,雲林縣,元長鄉,後湖村,雲林縣第01選區,177,125,302,4,306,628,306,0,322,48.73
10009170021,雲林縣,元長鄉,新吉村,雲林縣第01選區,136,180,316,4,320,625,320,0,305,51.2
10009170009,雲林縣,元長鄉,潭東村,雲林縣第01選區,117,158,275,4,279,519,279,0,240,53.76
10009170008,雲林縣,元長鄉,潭西村,雲林縣第01選區,189,99,288,3,291,654,291,0,363,44.5
10009170018,雲林縣,元長鄉,瓦磘村,雲林縣第01選區,321,269,590,8,598,1300,598,0,702,46
10009170015,雲林縣,元長鄉,西莊村,雲林縣第01選區,182,194,376,5,381,776,381,0,395,49.1
10009170002,雲林縣,元長鄉,長北村,雲林縣第01選區,299,349,648,4,652,1324,652,0,672,49.24
10009170001,雲林縣,元長鄉,長南村,雲林縣第01選區,721,767,1488,11,1499,3063,1499,0,1564,48.94
10009170012,雲林縣,元長鄉,頂寮村,雲林縣第01選區,235,254,489,0,489,1041,489,0,552,46.97
10009170016,雲林縣,元長鄉,鹿北村,雲林縣第01選區,213,322,535,8,543,1060,543,0,517,51.23
10009170017,雲林縣,元長鄉,鹿南村,雲林縣第01選區,135,240,375,1,376,763,376,0,387,49.28
10009170014,雲林縣,元長鄉,龍岩村,雲林縣第01選區,219,182,401,1,402,872,402,0,470,46.1
10009060005,雲林縣,北港鎮,中和里,雲林縣第01選區,89,69,158,2,160,298,160,0,138,53.69
10009060009,雲林縣,北港鎮,仁和里,雲林縣第01選區,107,124,231,2,233,404,233,0,171,57.67
10009060013,雲林縣,北港鎮,仁安里,雲林縣第01選區,105,137,242,3,245,413,245,0,168,59.32
10009060015,雲林縣,北港鎮,光復里,雲林縣第01選區,358,492,850,4,854,1601,854,0,747,53.34
10009060002,雲林縣,北港鎮,光民里,雲林縣第01選區,198,174,372,1,373,611,373,0,238,61.05
10009060011,雲林縣,北港鎮,公舘里,雲林縣第01選區,139,132,271,0,271,496,271,0,225,54.64
10009060007,雲林縣,北港鎮,共榮里,雲林縣第01選區,100,75,175,0,175,340,175,0,165,51.47
10009060017,雲林縣,北港鎮,劉厝里,雲林縣第01選區,303,253,556,4,560,1045,560,0,485,53.59
10009060004,雲林縣,北港鎮,南安里,雲林縣第01選區,228,232,460,1,461,733,461,0,272,62.89
10009060023,雲林縣,北港鎮,大北里,雲林縣第01選區,127,105,232,1,233,506,233,0,273,46.05
10009060012,雲林縣,北港鎮,大同里,雲林縣第01選區,305,281,586,6,592,1043,592,0,451,56.76
10009060024,雲林縣,北港鎮,好收里,雲林縣第01選區,394,328,722,11,733,1435,733,0,702,51.08
10009060018,雲林縣,北港鎮,府番里,雲林縣第01選區,145,201,346,3,349,745,349,0,396,46.85
10009060021,雲林縣,北港鎮,後溝里,雲林縣第01選區,235,205,440,3,443,883,443,0,440,50.17
10009060026,雲林縣,北港鎮,扶朝里,雲林縣第01選區,336,124,460,8,468,872,468,0,404,53.67
10009060028,雲林縣,北港鎮,新厝里,雲林縣第01選區,70,94,164,2,166,364,166,0,198,45.6
10009060016,雲林縣,北港鎮,新街里,雲林縣第01選區,1573,1843,3416,13,3429,6353,3429,0,2924,53.97
10009060003,雲林縣,北港鎮,東華里,雲林縣第01選區,82,130,212,1,213,369,213,0,156,57.72
10009060001,雲林縣,北港鎮,東陽里,雲林縣第01選區,194,179,373,1,374,636,374,0,262,58.81
10009060025,雲林縣,北港鎮,樹腳里,雲林縣第01選區,823,657,1480,12,1492,2849,1492,0,1357,52.37
10009060027,雲林縣,北港鎮,水埔里,雲林縣第01選區,141,101,242,0,242,423,242,0,181,57.21
10009060020,雲林縣,北港鎮,溝皂里,雲林縣第01選區,260,261,521,7,528,1020,528,0,492,51.76
10009060022,雲林縣,北港鎮,番溝里,雲林縣第01選區,179,131,310,1,311,680,311,0,369,45.74
10009060006,雲林縣,北港鎮,義民里,雲林縣第01選區,95,102,197,1,198,334,198,0,136,59.28
10009060019,雲林縣,北港鎮,草湖里,雲林縣第01選區,372,215,587,5,592,1279,592,0,687,46.29
10009060014,雲林縣,北港鎮,華勝里,雲林縣第01選區,1237,1271,2508,14,2522,4503,2522,0,1981,56.01
10009060008,雲林縣,北港鎮,西勢里,雲林縣第01選區,220,259,479,3,482,913,482,0,431,52.79
10009060010,雲林縣,北港鎮,賜福里,雲林縣第01選區,83,82,165,4,169,283,169,0,114,59.72
10009190008,雲林縣,口湖鄉,下崙村,雲林縣第01選區,337,363,700,8,708,1841,708,0,1133,38.46
10009190002,雲林縣,口湖鄉,口湖村,雲林縣第01選區,198,287,485,4,489,1011,489,0,522,48.37
10009190014,雲林縣,口湖鄉,台子村,雲林縣第01選區,480,331,811,6,817,1747,817,0,930,46.77
10009190004,雲林縣,口湖鄉,埔北村,雲林縣第01選區,161,169,330,0,330,789,330,0,459,41.83
10009190005,雲林縣,口湖鄉,埔南村,雲林縣第01選區,185,141,326,0,326,654,326,0,328,49.85
10009190009,雲林縣,口湖鄉,崙中村,雲林縣第01選區,240,282,522,8,530,1369,530,0,839,38.71
10009190010,雲林縣,口湖鄉,崙東村,雲林縣第01選區,247,327,574,4,578,1285,578,0,707,44.98
10009190018,雲林縣,口湖鄉,後厝村,雲林縣第01選區,183,122,305,3,308,620,308,0,312,49.68
10009190015,雲林縣,口湖鄉,成龍村,雲林縣第01選區,153,166,319,2,321,809,321,0,488,39.68
10009190020,雲林縣,口湖鄉,梧北村,雲林縣第01選區,356,180,536,3,539,1078,539,0,539,50
10009190019,雲林縣,口湖鄉,梧南村,雲林縣第01選區,403,379,782,8,790,1617,790,0,827,48.86
10009190017,雲林縣,口湖鄉,水井村,雲林縣第01選區,169,290,459,4,463,860,463,0,397,53.84
10009190012,雲林縣,口湖鄉,港東村,雲林縣第01選區,228,307,535,4,539,1317,539,0,778,40.93
10009190013,雲林縣,口湖鄉,港西村,雲林縣第01選區,146,192,338,3,341,766,341,0,425,44.52
10009190016,雲林縣,口湖鄉,湖口村,雲林縣第01選區,188,193,381,3,384,894,384,0,510,42.95
10009190001,雲林縣,口湖鄉,湖東村,雲林縣第01選區,180,333,513,2,515,1090,515,0,575,47.25
10009190007,雲林縣,口湖鄉,蚵寮村,雲林縣第01選區,283,251,534,4,538,1275,538,0,737,42.2
10009190006,雲林縣,口湖鄉,謝厝村,雲林縣第01選區,255,202,457,2,459,919,459,0,460,49.95
10009190021,雲林縣,口湖鄉,過港村,雲林縣第01選區,104,135,239,5,244,537,244,0,293,45.44
10009190011,雲林縣,口湖鄉,青蚶村,雲林縣第01選區,97,73,170,4,174,449,174,0,275,38.75
10009190003,雲林縣,口湖鄉,頂湖村,雲林縣第01選區,97,157,254,3,257,568,257,0,311,45.25
10009180010,雲林縣,四湖鄉,三姓村,雲林縣第01選區,59,90,149,4,153,321,153,0,168,47.66
10009180011,雲林縣,四湖鄉,內湖村,雲林縣第01選區,105,145,250,2,252,701,252,0,449,35.95
10009180001,雲林縣,四湖鄉,四湖村,雲林縣第01選區,293,518,811,7,818,1661,818,0,843,49.25
10009180013,雲林縣,四湖鄉,崙北村,雲林縣第01選區,263,353,616,1,617,1503,617,0,886,41.05
10009180014,雲林縣,四湖鄉,崙南村,雲林縣第01選區,99,169,268,5,273,718,273,0,445,38.02
10009180015,雲林縣,四湖鄉,廣溝村,雲林縣第01選區,78,125,203,6,209,587,209,0,378,35.6
10009180002,雲林縣,四湖鄉,新庄村,雲林縣第01選區,106,173,279,1,280,562,280,0,282,49.82
10009180006,雲林縣,四湖鄉,施湖村,雲林縣第01選區,155,313,468,8,476,1088,476,0,612,43.75
10009180017,雲林縣,四湖鄉,林厝村,雲林縣第01選區,194,186,380,5,385,922,385,0,537,41.76
10009180018,雲林縣,四湖鄉,林東村,雲林縣第01選區,121,218,339,3,342,858,342,0,516,39.86
10009180007,雲林縣,四湖鄉,湖寮村,雲林縣第01選區,125,129,254,4,258,639,258,0,381,40.38
10009180005,雲林縣,四湖鄉,湖西村,雲林縣第01選區,413,735,1148,9,1157,2075,1157,0,918,55.76
10009180019,雲林縣,四湖鄉,溪尾村,雲林縣第01選區,105,175,280,2,282,646,282,0,364,43.65
10009180003,雲林縣,四湖鄉,溪底村,雲林縣第01選區,166,262,428,1,429,841,429,0,412,51.01
10009180012,雲林縣,四湖鄉,羊調村,雲林縣第01選區,135,228,363,4,367,800,367,0,433,45.88
10009180016,雲林縣,四湖鄉,萡子村,雲林縣第01選區,178,103,281,2,283,756,283,0,473,37.43
10009180021,雲林縣,四湖鄉,萡東村,雲林縣第01選區,222,130,352,3,355,928,355,0,573,38.25
10009180008,雲林縣,四湖鄉,蔡厝村,雲林縣第01選區,140,155,295,2,297,735,297,0,438,40.41
10009180020,雲林縣,四湖鄉,飛東村,雲林縣第01選區,99,124,223,2,225,481,225,0,256,46.78
10009180009,雲林縣,四湖鄉,飛沙村,雲林縣第01選區,104,185,289,0,289,725,289,0,436,39.86
10009180004,雲林縣,四湖鄉,鹿場村,雲林縣第01選區,161,207,368,3,371,803,371,0,432,46.2
10009050013,雲林縣,土庫鎮,北平里,雲林縣第01選區,209,198,407,1,408,764,408,0,356,53.4
10009050012,雲林縣,土庫鎮,南平里,雲林縣第01選區,393,475,868,7,875,1632,875,0,757,53.62
10009050008,雲林縣,土庫鎮,埤腳里,雲林縣第01選區,250,303,553,3,556,1116,556,0,560,49.82
10009050009,雲林縣,土庫鎮,大荖里,雲林縣第01選區,197,239,436,6,442,806,442,0,364,54.84
10009050007,雲林縣,土庫鎮,奮起里,雲林縣第01選區,228,321,549,3,552,1168,552,0,616,47.26
10009050003,雲林縣,土庫鎮,宮北里,雲林縣第01選區,306,425,731,4,735,1262,735,0,527,58.24
10009050016,雲林縣,土庫鎮,崙內里,雲林縣第01選區,299,429,728,3,731,1430,731,0,699,51.12
10009050015,雲林縣,土庫鎮,後埔里,雲林縣第01選區,447,710,1157,10,1167,2222,1167,0,1055,52.52
10009050001,雲林縣,土庫鎮,忠正里,雲林縣第01選區,179,215,394,2,396,699,396,0,303,56.65
10009050017,雲林縣,土庫鎮,新庄里,雲林縣第01選區,311,357,668,2,670,1282,670,0,612,52.26
10009050011,雲林縣,土庫鎮,東平里,雲林縣第01選區,474,461,935,5,940,1754,940,0,814,53.59
10009050005,雲林縣,土庫鎮,溪邊里,雲林縣第01選區,239,332,571,10,581,1064,581,0,483,54.61
10009050010,雲林縣,土庫鎮,石廟里,雲林縣第01選區,615,951,1566,12,1578,3024,1578,0,1446,52.18
10009050006,雲林縣,土庫鎮,興新里,雲林縣第01選區,307,381,688,5,693,1337,693,0,644,51.83
10009050014,雲林縣,土庫鎮,西平里,雲林縣第01選區,366,429,795,4,799,1602,799,0,803,49.88
10009050004,雲林縣,土庫鎮,越港里,雲林縣第01選區,203,451,654,4,658,1059,658,0,401,62.13
10009050002,雲林縣,土庫鎮,順天里,雲林縣第01選區,201,255,456,4,460,799,460,0,339,57.57
10009140010,雲林縣,東勢鄉,同安村,雲林縣第01選區,361,466,827,8,835,1726,835,0,891,48.38
10009140003,雲林縣,東勢鄉,嘉隆村,雲林縣第01選區,328,329,657,1,658,1384,658,0,726,47.54
10009140012,雲林縣,東勢鄉,四美村,雲林縣第01選區,173,211,384,2,386,904,386,0,518,42.7
10009140008,雲林縣,東勢鄉,安南村,雲林縣第01選區,144,169,313,1,314,727,314,0,413,43.19
10009140004,雲林縣,東勢鄉,復興村,雲林縣第01選區,125,149,274,1,275,484,275,0,209,56.82
10009140011,雲林縣,東勢鄉,新坤村,雲林縣第01選區,178,284,462,4,466,930,466,0,464,50.11
10009140009,雲林縣,東勢鄉,昌南村,雲林縣第01選區,183,236,419,4,423,779,424,1,355,54.3
10009140005,雲林縣,東勢鄉,月眉村,雲林縣第01選區,211,278,489,7,496,1022,496,0,526,48.53
10009140002,雲林縣,東勢鄉,東北村,雲林縣第01選區,205,354,559,4,563,1134,563,0,571,49.65
10009140001,雲林縣,東勢鄉,東南村,雲林縣第01選區,270,464,734,1,735,1362,735,0,627,53.96
10009140006,雲林縣,東勢鄉,程海村,雲林縣第01選區,114,153,267,7,274,499,274,0,225,54.91
10009140007,雲林縣,東勢鄉,龍潭村,雲林縣第01選區,190,165,355,0,355,728,355,0,373,48.76
10009200004,雲林縣,水林鄉,土厝村,雲林縣第01選區,333,184,517,7,524,1093,524,0,569,47.94
10009200022,雲林縣,水林鄉,塭底村,雲林縣第01選區,156,96,252,1,253,613,253,0,360,41.27
10009200013,雲林縣,水林鄉,大山村,雲林縣第01選區,274,160,434,2,436,941,436,0,505,46.33
10009200014,雲林縣,水林鄉,大溝村,雲林縣第01選區,229,190,419,4,423,876,423,0,453,48.29
10009200012,雲林縣,水林鄉,尖山村,雲林縣第01選區,140,129,269,4,273,600,273,0,327,45.5
10009200017,雲林縣,水林鄉,山腳村,雲林縣第01選區,190,149,339,2,341,703,341,0,362,48.51
10009200023,雲林縣,水林鄉,後寮村,雲林縣第01選區,146,132,278,1,279,575,279,0,296,48.52
10009200005,雲林縣,水林鄉,春埔村,雲林縣第01選區,231,189,420,4,424,859,424,0,435,49.36
10009200019,雲林縣,水林鄉,松中村,雲林縣第01選區,135,72,207,3,210,449,210,0,239,46.77
10009200018,雲林縣,水林鄉,松北村,雲林縣第01選區,202,229,431,4,435,889,435,0,454,48.93
10009200020,雲林縣,水林鄉,松西村,雲林縣第01選區,149,109,258,1,259,577,259,0,318,44.89
10009200001,雲林縣,水林鄉,水北村,雲林縣第01選區,448,446,894,4,898,1988,898,0,1090,45.17
10009200002,雲林縣,水林鄉,水南村,雲林縣第01選區,504,440,944,8,952,1904,952,0,952,50
10009200003,雲林縣,水林鄉,海埔村,雲林縣第01選區,238,164,402,4,406,880,406,0,474,46.14
10009200024,雲林縣,水林鄉,溪墘村,雲林縣第01選區,173,213,386,3,389,715,389,0,326,54.41
10009200009,雲林縣,水林鄉,灣東村,雲林縣第01選區,114,139,253,5,258,529,258,0,271,48.77
10009200010,雲林縣,水林鄉,灣西村,雲林縣第01選區,208,174,382,4,386,819,386,0,433,47.13
10009200021,雲林縣,水林鄉,瓊埔村,雲林縣第01選區,174,94,268,4,272,594,272,0,322,45.79
10009200011,雲林縣,水林鄉,萬興村,雲林縣第01選區,198,112,310,1,311,611,311,0,300,50.9
10009200016,雲林縣,水林鄉,蕃薯村,雲林縣第01選區,241,185,426,2,428,870,428,0,442,49.2
10009200008,雲林縣,水林鄉,蘇秦村,雲林縣第01選區,205,138,343,1,344,863,344,0,519,39.86
10009200006,雲林縣,水林鄉,西井村,雲林縣第01選區,155,133,288,3,291,548,291,0,257,53.1
10009200007,雲林縣,水林鄉,車港村,雲林縣第01選區,139,102,241,1,242,517,242,0,275,46.81
10009200015,雲林縣,水林鄉,順興村,雲林縣第01選區,177,122,299,3,302,732,302,0,430,41.26
10009160009,雲林縣,臺西鄉,五榔村,雲林縣第01選區,122,78,200,5,205,413,205,0,208,49.64
10009160015,雲林縣,臺西鄉,五港村,雲林縣第01選區,251,509,760,7,767,1623,767,0,856,47.26
10009160008,雲林縣,臺西鄉,光華村,雲林縣第01選區,133,180,313,7,320,621,320,0,301,51.53
10009160001,雲林縣,臺西鄉,台西村,雲林縣第01選區,159,438,597,4,601,1092,601,0,491,55.04
10009160013,雲林縣,臺西鄉,和豐村,雲林縣第01選區,393,788,1181,8,1189,2664,1189,0,1475,44.63
10009160011,雲林縣,臺西鄉,富琦村,雲林縣第01選區,213,515,728,3,731,1394,731,0,663,52.44
10009160010,雲林縣,臺西鄉,山寮村,雲林縣第01選區,86,240,326,2,328,735,328,0,407,44.63
10009160012,雲林縣,臺西鄉,永豐村,雲林縣第01選區,163,441,604,7,611,1201,611,0,590,50.87
10009160007,雲林縣,臺西鄉,泉州村,雲林縣第01選區,83,158,241,3,244,536,244,0,292,45.52
10009160002,雲林縣,臺西鄉,海北村,雲林縣第01選區,138,290,428,0,428,975,428,0,547,43.9
10009160003,雲林縣,臺西鄉,海南村,雲林縣第01選區,152,342,494,5,499,1009,499,0,510,49.45
10009160004,雲林縣,臺西鄉,海口村,雲林縣第01選區,222,588,810,8,818,1829,818,0,1011,44.72
10009160005,雲林縣,臺西鄉,溪頂村,雲林縣第01選區,199,349,548,6,554,1332,554,0,778,41.59
10009160006,雲林縣,臺西鄉,牛厝村,雲林縣第01選區,282,411,693,9,702,1670,702,0,968,42.04
10009160014,雲林縣,臺西鄉,蚊港村,雲林縣第01選區,170,528,698,9,707,1525,707,0,818,46.36
10009030013,雲林縣,虎尾鎮,三合里,雲林縣第01選區,242,525,767,10,777,1344,777,0,567,57.81
10009030026,雲林縣,虎尾鎮,下溪里,雲林縣第01選區,262,612,874,7,881,1419,881,0,538,62.09
10009030001,雲林縣,虎尾鎮,中山里,雲林縣第01選區,183,277,460,0,460,819,460,0,359,56.17
10009030025,雲林縣,虎尾鎮,中溪里,雲林縣第01選區,284,462,746,7,753,1244,753,0,491,60.53
10009030004,雲林縣,虎尾鎮,公安里,雲林縣第01選區,608,991,1599,10,1609,2651,1609,0,1042,60.69
10009030014,雲林縣,虎尾鎮,北溪里,雲林縣第01選區,155,309,464,3,467,804,467,0,337,58.08
10009030018,雲林縣,虎尾鎮,埒內里,雲林縣第01選區,624,772,1396,11,1407,2488,1407,0,1081,56.55
10009030019,雲林縣,虎尾鎮,堀頭里,雲林縣第01選區,172,363,535,3,538,839,538,0,301,64.12
10009030015,雲林縣,虎尾鎮,墾地里,雲林縣第01選區,520,855,1375,9,1384,2765,1384,0,1381,50.05
10009030007,雲林縣,虎尾鎮,安慶里,雲林縣第01選區,231,446,677,0,677,1221,677,0,544,55.45
10009030020,雲林縣,虎尾鎮,安溪里,雲林縣第01選區,358,516,874,11,885,1651,885,0,766,53.6
10009030008,雲林縣,虎尾鎮,平和里,雲林縣第01選區,982,1692,2674,10,2684,4595,2684,0,1911,58.41
10009030022,雲林縣,虎尾鎮,廉使里,雲林縣第01選區,902,1282,2184,6,2190,3874,2190,0,1684,56.53
10009030012,雲林縣,虎尾鎮,延平里,雲林縣第01選區,206,414,620,1,621,1108,621,0,487,56.05
10009030027,雲林縣,虎尾鎮,建國里,雲林縣第01選區,63,179,242,2,244,518,244,0,274,47.1
10009030005,雲林縣,虎尾鎮,德興里,雲林縣第01選區,464,907,1371,7,1378,2429,1378,0,1051,56.73
10009030023,雲林縣,虎尾鎮,惠來里,雲林縣第01選區,451,728,1179,6,1185,2237,1185,0,1052,52.97
10009030010,雲林縣,虎尾鎮,新吉里,雲林縣第01選區,871,1297,2168,10,2178,3805,2178,0,1627,57.24
10009030002,雲林縣,虎尾鎮,新興里,雲林縣第01選區,313,517,830,0,830,1659,830,0,829,50.03
10009030003,雲林縣,虎尾鎮,東仁里,雲林縣第01選區,538,882,1420,10,1430,2380,1430,0,950,60.08
10009030029,雲林縣,虎尾鎮,東屯里,雲林縣第01選區,230,395,625,2,627,1176,627,0,549,53.32
10009030011,雲林縣,虎尾鎮,穎川里,雲林縣第01選區,397,758,1155,6,1161,2005,1161,0,844,57.91
10009030028,雲林縣,虎尾鎮,立仁里,雲林縣第01選區,725,1323,2048,11,2059,3482,2059,0,1423,59.13
10009030021,雲林縣,虎尾鎮,興中里,雲林縣第01選區,312,590,902,6,908,1618,908,0,710,56.12
10009030009,雲林縣,虎尾鎮,興南里,雲林縣第01選區,444,755,1199,4,1203,2200,1203,0,997,54.68
10009030017,雲林縣,虎尾鎮,芳草里,雲林縣第01選區,205,216,421,6,427,861,427,0,434,49.59
10009030006,雲林縣,虎尾鎮,西安里,雲林縣第01選區,603,1027,1630,10,1640,2980,1640,0,1340,55.03
10009030016,雲林縣,虎尾鎮,西屯里,雲林縣第01選區,300,442,742,5,747,1387,747,0,640,53.86
10009030024,雲林縣,虎尾鎮,頂溪里,雲林縣第01選區,513,845,1358,9,1367,2412,1367,0,1045,56.67
10009150003,雲林縣,褒忠鄉,中勝村,雲林縣第01選區,351,379,730,9,739,1325,739,0,586,55.77
10009150001,雲林縣,褒忠鄉,中民村,雲林縣第01選區,431,552,983,12,995,1750,995,0,755,56.86
10009150002,雲林縣,褒忠鄉,埔姜村,雲林縣第01選區,291,449,740,5,745,1386,745,0,641,53.75
10009150004,雲林縣,褒忠鄉,新湖村,雲林縣第01選區,269,255,524,3,527,1034,527,0,507,50.97
10009150006,雲林縣,褒忠鄉,有才村,雲林縣第01選區,149,216,365,1,366,770,366,0,404,47.53
10009150009,雲林縣,褒忠鄉,潮厝村,雲林縣第01選區,181,176,357,4,361,777,361,0,416,46.46
10009150007,雲林縣,褒忠鄉,田洋村,雲林縣第01選區,163,206,369,2,371,701,371,0,330,52.92
10009150005,雲林縣,褒忠鄉,馬鳴村,雲林縣第01選區,337,378,715,2,717,1329,717,0,612,53.95
10009150008,雲林縣,褒忠鄉,龍岩村,雲林縣第01選區,196,331,527,2,529,1062,529,0,533,49.81
10009130008,雲林縣,麥寮鄉,三盛村,雲林縣第01選區,390,512,902,6,908,2215,908,0,1307,40.99
10009130013,雲林縣,麥寮鄉,中興村,雲林縣第01選區,207,425,632,3,635,1502,635,0,867,42.28
10009130005,雲林縣,麥寮鄉,崙後村,雲林縣第01選區,390,740,1130,8,1138,2696,1138,0,1558,42.21
10009130006,雲林縣,麥寮鄉,後安村,雲林縣第01選區,323,801,1124,10,1134,2931,1134,0,1797,38.69
10009130010,雲林縣,麥寮鄉,新吉村,雲林縣第01選區,174,342,516,5,521,1167,521,0,646,44.64
10009130011,雲林縣,麥寮鄉,施厝村,雲林縣第01選區,614,881,1495,9,1504,3497,1504,0,1993,43.01
10009130009,雲林縣,麥寮鄉,橋頭村,雲林縣第01選區,634,1106,1740,11,1751,4005,1751,0,2254,43.72
10009130007,雲林縣,麥寮鄉,海豐村,雲林縣第01選區,256,631,887,12,899,2140,899,0,1241,42.01
10009130003,雲林縣,麥寮鄉,瓦磘村,雲林縣第01選區,407,424,831,7,838,1931,838,0,1093,43.4
10009130004,雲林縣,麥寮鄉,興華村,雲林縣第01選區,517,768,1285,8,1293,3026,1293,0,1733,42.73
10009130012,雲林縣,麥寮鄉,雷厝村,雲林縣第01選區,354,534,888,4,892,2220,892,0,1328,40.18
10009130001,雲林縣,麥寮鄉,麥津村,雲林縣第01選區,617,1259,1876,13,1889,4222,1889,0,2333,44.74
10009130002,雲林縣,麥寮鄉,麥豐村,雲林縣第01選區,1163,2226,3389,18,3407,7514,3407,0,4107,45.34
