full_name,county_name,township_name,village_name,candidate_no,Agree,Disagree,valid_votes,invalid_votes,total_votes,已領未投票數,發出票數,用餘票數,electorate,turnout_ratio
花蓮縣玉里鎮三民里,花蓮縣,玉里鎮,三民里,305,132,228,360,2,362,0,362,321,683,53
花蓮縣玉里鎮大禹里,花蓮縣,玉里鎮,大禹里,303,66,120,186,0,186,0,186,181,367,50.68
花蓮縣玉里鎮大禹里,花蓮縣,玉里鎮,大禹里,304,44,122,166,2,168,0,168,169,337,49.85
花蓮縣玉里鎮中城里,花蓮縣,玉里鎮,中城里,288,131,197,328,3,331,0,331,234,565,58.58
花蓮縣玉里鎮中城里,花蓮縣,玉里鎮,中城里,289,133,248,381,2,383,0,383,259,642,59.66
花蓮縣玉里鎮中城里,花蓮縣,玉里鎮,中城里,290,108,158,266,0,266,0,266,180,446,59.64
花蓮縣玉里鎮中城里,花蓮縣,玉里鎮,中城里,291,112,144,256,0,256,0,256,172,428,59.81
花蓮縣玉里鎮中城里,花蓮縣,玉里鎮,中城里,292,141,245,386,5,391,0,391,277,668,58.53
花蓮縣玉里鎮中城里,花蓮縣,玉里鎮,中城里,293,141,260,401,2,403,0,403,274,677,59.53
花蓮縣玉里鎮中城里,花蓮縣,玉里鎮,中城里,294,183,268,451,5,456,0,456,326,782,58.31
花蓮縣玉里鎮永昌里,花蓮縣,玉里鎮,永昌里,301,67,125,192,3,195,0,195,153,348,56.03
花蓮縣玉里鎮永昌里,花蓮縣,玉里鎮,永昌里,302,83,157,240,1,241,0,241,309,550,43.82
花蓮縣玉里鎮東豐里,花蓮縣,玉里鎮,東豐里,310,41,80,121,1,122,0,122,134,256,47.66
花蓮縣玉里鎮松浦里,花蓮縣,玉里鎮,松浦里,313,20,18,38,0,38,0,38,32,70,54.29
花蓮縣玉里鎮松浦里,花蓮縣,玉里鎮,松浦里,314,37,74,111,2,113,0,113,115,228,49.56
花蓮縣玉里鎮長良里,花蓮縣,玉里鎮,長良里,308,50,93,143,4,147,0,147,152,299,49.16
花蓮縣玉里鎮春日里,花蓮縣,玉里鎮,春日里,315,55,77,132,1,133,0,133,147,280,47.5
花蓮縣玉里鎮泰昌里,花蓮縣,玉里鎮,泰昌里,299,93,135,228,0,228,0,228,197,425,53.65
花蓮縣玉里鎮泰昌里,花蓮縣,玉里鎮,泰昌里,300,41,125,166,1,167,0,167,368,535,31.21
花蓮縣玉里鎮國武里,花蓮縣,玉里鎮,國武里,295,150,229,379,3,382,0,382,284,666,57.36
花蓮縣玉里鎮國武里,花蓮縣,玉里鎮,國武里,296,69,91,160,2,162,0,162,121,283,57.24
花蓮縣玉里鎮啟模里,花蓮縣,玉里鎮,啟模里,297,125,217,342,5,347,0,347,306,653,53.14
花蓮縣玉里鎮啟模里,花蓮縣,玉里鎮,啟模里,298,89,174,263,0,263,0,263,268,531,49.53
花蓮縣玉里鎮源城里,花蓮縣,玉里鎮,源城里,306,77,139,216,4,220,0,220,160,380,57.89
花蓮縣玉里鎮源城里,花蓮縣,玉里鎮,源城里,307,82,181,263,2,265,0,265,248,513,51.66
花蓮縣玉里鎮德武里,花蓮縣,玉里鎮,德武里,316,3,11,14,0,14,0,14,28,42,33.33
花蓮縣玉里鎮樂合里,花蓮縣,玉里鎮,樂合里,309,45,80,125,3,128,0,128,157,285,44.91
花蓮縣玉里鎮觀音里,花蓮縣,玉里鎮,觀音里,311,91,193,284,4,288,0,288,267,555,51.89
花蓮縣玉里鎮觀音里,花蓮縣,玉里鎮,觀音里,312,35,66,101,0,101,0,101,82,183,55.19
花蓮縣光復鄉大平村,花蓮縣,光復鄉,大平村,246,59,64,123,0,123,0,123,137,260,47.31
花蓮縣光復鄉大全村,花蓮縣,光復鄉,大全村,256,100,83,183,0,183,0,183,153,336,54.46
花蓮縣光復鄉大全村,花蓮縣,光復鄉,大全村,257,13,22,35,0,35,0,35,48,83,42.17
花蓮縣光復鄉大同村,花蓮縣,光復鄉,大同村,248,148,159,307,5,312,0,312,255,567,55.03
花蓮縣光復鄉大安村,花蓮縣,光復鄉,大安村,245,203,219,422,4,426,0,426,249,675,63.11
花蓮縣光復鄉大馬村,花蓮縣,光復鄉,大馬村,247,55,77,132,2,134,0,134,124,258,51.94
花蓮縣光復鄉大富村,花蓮縣,光復鄉,大富村,259,70,67,137,1,138,0,138,102,240,57.5
花蓮縣光復鄉大華村,花蓮縣,光復鄉,大華村,244,231,252,483,3,486,0,486,331,817,59.49
花蓮縣光復鄉大進村,花蓮縣,光復鄉,大進村,255,70,114,184,3,187,0,187,118,305,61.31
花蓮縣光復鄉大興村,花蓮縣,光復鄉,大興村,258,47,63,110,0,110,0,110,114,224,49.11
花蓮縣光復鄉大豐村,花蓮縣,光復鄉,大豐村,260,72,105,177,3,180,0,180,145,325,55.38
花蓮縣光復鄉北富村,花蓮縣,光復鄉,北富村,254,23,38,61,0,61,0,61,79,140,43.57
花蓮縣光復鄉西富村,花蓮縣,光復鄉,西富村,251,12,31,43,0,43,0,43,38,81,53.09
花蓮縣光復鄉西富村,花蓮縣,光復鄉,西富村,252,35,49,84,1,85,0,85,90,175,48.57
花蓮縣光復鄉東富村,花蓮縣,光復鄉,東富村,249,15,14,29,0,29,0,29,36,65,44.62
花蓮縣光復鄉東富村,花蓮縣,光復鄉,東富村,250,6,17,23,0,23,0,23,21,44,52.27
花蓮縣光復鄉南富村,花蓮縣,光復鄉,南富村,253,35,27,62,0,62,0,62,43,105,59.05
花蓮縣吉安鄉干城村,花蓮縣,吉安鄉,干城村,181,160,308,468,0,468,0,468,436,904,51.77
花蓮縣吉安鄉仁安村,花蓮縣,吉安鄉,仁安村,187,212,239,451,2,453,0,453,349,802,56.48
花蓮縣吉安鄉仁安村,花蓮縣,吉安鄉,仁安村,188,254,318,572,0,572,0,572,384,956,59.83
花蓮縣吉安鄉仁里村,花蓮縣,吉安鄉,仁里村,194,209,276,485,5,490,0,490,264,754,64.99
花蓮縣吉安鄉仁里村,花蓮縣,吉安鄉,仁里村,195,203,290,493,3,496,0,496,289,785,63.18
花蓮縣吉安鄉仁里村,花蓮縣,吉安鄉,仁里村,196,162,246,408,2,410,0,410,252,662,61.93
花蓮縣吉安鄉仁里村,花蓮縣,吉安鄉,仁里村,197,235,322,557,6,563,0,563,388,951,59.2
花蓮縣吉安鄉仁里村,花蓮縣,吉安鄉,仁里村,198,202,340,542,6,548,0,548,354,902,60.75
花蓮縣吉安鄉仁里村,花蓮縣,吉安鄉,仁里村,199,240,270,510,3,513,0,513,261,774,66.28
花蓮縣吉安鄉仁和村,花蓮縣,吉安鄉,仁和村,189,206,289,495,3,498,0,498,243,741,67.21
花蓮縣吉安鄉仁和村,花蓮縣,吉安鄉,仁和村,190,166,211,377,4,381,0,381,234,615,61.95
花蓮縣吉安鄉仁和村,花蓮縣,吉安鄉,仁和村,191,110,194,304,2,306,0,306,262,568,53.87
花蓮縣吉安鄉仁和村,花蓮縣,吉安鄉,仁和村,192,213,248,461,4,465,0,465,314,779,59.69
花蓮縣吉安鄉仁和村,花蓮縣,吉安鄉,仁和村,193,131,233,364,2,366,0,366,281,647,56.57
花蓮縣吉安鄉太昌村,花蓮縣,吉安鄉,太昌村,137,321,313,634,1,635,0,635,413,"1,048",60.59
花蓮縣吉安鄉太昌村,花蓮縣,吉安鄉,太昌村,138,300,278,578,3,581,0,581,419,"1,000",58.1
花蓮縣吉安鄉太昌村,花蓮縣,吉安鄉,太昌村,139,182,226,408,1,409,0,409,315,724,56.49
花蓮縣吉安鄉北昌村,花蓮縣,吉安鄉,北昌村,144,247,276,523,3,526,0,526,335,861,61.09
花蓮縣吉安鄉北昌村,花蓮縣,吉安鄉,北昌村,145,245,373,618,2,620,0,620,353,973,63.72
花蓮縣吉安鄉北昌村,花蓮縣,吉安鄉,北昌村,146,199,263,462,3,465,0,465,242,707,65.77
花蓮縣吉安鄉北昌村,花蓮縣,吉安鄉,北昌村,147,288,257,545,3,548,0,548,328,876,62.56
花蓮縣吉安鄉北昌村,花蓮縣,吉安鄉,北昌村,148,219,279,498,3,501,0,501,321,822,60.95
花蓮縣吉安鄉北昌村,花蓮縣,吉安鄉,北昌村,149,237,285,522,3,525,0,525,315,840,62.5
花蓮縣吉安鄉永安村,花蓮縣,吉安鄉,永安村,140,259,290,549,7,556,0,556,364,920,60.43
花蓮縣吉安鄉永安村,花蓮縣,吉安鄉,永安村,141,225,348,573,2,575,0,575,321,896,64.17
花蓮縣吉安鄉永安村,花蓮縣,吉安鄉,永安村,142,227,327,554,2,556,0,556,338,894,62.19
花蓮縣吉安鄉永安村,花蓮縣,吉安鄉,永安村,143,266,350,616,2,618,0,618,375,993,62.24
花蓮縣吉安鄉永興村,花蓮縣,吉安鄉,永興村,203,189,368,557,6,563,0,563,335,898,62.69
花蓮縣吉安鄉永興村,花蓮縣,吉安鄉,永興村,204,159,255,414,3,417,0,417,285,702,59.4
花蓮縣吉安鄉永興村,花蓮縣,吉安鄉,永興村,205,177,247,424,2,426,0,426,301,727,58.6
花蓮縣吉安鄉光華村,花蓮縣,吉安鄉,光華村,206,165,280,445,2,447,0,447,322,769,58.13
花蓮縣吉安鄉光華村,花蓮縣,吉安鄉,光華村,207,161,277,438,7,445,0,445,309,754,59.02
花蓮縣吉安鄉吉安村,花蓮縣,吉安鄉,吉安村,170,239,293,532,3,535,0,535,338,873,61.28
花蓮縣吉安鄉吉安村,花蓮縣,吉安鄉,吉安村,171,149,226,375,3,378,0,378,171,549,68.85
花蓮縣吉安鄉吉安村,花蓮縣,吉安鄉,吉安村,172,271,188,459,2,461,0,461,317,778,59.25
花蓮縣吉安鄉吉安村,花蓮縣,吉安鄉,吉安村,173,208,270,478,4,482,0,482,258,740,65.14
花蓮縣吉安鄉吉安村,花蓮縣,吉安鄉,吉安村,174,161,224,385,1,386,0,386,452,838,46.06
花蓮縣吉安鄉吉安村,花蓮縣,吉安鄉,吉安村,175,213,329,542,6,548,0,548,358,906,60.49
花蓮縣吉安鄉吉昌村,花蓮縣,吉安鄉,吉昌村,150,395,426,821,5,826,0,826,471,"1,297",63.69
花蓮縣吉安鄉宜昌村,花蓮縣,吉安鄉,宜昌村,156,190,284,474,2,476,0,476,306,782,60.87
花蓮縣吉安鄉宜昌村,花蓮縣,吉安鄉,宜昌村,157,231,274,505,3,508,0,508,285,793,64.06
花蓮縣吉安鄉宜昌村,花蓮縣,吉安鄉,宜昌村,158,242,253,495,4,499,0,499,246,745,66.98
花蓮縣吉安鄉宜昌村,花蓮縣,吉安鄉,宜昌村,159,222,240,462,4,466,0,466,237,703,66.29
花蓮縣吉安鄉東昌村,花蓮縣,吉安鄉,東昌村,182,239,322,561,2,563,0,563,310,873,64.49
花蓮縣吉安鄉東昌村,花蓮縣,吉安鄉,東昌村,183,138,222,360,2,362,0,362,248,610,59.34
花蓮縣吉安鄉東昌村,花蓮縣,吉安鄉,東昌村,184,188,302,490,2,492,0,492,254,746,65.95
花蓮縣吉安鄉東昌村,花蓮縣,吉安鄉,東昌村,185,196,277,473,3,476,0,476,297,773,61.58
花蓮縣吉安鄉東昌村,花蓮縣,吉安鄉,東昌村,186,243,327,570,7,577,0,577,403,980,58.88
花蓮縣吉安鄉南昌村,花蓮縣,吉安鄉,南昌村,160,204,242,446,1,447,0,447,252,699,63.95
花蓮縣吉安鄉南昌村,花蓮縣,吉安鄉,南昌村,161,193,280,473,3,476,0,476,268,744,63.98
花蓮縣吉安鄉南昌村,花蓮縣,吉安鄉,南昌村,162,158,229,387,1,388,0,388,304,692,56.07
花蓮縣吉安鄉南昌村,花蓮縣,吉安鄉,南昌村,163,188,252,440,3,443,0,443,262,705,62.84
花蓮縣吉安鄉南華村,花蓮縣,吉安鄉,南華村,179,191,143,334,1,335,0,335,188,523,64.05
花蓮縣吉安鄉南華村,花蓮縣,吉安鄉,南華村,180,163,198,361,4,365,0,365,179,544,67.1
花蓮縣吉安鄉勝安村,花蓮縣,吉安鄉,勝安村,151,309,430,739,4,743,0,743,406,"1,149",64.66
花蓮縣吉安鄉勝安村,花蓮縣,吉安鄉,勝安村,152,309,414,723,4,727,0,727,444,"1,171",62.08
花蓮縣吉安鄉勝安村,花蓮縣,吉安鄉,勝安村,153,237,304,541,3,544,0,544,300,844,64.45
花蓮縣吉安鄉勝安村,花蓮縣,吉安鄉,勝安村,154,279,258,537,2,539,0,539,233,772,69.82
花蓮縣吉安鄉勝安村,花蓮縣,吉安鄉,勝安村,155,233,245,478,1,479,0,479,227,706,67.85
花蓮縣吉安鄉福興村,花蓮縣,吉安鄉,福興村,176,186,286,472,5,477,0,477,270,747,63.86
花蓮縣吉安鄉福興村,花蓮縣,吉安鄉,福興村,177,276,277,553,3,556,0,556,291,847,65.64
花蓮縣吉安鄉福興村,花蓮縣,吉安鄉,福興村,178,266,239,505,3,508,0,508,280,788,64.47
花蓮縣吉安鄉慶豐村,花蓮縣,吉安鄉,慶豐村,164,337,396,733,6,739,0,739,418,"1,157",63.87
花蓮縣吉安鄉慶豐村,花蓮縣,吉安鄉,慶豐村,165,260,313,573,1,574,0,574,354,928,61.85
花蓮縣吉安鄉慶豐村,花蓮縣,吉安鄉,慶豐村,166,266,305,571,7,578,0,578,306,884,65.38
花蓮縣吉安鄉慶豐村,花蓮縣,吉安鄉,慶豐村,167,297,384,681,1,682,0,682,381,"1,063",64.16
花蓮縣吉安鄉慶豐村,花蓮縣,吉安鄉,慶豐村,168,249,311,560,2,562,0,562,401,963,58.36
花蓮縣吉安鄉慶豐村,花蓮縣,吉安鄉,慶豐村,169,256,379,635,3,638,0,638,360,998,63.93
花蓮縣吉安鄉稻香村,花蓮縣,吉安鄉,稻香村,200,240,314,554,4,558,0,558,288,846,65.96
花蓮縣吉安鄉稻香村,花蓮縣,吉安鄉,稻香村,201,225,345,570,2,572,0,572,306,878,65.15
花蓮縣吉安鄉稻香村,花蓮縣,吉安鄉,稻香村,202,241,417,658,3,661,0,661,435,"1,096",60.31
花蓮縣秀林鄉文蘭村,花蓮縣,秀林鄉,文蘭村,135,13,21,34,0,34,0,34,34,68,50
花蓮縣秀林鄉文蘭村,花蓮縣,秀林鄉,文蘭村,136,2,11,13,0,13,0,13,6,19,68.42
花蓮縣秀林鄉水源村,花蓮縣,秀林鄉,水源村,131,6,22,28,0,28,0,28,22,50,56
花蓮縣秀林鄉水源村,花蓮縣,秀林鄉,水源村,132,16,34,50,0,50,0,50,38,88,56.82
花蓮縣秀林鄉秀林村,花蓮縣,秀林鄉,秀林村,123,3,5,8,0,8,0,8,28,36,22.22
花蓮縣秀林鄉秀林村,花蓮縣,秀林鄉,秀林村,124,12,21,33,0,33,0,33,16,49,67.35
花蓮縣秀林鄉秀林村,花蓮縣,秀林鄉,秀林村,125,12,15,27,1,28,0,28,28,56,50
花蓮縣秀林鄉佳民村,花蓮縣,秀林鄉,佳民村,129,16,24,40,0,40,0,40,29,69,57.97
花蓮縣秀林鄉佳民村,花蓮縣,秀林鄉,佳民村,130,10,20,30,0,30,0,30,35,65,46.15
花蓮縣秀林鄉和平村,花蓮縣,秀林鄉,和平村,116,104,118,222,1,223,0,223,185,408,54.66
花蓮縣秀林鄉和平村,花蓮縣,秀林鄉,和平村,117,23,20,43,1,44,0,44,41,85,51.76
花蓮縣秀林鄉崇德村,花蓮縣,秀林鄉,崇德村,118,46,74,120,1,121,0,121,104,225,53.78
花蓮縣秀林鄉崇德村,花蓮縣,秀林鄉,崇德村,119,4,21,25,0,25,0,25,25,50,50
花蓮縣秀林鄉富世村,花蓮縣,秀林鄉,富世村,120,7,13,20,0,20,0,20,35,55,36.36
花蓮縣秀林鄉富世村,花蓮縣,秀林鄉,富世村,121,44,61,105,0,105,0,105,66,171,61.4
花蓮縣秀林鄉富世村,花蓮縣,秀林鄉,富世村,122,10,16,26,0,26,0,26,45,71,36.62
花蓮縣秀林鄉景美村,花蓮縣,秀林鄉,景美村,126,7,11,18,0,18,0,18,24,42,42.86
花蓮縣秀林鄉景美村,花蓮縣,秀林鄉,景美村,127,13,12,25,0,25,0,25,26,51,49.02
花蓮縣秀林鄉景美村,花蓮縣,秀林鄉,景美村,128,12,20,32,0,32,0,32,21,53,60.38
花蓮縣秀林鄉銅門村,花蓮縣,秀林鄉,銅門村,133,8,12,20,0,20,0,20,8,28,71.43
花蓮縣秀林鄉銅門村,花蓮縣,秀林鄉,銅門村,134,7,10,17,0,17,0,17,30,47,36.17
花蓮縣卓溪鄉太平村,花蓮縣,卓溪鄉,太平村,333,1,5,6,0,6,0,6,11,17,35.29
花蓮縣卓溪鄉古風村,花蓮縣,卓溪鄉,古風村,337,2,4,6,0,6,0,6,8,14,42.86
花蓮縣卓溪鄉古風村,花蓮縣,卓溪鄉,古風村,338,1,9,10,0,10,0,10,8,18,55.56
花蓮縣卓溪鄉古風村,花蓮縣,卓溪鄉,古風村,339,1,7,8,0,8,0,8,8,16,50
花蓮縣卓溪鄉立山村,花蓮縣,卓溪鄉,立山村,331,0,6,6,0,6,0,6,11,17,35.29
花蓮縣卓溪鄉立山村,花蓮縣,卓溪鄉,立山村,332,0,2,2,0,2,0,2,6,8,25
花蓮縣卓溪鄉卓清村,花蓮縣,卓溪鄉,卓清村,335,3,8,11,0,11,0,11,22,33,33.33
花蓮縣卓溪鄉卓清村,花蓮縣,卓溪鄉,卓清村,336,3,3,6,0,6,0,6,6,12,50
花蓮縣卓溪鄉卓溪村,花蓮縣,卓溪鄉,卓溪村,334,7,25,32,0,32,0,32,43,75,42.67
花蓮縣卓溪鄉崙山村,花蓮縣,卓溪鄉,崙山村,330,0,10,10,0,10,0,10,14,24,41.67
花蓮縣花蓮市主力里,花蓮縣,花蓮市,主力里,53,222,237,459,2,461,0,461,262,723,63.76
花蓮縣花蓮市主力里,花蓮縣,花蓮市,主力里,54,215,221,436,2,438,0,438,274,712,61.52
花蓮縣花蓮市主力里,花蓮縣,花蓮市,主力里,55,239,241,480,5,485,0,485,299,784,61.86
花蓮縣花蓮市主工里,花蓮縣,花蓮市,主工里,32,145,134,279,2,281,0,281,161,442,63.57
花蓮縣花蓮市主安里,花蓮縣,花蓮市,主安里,46,297,347,644,1,645,0,645,400,"1,045",61.72
花蓮縣花蓮市主安里,花蓮縣,花蓮市,主安里,47,287,326,613,5,618,0,618,394,"1,012",61.07
花蓮縣花蓮市主和里,花蓮縣,花蓮市,主和里,37,199,271,470,4,474,0,474,289,763,62.12
花蓮縣花蓮市主和里,花蓮縣,花蓮市,主和里,38,202,280,482,7,489,0,489,353,842,58.08
花蓮縣花蓮市主和里,花蓮縣,花蓮市,主和里,39,280,264,544,1,545,0,545,302,847,64.34
花蓮縣花蓮市主信里,花蓮縣,花蓮市,主信里,33,176,181,357,1,358,0,358,216,574,62.37
花蓮縣花蓮市主計里,花蓮縣,花蓮市,主計里,36,199,231,430,2,432,0,432,278,710,60.85
花蓮縣花蓮市主商里,花蓮縣,花蓮市,主商里,30,151,126,277,1,278,0,278,170,448,62.05
花蓮縣花蓮市主勤里,花蓮縣,花蓮市,主勤里,31,215,215,430,1,431,0,431,217,648,66.51
花蓮縣花蓮市主睦里,花蓮縣,花蓮市,主睦里,35,126,168,294,2,296,0,296,174,470,62.98
花蓮縣花蓮市主義里,花蓮縣,花蓮市,主義里,34,109,154,263,1,264,0,264,143,407,64.86
花蓮縣花蓮市主農里,花蓮縣,花蓮市,主農里,42,213,287,500,3,503,0,503,301,804,62.56
花蓮縣花蓮市主農里,花蓮縣,花蓮市,主農里,43,203,253,456,5,461,0,461,294,755,61.06
花蓮縣花蓮市主農里,花蓮縣,花蓮市,主農里,44,218,226,444,4,448,0,448,234,682,65.69
花蓮縣花蓮市主農里,花蓮縣,花蓮市,主農里,45,205,218,423,3,426,0,426,263,689,61.83
花蓮縣花蓮市主學里,花蓮縣,花蓮市,主學里,40,182,256,438,3,441,0,441,299,740,59.59
花蓮縣花蓮市主學里,花蓮縣,花蓮市,主學里,41,256,270,526,2,528,0,528,333,861,61.32
花蓮縣花蓮市主權里,花蓮縣,花蓮市,主權里,48,209,243,452,1,453,0,453,292,745,60.81
花蓮縣花蓮市主權里,花蓮縣,花蓮市,主權里,49,200,245,445,3,448,0,448,306,754,59.42
花蓮縣花蓮市主權里,花蓮縣,花蓮市,主權里,50,260,259,519,5,524,0,524,352,876,59.82
花蓮縣花蓮市主權里,花蓮縣,花蓮市,主權里,51,291,362,653,4,657,0,657,340,997,65.9
花蓮縣花蓮市主權里,花蓮縣,花蓮市,主權里,52,264,320,584,3,587,0,587,287,874,67.16
花蓮縣花蓮市民心里,花蓮縣,花蓮市,民心里,9,193,258,451,4,455,0,455,340,795,57.23
花蓮縣花蓮市民主里,花蓮縣,花蓮市,民主里,26,122,177,299,4,303,0,303,205,508,59.65
花蓮縣花蓮市民生里,花蓮縣,花蓮市,民生里,28,243,246,489,6,495,0,495,351,846,58.51
花蓮縣花蓮市民立里,花蓮縣,花蓮市,民立里,22,207,275,482,3,485,0,485,268,753,64.41
花蓮縣花蓮市民立里,花蓮縣,花蓮市,民立里,23,129,168,297,3,300,1,301,326,627,47.85
花蓮縣花蓮市民有里,花蓮縣,花蓮市,民有里,25,137,167,304,1,305,0,305,174,479,63.67
花蓮縣花蓮市民孝里,花蓮縣,花蓮市,民孝里,13,257,282,539,2,541,0,541,349,890,60.79
花蓮縣花蓮市民孝里,花蓮縣,花蓮市,民孝里,14,175,316,491,1,492,0,492,304,796,61.81
花蓮縣花蓮市民孝里,花蓮縣,花蓮市,民孝里,15,216,374,590,6,596,2,598,323,921,64.71
花蓮縣花蓮市民享里,花蓮縣,花蓮市,民享里,10,194,308,502,3,505,0,505,321,826,61.14
花蓮縣花蓮市民享里,花蓮縣,花蓮市,民享里,11,209,293,502,3,505,0,505,310,815,61.96
花蓮縣花蓮市民享里,花蓮縣,花蓮市,民享里,12,215,301,516,0,516,0,516,331,847,60.92
花蓮縣花蓮市民政里,花蓮縣,花蓮市,民政里,18,194,255,449,0,449,0,449,330,779,57.64
花蓮縣花蓮市民政里,花蓮縣,花蓮市,民政里,19,200,301,501,2,503,0,503,263,766,65.67
花蓮縣花蓮市民政里,花蓮縣,花蓮市,民政里,20,194,256,450,2,452,0,452,306,758,59.63
花蓮縣花蓮市民政里,花蓮縣,花蓮市,民政里,21,217,307,524,2,526,0,526,269,795,66.16
花蓮縣花蓮市民族里,花蓮縣,花蓮市,民族里,27,82,116,198,2,200,0,200,127,327,61.16
花蓮縣花蓮市民勤里,花蓮縣,花蓮市,民勤里,3,227,296,523,4,527,0,527,277,804,65.55
花蓮縣花蓮市民勤里,花蓮縣,花蓮市,民勤里,4,186,253,439,3,442,0,442,244,686,64.43
花蓮縣花蓮市民勤里,花蓮縣,花蓮市,民勤里,5,248,301,549,4,553,0,553,327,880,62.84
花蓮縣花蓮市民意里,花蓮縣,花蓮市,民意里,6,49,122,171,3,174,0,174,127,301,57.81
花蓮縣花蓮市民意里,花蓮縣,花蓮市,民意里,7,141,280,421,5,426,0,426,278,704,60.51
花蓮縣花蓮市民意里,花蓮縣,花蓮市,民意里,8,45,245,290,1,291,0,291,212,503,57.85
花蓮縣花蓮市民運里,花蓮縣,花蓮市,民運里,16,294,303,597,7,604,0,604,326,930,64.95
花蓮縣花蓮市民運里,花蓮縣,花蓮市,民運里,17,228,278,506,5,511,0,511,251,762,67.06
花蓮縣花蓮市民德里,花蓮縣,花蓮市,民德里,1,175,240,415,3,418,0,418,230,648,64.51
花蓮縣花蓮市民德里,花蓮縣,花蓮市,民德里,2,206,222,428,0,428,0,428,218,646,66.25
花蓮縣花蓮市民樂里,花蓮縣,花蓮市,民樂里,24,165,159,324,2,326,0,326,174,500,65.2
花蓮縣花蓮市民權里,花蓮縣,花蓮市,民權里,29,71,122,193,0,193,0,193,135,328,58.84
花蓮縣花蓮市國光里,花蓮縣,花蓮市,國光里,63,276,315,591,2,593,0,593,401,994,59.66
花蓮縣花蓮市國安里,花蓮縣,花蓮市,國安里,62,123,140,263,2,265,0,265,144,409,64.79
花蓮縣花蓮市國防里,花蓮縣,花蓮市,國防里,64,207,199,406,3,409,1,410,299,709,57.69
花蓮縣花蓮市國治里,花蓮縣,花蓮市,國治里,61,186,214,400,4,404,0,404,280,684,59.06
花蓮縣花蓮市國威里,花蓮縣,花蓮市,國威里,59,180,142,322,1,323,0,323,608,931,34.69
花蓮縣花蓮市國威里,花蓮縣,花蓮市,國威里,60,232,184,416,3,419,0,419,278,697,60.11
花蓮縣花蓮市國風里,花蓮縣,花蓮市,國風里,56,241,287,528,2,530,0,530,311,841,63.02
花蓮縣花蓮市國風里,花蓮縣,花蓮市,國風里,57,276,317,593,3,596,0,596,358,954,62.47
花蓮縣花蓮市國風里,花蓮縣,花蓮市,國風里,58,287,286,573,3,576,0,576,346,922,62.47
花蓮縣花蓮市國強里,花蓮縣,花蓮市,國強里,76,201,221,422,2,424,0,424,240,664,63.86
花蓮縣花蓮市國強里,花蓮縣,花蓮市,國強里,77,210,313,523,1,524,0,524,357,881,59.48
花蓮縣花蓮市國盛里,花蓮縣,花蓮市,國盛里,72,192,255,447,3,450,0,450,315,765,58.82
花蓮縣花蓮市國盛里,花蓮縣,花蓮市,國盛里,73,193,233,426,4,430,0,430,317,747,57.56
花蓮縣花蓮市國盛里,花蓮縣,花蓮市,國盛里,74,190,254,444,1,445,0,445,358,803,55.42
花蓮縣花蓮市國盛里,花蓮縣,花蓮市,國盛里,75,191,269,460,3,463,0,463,328,791,58.53
花蓮縣花蓮市國富里,花蓮縣,花蓮市,國富里,78,239,264,503,6,509,0,509,299,808,63
花蓮縣花蓮市國富里,花蓮縣,花蓮市,國富里,79,195,284,479,2,481,0,481,324,805,59.75
花蓮縣花蓮市國富里,花蓮縣,花蓮市,國富里,80,218,259,477,1,478,0,478,318,796,60.05
花蓮縣花蓮市國富里,花蓮縣,花蓮市,國富里,81,247,279,526,3,529,0,529,328,857,61.73
花蓮縣花蓮市國富里,花蓮縣,花蓮市,國富里,82,266,355,621,6,627,0,627,330,957,65.52
花蓮縣花蓮市國華里,花蓮縣,花蓮市,國華里,65,268,259,527,6,533,0,533,376,909,58.64
花蓮縣花蓮市國華里,花蓮縣,花蓮市,國華里,66,295,310,605,1,606,0,606,327,933,64.95
花蓮縣花蓮市國裕里,花蓮縣,花蓮市,國裕里,83,252,287,539,3,542,0,542,357,899,60.29
花蓮縣花蓮市國裕里,花蓮縣,花蓮市,國裕里,84,261,317,578,2,580,0,580,411,991,58.53
花蓮縣花蓮市國裕里,花蓮縣,花蓮市,國裕里,85,263,340,603,4,607,0,607,359,966,62.84
花蓮縣花蓮市國裕里,花蓮縣,花蓮市,國裕里,86,183,331,514,5,519,0,519,296,815,63.68
花蓮縣花蓮市國福里,花蓮縣,花蓮市,國福里,92,105,154,259,2,261,0,261,184,445,58.65
花蓮縣花蓮市國福里,花蓮縣,花蓮市,國福里,93,116,118,234,1,235,0,235,160,395,59.49
花蓮縣花蓮市國魂里,花蓮縣,花蓮市,國魂里,67,251,287,538,3,541,0,541,300,841,64.33
花蓮縣花蓮市國魂里,花蓮縣,花蓮市,國魂里,68,246,251,497,4,501,0,501,267,768,65.23
花蓮縣花蓮市國慶里,花蓮縣,花蓮市,國慶里,87,284,258,542,0,542,0,542,327,869,62.37
花蓮縣花蓮市國興里,花蓮縣,花蓮市,國興里,88,261,309,570,3,573,0,573,332,905,63.31
花蓮縣花蓮市國興里,花蓮縣,花蓮市,國興里,89,269,347,616,1,617,0,617,402,"1,019",60.55
花蓮縣花蓮市國興里,花蓮縣,花蓮市,國興里,90,227,300,527,2,529,0,529,432,961,55.05
花蓮縣花蓮市國興里,花蓮縣,花蓮市,國興里,91,232,311,543,0,543,0,543,334,877,61.92
花蓮縣花蓮市國聯里,花蓮縣,花蓮市,國聯里,69,204,239,443,2,445,0,445,294,739,60.22
花蓮縣花蓮市國聯里,花蓮縣,花蓮市,國聯里,70,242,281,523,2,525,0,525,323,848,61.91
花蓮縣花蓮市國聯里,花蓮縣,花蓮市,國聯里,71,286,281,567,1,568,0,568,358,926,61.34
花蓮縣富里鄉永豐村,花蓮縣,富里鄉,永豐村,326,52,124,176,2,178,0,178,207,385,46.23
花蓮縣富里鄉石牌村,花蓮縣,富里鄉,石牌村,323,125,311,436,5,441,0,441,371,812,54.31
花蓮縣富里鄉竹田村,花蓮縣,富里鄉,竹田村,321,111,371,482,4,486,0,486,425,911,53.35
花蓮縣富里鄉吳江村,花蓮縣,富里鄉,吳江村,317,46,118,164,0,164,0,164,136,300,54.67
花蓮縣富里鄉明里村,花蓮縣,富里鄉,明里村,324,44,116,160,2,162,0,162,154,316,51.27
花蓮縣富里鄉東里村,花蓮縣,富里鄉,東里村,318,132,217,349,5,354,0,354,415,769,46.03
花蓮縣富里鄉富里村,花蓮縣,富里鄉,富里村,325,188,398,586,5,591,1,592,559,"1,151",51.35
花蓮縣富里鄉富南村,花蓮縣,富里鄉,富南村,328,49,115,164,2,166,0,166,205,371,44.74
花蓮縣富里鄉新興村,花蓮縣,富里鄉,新興村,320,61,147,208,7,215,0,215,197,412,52.18
花蓮縣富里鄉萬寧村,花蓮縣,富里鄉,萬寧村,319,50,164,214,2,216,0,216,207,423,51.06
花蓮縣富里鄉學田村,花蓮縣,富里鄉,學田村,329,123,162,285,2,287,0,287,189,476,60.29
花蓮縣富里鄉豐南村,花蓮縣,富里鄉,豐南村,327,37,71,108,1,109,0,109,106,215,50.7
花蓮縣富里鄉羅山村,花蓮縣,富里鄉,羅山村,322,53,140,193,3,196,0,196,191,387,50.65
花蓮縣新城鄉大漢村,花蓮縣,新城鄉,大漢村,101,93,161,254,0,254,0,254,181,435,58.39
花蓮縣新城鄉大漢村,花蓮縣,新城鄉,大漢村,102,147,265,412,3,415,0,415,244,659,62.97
花蓮縣新城鄉大漢村,花蓮縣,新城鄉,大漢村,103,67,90,157,0,157,0,157,110,267,58.8
花蓮縣新城鄉北埔村,花蓮縣,新城鄉,北埔村,106,172,263,435,2,437,0,437,317,754,57.96
花蓮縣新城鄉北埔村,花蓮縣,新城鄉,北埔村,107,186,281,467,6,473,0,473,293,766,61.75
花蓮縣新城鄉北埔村,花蓮縣,新城鄉,北埔村,108,174,271,445,2,447,0,447,373,820,54.51
花蓮縣新城鄉佳林村,花蓮縣,新城鄉,佳林村,109,177,254,431,1,432,0,432,260,692,62.43
花蓮縣新城鄉康樂村,花蓮縣,新城鄉,康樂村,98,164,237,401,7,408,0,408,203,611,66.78
花蓮縣新城鄉康樂村,花蓮縣,新城鄉,康樂村,99,135,178,313,1,314,0,314,212,526,59.7
花蓮縣新城鄉康樂村,花蓮縣,新城鄉,康樂村,100,106,201,307,2,309,0,309,182,491,62.93
花蓮縣新城鄉順安村,花蓮縣,新城鄉,順安村,96,160,121,281,0,281,0,281,209,490,57.35
花蓮縣新城鄉順安村,花蓮縣,新城鄉,順安村,97,88,44,132,0,132,0,132,74,206,64.08
花蓮縣新城鄉新秀村,花蓮縣,新城鄉,新秀村,104,164,207,371,5,376,0,376,262,638,58.93
花蓮縣新城鄉新秀村,花蓮縣,新城鄉,新秀村,105,102,196,298,3,301,0,301,208,509,59.14
花蓮縣新城鄉新城村,花蓮縣,新城鄉,新城村,94,76,101,177,0,177,0,177,129,306,57.84
花蓮縣新城鄉新城村,花蓮縣,新城鄉,新城村,95,187,236,423,4,427,0,427,242,669,63.83
花蓮縣新城鄉嘉里村,花蓮縣,新城鄉,嘉里村,110,184,187,371,2,373,0,373,294,667,55.92
花蓮縣新城鄉嘉里村,花蓮縣,新城鄉,嘉里村,111,125,254,379,2,381,0,381,275,656,58.08
花蓮縣新城鄉嘉里村,花蓮縣,新城鄉,嘉里村,112,144,211,355,2,357,0,357,253,610,58.52
花蓮縣新城鄉嘉里村,花蓮縣,新城鄉,嘉里村,113,151,228,379,4,383,0,383,266,649,59.01
花蓮縣新城鄉嘉新村,花蓮縣,新城鄉,嘉新村,114,71,159,230,3,233,0,233,211,444,52.48
花蓮縣新城鄉嘉新村,花蓮縣,新城鄉,嘉新村,115,48,75,123,0,123,0,123,97,220,55.91
花蓮縣瑞穗鄉奇美村,花蓮縣,瑞穗鄉,奇美村,284,7,15,22,1,23,0,23,12,35,65.71
花蓮縣瑞穗鄉富民村,花蓮縣,瑞穗鄉,富民村,286,31,52,83,0,83,0,83,87,170,48.82
花蓮縣瑞穗鄉富源村,花蓮縣,瑞穗鄉,富源村,285,87,145,232,1,233,0,233,187,420,55.48
花蓮縣瑞穗鄉富興村,花蓮縣,瑞穗鄉,富興村,287,88,89,177,3,180,0,180,137,317,56.78
花蓮縣瑞穗鄉瑞北村,花蓮縣,瑞穗鄉,瑞北村,281,57,100,157,2,159,0,159,121,280,56.79
花蓮縣瑞穗鄉瑞良村,花蓮縣,瑞穗鄉,瑞良村,279,74,99,173,0,173,0,173,137,310,55.81
花蓮縣瑞穗鄉瑞美村,花蓮縣,瑞穗鄉,瑞美村,277,151,275,426,3,429,0,429,299,728,58.93
花蓮縣瑞穗鄉瑞美村,花蓮縣,瑞穗鄉,瑞美村,278,165,233,398,5,403,0,403,236,639,63.07
花蓮縣瑞穗鄉瑞祥村,花蓮縣,瑞穗鄉,瑞祥村,280,152,201,353,3,356,0,356,270,626,56.87
花蓮縣瑞穗鄉瑞穗村,花蓮縣,瑞穗鄉,瑞穗村,275,138,229,367,2,369,0,369,250,619,59.61
花蓮縣瑞穗鄉瑞穗村,花蓮縣,瑞穗鄉,瑞穗村,276,171,259,430,2,432,0,432,300,732,59.02
花蓮縣瑞穗鄉舞鶴村,花蓮縣,瑞穗鄉,舞鶴村,282,84,120,204,1,205,0,205,159,364,56.32
花蓮縣瑞穗鄉鶴岡村,花蓮縣,瑞穗鄉,鶴岡村,283,42,85,127,0,127,0,127,90,217,58.53
花蓮縣萬榮鄉西林村,花蓮縣,萬榮鄉,西林村,268,5,10,15,0,15,0,15,20,35,42.86
花蓮縣萬榮鄉見晴村,花蓮縣,萬榮鄉,見晴村,269,1,2,3,0,3,0,3,17,20,15
花蓮縣萬榮鄉明利村,花蓮縣,萬榮鄉,明利村,271,7,14,21,0,21,0,21,23,44,47.73
花蓮縣萬榮鄉紅葉村,花蓮縣,萬榮鄉,紅葉村,274,10,19,29,0,29,0,29,25,54,53.7
花蓮縣萬榮鄉馬遠村,花蓮縣,萬榮鄉,馬遠村,272,0,2,2,0,2,0,2,3,5,40
花蓮縣萬榮鄉馬遠村,花蓮縣,萬榮鄉,馬遠村,273,0,3,3,1,4,0,4,8,12,33.33
花蓮縣萬榮鄉萬榮村,花蓮縣,萬榮鄉,萬榮村,270,8,13,21,0,21,0,21,15,36,58.33
花蓮縣壽豐鄉月眉村,花蓮縣,壽豐鄉,月眉村,226,47,81,128,1,129,0,129,91,220,58.64
花蓮縣壽豐鄉水璉村,花蓮縣,壽豐鄉,水璉村,228,54,67,121,2,123,0,123,112,235,52.34
花蓮縣壽豐鄉平和村,花蓮縣,壽豐鄉,平和村,220,233,174,407,2,409,0,409,279,688,59.45
花蓮縣壽豐鄉平和村,花蓮縣,壽豐鄉,平和村,221,97,121,218,0,218,0,218,142,360,60.56
花蓮縣壽豐鄉光榮村,花蓮縣,壽豐鄉,光榮村,218,29,60,89,1,90,0,90,49,139,64.75
花蓮縣壽豐鄉共和村,花蓮縣,壽豐鄉,共和村,217,153,205,358,6,364,0,364,208,572,63.64
花蓮縣壽豐鄉池南村,花蓮縣,壽豐鄉,池南村,219,110,120,230,2,232,0,232,139,371,62.53
花蓮縣壽豐鄉米棧村,花蓮縣,壽豐鄉,米棧村,225,24,48,72,0,72,0,72,41,113,63.72
花蓮縣壽豐鄉志學村,花蓮縣,壽豐鄉,志學村,222,289,221,510,2,512,0,512,348,860,59.53
花蓮縣壽豐鄉志學村,花蓮縣,壽豐鄉,志學村,223,270,319,589,2,591,0,591,375,966,61.18
花蓮縣壽豐鄉志學村,花蓮縣,壽豐鄉,志學村,224,73,115,188,2,190,0,190,128,318,59.75
花蓮縣壽豐鄉溪口村,花蓮縣,壽豐鄉,溪口村,208,135,172,307,6,313,0,313,244,557,56.19
花蓮縣壽豐鄉壽豐村,花蓮縣,壽豐鄉,壽豐村,215,164,199,363,0,363,0,363,209,572,63.46
花蓮縣壽豐鄉壽豐村,花蓮縣,壽豐鄉,壽豐村,216,118,124,242,3,245,0,245,163,408,60.05
花蓮縣壽豐鄉樹湖村,花蓮縣,壽豐鄉,樹湖村,209,60,101,161,4,165,0,165,104,269,61.34
花蓮縣壽豐鄉豐山村,花蓮縣,壽豐鄉,豐山村,210,175,285,460,4,464,0,464,334,798,58.15
花蓮縣壽豐鄉豐山村,花蓮縣,壽豐鄉,豐山村,211,153,270,423,4,427,0,427,283,710,60.14
花蓮縣壽豐鄉豐坪村,花蓮縣,壽豐鄉,豐坪村,214,163,242,405,1,406,0,406,226,632,64.24
花蓮縣壽豐鄉豐裡村,花蓮縣,壽豐鄉,豐裡村,212,127,199,326,0,326,0,326,188,514,63.42
花蓮縣壽豐鄉豐裡村,花蓮縣,壽豐鄉,豐裡村,213,122,201,323,2,325,0,325,196,521,62.38
花蓮縣壽豐鄉鹽寮村,花蓮縣,壽豐鄉,鹽寮村,227,65,97,162,0,162,0,162,87,249,65.06
花蓮縣鳳林鎮大榮里,花蓮縣,鳳林鎮,大榮里,237,147,168,315,1,316,0,316,225,541,58.41
花蓮縣鳳林鎮大榮里,花蓮縣,鳳林鎮,大榮里,238,91,172,263,3,266,0,266,199,465,57.2
花蓮縣鳳林鎮山興里,花蓮縣,鳳林鎮,山興里,235,29,23,52,0,52,0,52,33,85,61.18
花蓮縣鳳林鎮山興里,花蓮縣,鳳林鎮,山興里,236,5,18,23,0,23,0,23,24,47,48.94
花蓮縣鳳林鎮北林里,花蓮縣,鳳林鎮,北林里,239,138,150,288,2,290,0,290,180,470,61.7
花蓮縣鳳林鎮林榮里,花蓮縣,鳳林鎮,林榮里,241,142,255,397,3,400,0,400,256,656,60.98
花蓮縣鳳林鎮長橋里,花蓮縣,鳳林鎮,長橋里,242,145,250,395,2,397,0,397,284,681,58.3
花蓮縣鳳林鎮南平里,花蓮縣,鳳林鎮,南平里,240,116,169,285,2,287,0,287,178,465,61.72
花蓮縣鳳林鎮森榮里,花蓮縣,鳳林鎮,森榮里,243,2,24,26,0,26,0,26,13,39,66.67
花蓮縣鳳林鎮鳳仁里,花蓮縣,鳳林鎮,鳳仁里,229,236,420,656,9,665,0,665,387,"1,052",63.21
花蓮縣鳳林鎮鳳信里,花蓮縣,鳳林鎮,鳳信里,233,49,103,152,0,152,0,152,115,267,56.93
花蓮縣鳳林鎮鳳信里,花蓮縣,鳳林鎮,鳳信里,234,89,171,260,0,260,0,260,161,421,61.76
花蓮縣鳳林鎮鳳智里,花蓮縣,鳳林鎮,鳳智里,232,165,378,543,1,544,0,544,332,876,62.1
花蓮縣鳳林鎮鳳義里,花蓮縣,鳳林鎮,鳳義里,230,106,214,320,2,322,0,322,221,543,59.3
花蓮縣鳳林鎮鳳禮里,花蓮縣,鳳林鎮,鳳禮里,231,144,192,336,2,338,0,338,158,496,68.15
花蓮縣豐濱鄉港口村,花蓮縣,豐濱鄉,港口村,262,48,17,65,0,65,0,65,42,107,60.75
花蓮縣豐濱鄉新社村,花蓮縣,豐濱鄉,新社村,266,22,12,34,0,34,0,34,36,70,48.57
花蓮縣豐濱鄉靜浦村,花蓮縣,豐濱鄉,靜浦村,261,3,13,16,1,17,0,17,33,50,34
花蓮縣豐濱鄉磯崎村,花蓮縣,豐濱鄉,磯崎村,267,9,12,21,0,21,0,21,34,55,38.18
花蓮縣豐濱鄉豐濱村,花蓮縣,豐濱鄉,豐濱村,263,33,35,68,0,68,0,68,50,118,57.63
花蓮縣豐濱鄉豐濱村,花蓮縣,豐濱鄉,豐濱村,264,49,39,88,1,89,0,89,80,169,52.66
花蓮縣豐濱鄉豐濱村,花蓮縣,豐濱鄉,豐濱村,265,5,9,14,0,14,0,14,16,30,46.67
桃園市八德區大千里,桃園市,八德區,大千里,1278,204,359,563,4,567,0,567,419,986,57.51
桃園市八德區大千里,桃園市,八德區,大千里,1279,205,414,619,4,623,0,623,485,"1,108",56.23
桃園市八德區大仁里,桃園市,八德區,大仁里,1217,279,315,594,4,598,0,598,424,"1,022",58.51
桃園市八德區大仁里,桃園市,八德區,大仁里,1218,354,444,798,3,801,0,801,684,"1,485",53.94
桃園市八德區大仁里,桃園市,八德區,大仁里,1219,363,416,779,5,784,0,784,595,"1,379",56.85
桃園市八德區大正里,桃園市,八德區,大正里,1264,319,445,764,1,765,0,765,570,"1,335",57.3
桃園市八德區大正里,桃園市,八德區,大正里,1265,341,437,778,8,786,0,786,747,"1,533",51.27
桃園市八德區大正里,桃園市,八德區,大正里,1266,333,457,790,2,792,0,792,620,"1,412",56.09
桃園市八德區大同里,桃園市,八德區,大同里,1250,359,364,723,4,727,0,727,693,"1,420",51.2
桃園市八德區大安里,桃園市,八德區,大安里,1223,343,333,676,6,682,0,682,584,"1,266",53.87
桃園市八德區大安里,桃園市,八德區,大安里,1224,209,244,453,6,459,0,459,553,"1,012",45.36
桃園市八德區大安里,桃園市,八德區,大安里,1225,271,302,573,5,578,0,578,450,"1,028",56.23
桃園市八德區大成里,桃園市,八德區,大成里,1251,454,420,874,2,876,0,876,618,"1,494",58.63
桃園市八德區大成里,桃園市,八德區,大成里,1252,362,543,905,4,909,1,910,594,"1,504",60.44
桃園市八德區大竹里,桃園市,八德區,大竹里,1226,368,400,768,9,777,0,777,644,"1,421",54.68
桃園市八德區大宏里,桃園市,八德區,大宏里,1261,404,663,"1,067",7,"1,074",0,"1,074",705,"1,779",60.37
桃園市八德區大宏里,桃園市,八德區,大宏里,1262,353,541,894,4,898,0,898,800,"1,698",52.89
桃園市八德區大宏里,桃園市,八德區,大宏里,1263,348,462,810,4,814,0,814,498,"1,312",62.04
桃園市八德區大和里,桃園市,八德區,大和里,1236,237,602,839,1,840,0,840,750,"1,590",52.83
桃園市八德區大和里,桃園市,八德區,大和里,1237,248,455,703,2,705,0,705,554,"1,259",56
桃園市八德區大和里,桃園市,八德區,大和里,1238,294,552,846,8,854,0,854,746,"1,600",53.38
桃園市八德區大和里,桃園市,八德區,大和里,1239,281,570,851,2,853,0,853,738,"1,591",53.61
桃園市八德區大和里,桃園市,八德區,大和里,1240,310,457,767,5,772,0,772,586,"1,358",56.85
桃園市八德區大忠里,桃園市,八德區,大忠里,1256,237,256,493,5,498,0,498,375,873,57.04
桃園市八德區大忠里,桃園市,八德區,大忠里,1257,101,298,399,3,402,0,402,338,740,54.32
桃園市八德區大昌里,桃園市,八德區,大昌里,1241,322,418,740,10,750,0,750,515,"1,265",59.29
桃園市八德區大昌里,桃園市,八德區,大昌里,1242,284,447,731,7,738,0,738,608,"1,346",54.83
桃園市八德區大明里,桃園市,八德區,大明里,1220,268,302,570,6,576,0,576,557,"1,133",50.84
桃園市八德區大明里,桃園市,八德區,大明里,1221,309,439,748,4,752,0,752,514,"1,266",59.4
桃園市八德區大明里,桃園市,八德區,大明里,1222,241,232,473,2,475,0,475,557,"1,032",46.03
桃園市八德區大信里,桃園市,八德區,大信里,1243,279,383,662,5,667,0,667,596,"1,263",52.81
桃園市八德區大信里,桃園市,八德區,大信里,1244,60,291,351,3,354,0,354,226,580,61.03
桃園市八德區大信里,桃園市,八德區,大信里,1245,254,363,617,8,625,0,625,647,"1,272",49.14
桃園市八德區大勇里,桃園市,八德區,大勇里,1273,284,362,646,2,648,0,648,544,"1,192",54.36
桃園市八德區大勇里,桃園市,八德區,大勇里,1274,353,361,714,5,719,0,719,570,"1,289",55.78
桃園市八德區大勇里,桃園市,八德區,大勇里,1275,394,508,902,1,903,0,903,636,"1,539",58.67
桃園市八德區大強里,桃園市,八德區,大強里,1271,466,483,949,10,959,0,959,606,"1,565",61.28
桃園市八德區大強里,桃園市,八德區,大強里,1272,361,479,840,2,842,0,842,616,"1,458",57.75
桃園市八德區大智里,桃園市,八德區,大智里,1258,268,517,785,6,791,0,791,623,"1,414",55.94
桃園市八德區大智里,桃園市,八德區,大智里,1259,209,521,730,5,735,0,735,583,"1,318",55.77
桃園市八德區大智里,桃園市,八德區,大智里,1260,285,558,843,3,846,0,846,540,"1,386",61.04
桃園市八德區大湳里,桃園市,八德區,大湳里,1212,344,364,708,0,708,0,708,635,"1,343",52.72
桃園市八德區大湳里,桃園市,八德區,大湳里,1213,291,374,665,7,672,0,672,638,"1,310",51.3
桃園市八德區大湳里,桃園市,八德區,大湳里,1214,257,306,563,1,564,0,564,588,"1,152",48.96
桃園市八德區大發里,桃園市,八德區,大發里,1215,279,291,570,3,573,0,573,420,993,57.7
桃園市八德區大發里,桃園市,八德區,大發里,1216,228,320,548,2,550,0,550,468,"1,018",54.03
桃園市八德區大華里,桃園市,八德區,大華里,1232,267,381,648,1,649,0,649,466,"1,115",58.21
桃園市八德區大華里,桃園市,八德區,大華里,1233,258,438,696,10,706,0,706,497,"1,203",58.69
桃園市八德區大順里,桃園市,八德區,大順里,1234,223,366,589,7,596,0,596,431,"1,027",58.03
桃園市八德區大順里,桃園市,八德區,大順里,1235,280,334,614,4,618,0,618,516,"1,134",54.5
桃園市八德區大愛里,桃園市,八德區,大愛里,1230,258,433,691,6,697,0,697,494,"1,191",58.52
桃園市八德區大愛里,桃園市,八德區,大愛里,1231,236,417,653,7,660,0,660,496,"1,156",57.09
桃園市八德區大義里,桃園市,八德區,大義里,1253,194,416,610,6,616,0,616,537,"1,153",53.43
桃園市八德區大義里,桃園市,八德區,大義里,1254,309,346,655,3,658,0,658,511,"1,169",56.29
桃園市八德區大義里,桃園市,八德區,大義里,1255,224,449,673,0,673,0,673,553,"1,226",54.89
桃園市八德區大榮里,桃園市,八德區,大榮里,1276,197,320,517,5,522,0,522,371,893,58.45
桃園市八德區大榮里,桃園市,八德區,大榮里,1277,194,258,452,2,454,0,454,410,864,52.55
桃園市八德區大漢里,桃園市,八德區,大漢里,1280,246,503,749,4,753,0,753,563,"1,316",57.22
桃園市八德區大漢里,桃園市,八德區,大漢里,1281,233,390,623,5,628,0,628,557,"1,185",53
桃園市八德區大漢里,桃園市,八德區,大漢里,1282,272,430,702,6,708,0,708,550,"1,258",56.28
桃園市八德區大福里,桃園市,八德區,大福里,1267,241,529,770,4,774,0,774,445,"1,219",63.49
桃園市八德區大福里,桃園市,八德區,大福里,1268,324,361,685,1,686,0,686,525,"1,211",56.65
桃園市八德區大福里,桃園市,八德區,大福里,1269,333,503,836,6,842,0,842,611,"1,453",57.95
桃園市八德區大福里,桃園市,八德區,大福里,1270,268,338,606,2,608,0,608,458,"1,066",57.04
桃園市八德區大慶里,桃園市,八德區,大慶里,1249,307,391,698,9,707,0,707,600,"1,307",54.09
桃園市八德區大興里,桃園市,八德區,大興里,1227,331,436,767,5,772,0,772,634,"1,406",54.91
桃園市八德區大興里,桃園市,八德區,大興里,1228,395,428,823,4,827,0,827,601,"1,428",57.91
桃園市八德區大興里,桃園市,八德區,大興里,1229,274,398,672,3,675,0,675,591,"1,266",53.32
桃園市八德區永豐里,桃園市,八德區,永豐里,1203,343,447,790,5,795,0,795,706,"1,501",52.96
桃園市八德區永豐里,桃園市,八德區,永豐里,1204,358,421,779,10,789,0,789,617,"1,406",56.12
桃園市八德區白鷺里,桃園市,八德區,白鷺里,1210,354,477,831,1,832,0,832,702,"1,534",54.24
桃園市八德區白鷺里,桃園市,八德區,白鷺里,1211,347,380,727,7,734,0,734,529,"1,263",58.12
桃園市八德區竹園里,桃園市,八德區,竹園里,1190,225,301,526,5,531,0,531,540,"1,071",49.58
桃園市八德區竹園里,桃園市,八德區,竹園里,1191,259,349,608,4,612,0,612,530,"1,142",53.59
桃園市八德區竹園里,桃園市,八德區,竹園里,1192,230,371,601,2,603,0,603,556,"1,159",52.03
桃園市八德區茄明里,桃園市,八德區,茄明里,1197,191,275,466,2,468,0,468,563,"1,031",45.39
桃園市八德區茄明里,桃園市,八德區,茄明里,1198,190,282,472,3,475,0,475,511,986,48.17
桃園市八德區茄明里,桃園市,八德區,茄明里,1199,354,445,799,8,807,0,807,657,"1,464",55.12
桃園市八德區茄明里,桃園市,八德區,茄明里,1200,279,462,741,7,748,0,748,633,"1,381",54.16
桃園市八德區茄苳里,桃園市,八德區,茄苳里,1201,287,371,658,6,664,0,664,571,"1,235",53.77
桃園市八德區茄苳里,桃園市,八德區,茄苳里,1202,279,291,570,4,574,0,574,559,"1,133",50.66
桃園市八德區高明里,桃園市,八德區,高明里,1205,293,379,672,6,678,0,678,542,"1,220",55.57
桃園市八德區高明里,桃園市,八德區,高明里,1206,240,299,539,6,545,0,545,550,"1,095",49.77
桃園市八德區高明里,桃園市,八德區,高明里,1207,280,381,661,4,665,0,665,563,"1,228",54.15
桃園市八德區高城里,桃園市,八德區,高城里,1208,364,577,941,1,942,0,942,568,"1,510",62.38
桃園市八德區高城里,桃園市,八德區,高城里,1209,277,478,755,2,757,0,757,752,"1,509",50.17
桃園市八德區陸光里,桃園市,八德區,陸光里,1246,164,570,734,10,744,0,744,630,"1,374",54.15
桃園市八德區陸光里,桃園市,八德區,陸光里,1247,135,672,807,3,810,0,810,591,"1,401",57.82
桃園市八德區陸光里,桃園市,八德區,陸光里,1248,145,588,733,6,739,0,739,655,"1,394",53.01
桃園市八德區瑞泰里,桃園市,八德區,瑞泰里,1172,321,437,758,2,760,0,760,576,"1,336",56.89
桃園市八德區瑞泰里,桃園市,八德區,瑞泰里,1173,334,354,688,3,691,0,691,539,"1,230",56.18
桃園市八德區瑞泰里,桃園市,八德區,瑞泰里,1174,239,364,603,2,605,0,605,635,"1,240",48.79
桃園市八德區瑞祥里,桃園市,八德區,瑞祥里,1180,260,532,792,1,793,0,793,614,"1,407",56.36
桃園市八德區瑞祥里,桃園市,八德區,瑞祥里,1181,210,546,756,6,762,0,762,647,"1,409",54.08
桃園市八德區瑞發里,桃園市,八德區,瑞發里,1175,340,490,830,3,833,0,833,641,"1,474",56.51
桃園市八德區瑞發里,桃園市,八德區,瑞發里,1176,267,551,818,10,828,0,828,571,"1,399",59.19
桃園市八德區瑞德里,桃園市,八德區,瑞德里,1177,196,315,511,1,512,0,512,445,957,53.5
桃園市八德區瑞德里,桃園市,八德區,瑞德里,1178,218,363,581,7,588,0,588,522,"1,110",52.97
桃園市八德區瑞德里,桃園市,八德區,瑞德里,1179,153,457,610,3,613,0,613,425,"1,038",59.06
桃園市八德區瑞興里,桃園市,八德區,瑞興里,1170,443,521,964,6,970,0,970,750,"1,720",56.4
桃園市八德區瑞興里,桃園市,八德區,瑞興里,1171,334,404,738,3,741,0,741,506,"1,247",59.42
桃園市八德區瑞豐里,桃園市,八德區,瑞豐里,1166,289,498,787,10,797,0,797,664,"1,461",54.55
桃園市八德區瑞豐里,桃園市,八德區,瑞豐里,1167,280,479,759,3,762,0,762,709,"1,471",51.8
桃園市八德區瑞豐里,桃園市,八德區,瑞豐里,1168,204,438,642,4,646,0,646,729,"1,375",46.98
桃園市八德區瑞豐里,桃園市,八德區,瑞豐里,1169,274,388,662,1,663,0,663,709,"1,372",48.32
桃園市八德區福元里,桃園市,八德區,福元里,1161,238,371,609,7,616,0,616,584,"1,200",51.33
桃園市八德區福元里,桃園市,八德區,福元里,1162,277,464,741,6,747,0,747,645,"1,392",53.66
桃園市八德區福元里,桃園市,八德區,福元里,1163,336,434,770,8,778,0,778,673,"1,451",53.62
桃園市八德區福德里,桃園市,八德區,福德里,1164,299,441,740,3,743,0,743,717,"1,460",50.89
桃園市八德區福德里,桃園市,八德區,福德里,1165,283,427,710,4,714,0,714,660,"1,374",51.97
桃園市八德區福興里,桃園市,八德區,福興里,1158,265,429,694,5,699,0,699,786,"1,485",47.07
桃園市八德區福興里,桃園市,八德區,福興里,1159,313,467,780,4,784,0,784,840,"1,624",48.28
桃園市八德區福興里,桃園市,八德區,福興里,1160,354,496,850,5,855,0,855,809,"1,664",51.38
桃園市八德區廣隆里,桃園市,八德區,廣隆里,1186,265,496,761,6,767,0,767,514,"1,281",59.88
桃園市八德區廣隆里,桃園市,八德區,廣隆里,1187,227,372,599,6,605,0,605,435,"1,040",58.17
桃園市八德區廣隆里,桃園市,八德區,廣隆里,1188,296,360,656,3,659,0,659,436,"1,095",60.18
桃園市八德區廣隆里,桃園市,八德區,廣隆里,1189,216,290,506,2,508,0,508,460,968,52.48
桃園市八德區廣德里,桃園市,八德區,廣德里,1182,314,382,696,2,698,0,698,494,"1,192",58.56
桃園市八德區廣德里,桃園市,八德區,廣德里,1183,276,453,729,4,733,0,733,560,"1,293",56.69
桃園市八德區廣興里,桃園市,八德區,廣興里,1184,381,451,832,10,842,0,842,701,"1,543",54.57
桃園市八德區廣興里,桃園市,八德區,廣興里,1185,350,493,843,4,847,0,847,598,"1,445",58.62
桃園市八德區霄裡里,桃園市,八德區,霄裡里,1193,230,366,596,6,602,0,602,507,"1,109",54.28
桃園市八德區霄裡里,桃園市,八德區,霄裡里,1194,266,268,534,3,537,0,537,440,977,54.96
桃園市八德區興中里,桃園市,八德區,興中里,1155,292,451,743,8,751,0,751,729,"1,480",50.74
桃園市八德區興中里,桃園市,八德區,興中里,1156,308,469,777,8,785,0,785,754,"1,539",51.01
桃園市八德區興中里,桃園市,八德區,興中里,1157,277,424,701,5,706,0,706,908,"1,614",43.74
桃園市八德區興仁里,桃園市,八德區,興仁里,1152,303,518,821,5,826,0,826,758,"1,584",52.15
桃園市八德區興仁里,桃園市,八德區,興仁里,1153,357,433,790,1,791,0,791,760,"1,551",51
桃園市八德區興仁里,桃園市,八德區,興仁里,1154,160,223,383,2,385,0,385,"1,351","1,736",22.18
桃園市八德區龍友里,桃園市,八德區,龍友里,1195,118,467,585,9,594,0,594,470,"1,064",55.83
桃園市八德區龍友里,桃園市,八德區,龍友里,1196,118,457,575,5,580,0,580,350,930,62.37
桃園市大園區三石里,桃園市,大園區,三石里,282,374,335,709,5,714,0,714,528,"1,242",57.49
桃園市大園區三石里,桃園市,大園區,三石里,283,434,445,879,9,888,0,888,511,"1,399",63.47
桃園市大園區大海里,桃園市,大園區,大海里,281,164,237,401,2,403,0,403,222,625,64.48
桃園市大園區大園里,桃園市,大園區,大園里,250,364,477,841,5,846,0,846,635,"1,481",57.12
桃園市大園區大園里,桃園市,大園區,大園里,251,319,402,721,5,726,0,726,878,"1,604",45.26
桃園市大園區大園里,桃園市,大園區,大園里,252,417,395,812,8,820,0,820,603,"1,423",57.62
桃園市大園區大園里,桃園市,大園區,大園里,253,417,413,830,6,836,0,836,545,"1,381",60.54
桃園市大園區五權里,桃園市,大園區,五權里,273,398,281,679,4,683,0,683,615,"1,298",52.62
桃園市大園區五權里,桃園市,大園區,五權里,274,407,375,782,5,787,0,787,660,"1,447",54.39
桃園市大園區五權里,桃園市,大園區,五權里,275,439,300,739,8,747,0,747,466,"1,213",61.58
桃園市大園區五權里,桃園市,大園區,五權里,276,295,366,661,5,666,0,666,572,"1,238",53.8
桃園市大園區內海里,桃園市,大園區,內海里,295,311,305,616,4,620,0,620,497,"1,117",55.51
桃園市大園區內海里,桃園市,大園區,內海里,296,233,303,536,0,536,0,536,488,"1,024",52.34
桃園市大園區北港里,桃園市,大園區,北港里,297,391,343,734,5,739,0,739,719,"1,458",50.69
桃園市大園區北港里,桃園市,大園區,北港里,298,308,369,677,2,679,0,679,752,"1,431",47.45
桃園市大園區田心里,桃園市,大園區,田心里,254,383,345,728,3,731,0,731,637,"1,368",53.44
桃園市大園區田心里,桃園市,大園區,田心里,255,311,438,749,2,751,0,751,684,"1,435",52.33
桃園市大園區田心里,桃園市,大園區,田心里,256,354,410,764,3,767,0,767,654,"1,421",53.98
桃園市大園區田心里,桃園市,大園區,田心里,257,316,436,752,2,754,0,754,692,"1,446",52.14
桃園市大園區田心里,桃園市,大園區,田心里,258,385,389,774,7,781,0,781,683,"1,464",53.35
桃園市大園區圳頭里,桃園市,大園區,圳頭里,293,274,270,544,2,546,0,546,417,963,56.7
桃園市大園區圳頭里,桃園市,大園區,圳頭里,294,253,280,533,0,533,0,533,412,945,56.4
桃園市大園區竹圍里,桃園市,大園區,竹圍里,289,243,312,555,2,557,0,557,326,883,63.08
桃園市大園區沙崙里,桃園市,大園區,沙崙里,291,305,427,732,2,734,0,734,598,"1,332",55.11
桃園市大園區和平里,桃園市,大園區,和平里,263,480,394,874,5,879,0,879,672,"1,551",56.67
桃園市大園區青山里,桃園市,大園區,青山里,270,410,393,803,6,809,0,809,504,"1,313",61.61
桃園市大園區青山里,桃園市,大園區,青山里,271,360,362,722,3,725,0,725,635,"1,360",53.31
桃園市大園區青山里,桃園市,大園區,青山里,272,331,416,747,2,749,0,749,597,"1,346",55.65
桃園市大園區青峰里,桃園市,大園區,青峰里,267,341,455,796,2,798,0,798,695,"1,493",53.45
桃園市大園區青峰里,桃園市,大園區,青峰里,268,384,461,845,2,847,0,847,711,"1,558",54.36
桃園市大園區青峰里,桃園市,大園區,青峰里,269,345,482,827,2,829,1,830,723,"1,553",53.38
桃園市大園區南港里,桃園市,大園區,南港里,299,226,382,608,3,611,0,611,735,"1,346",45.39
桃園市大園區南港里,桃園市,大園區,南港里,300,282,298,580,4,584,0,584,645,"1,229",47.52
桃園市大園區南港里,桃園市,大園區,南港里,301,225,318,543,6,549,0,549,551,"1,100",49.91
桃園市大園區南港里,桃園市,大園區,南港里,302,303,375,678,5,683,0,683,690,"1,373",49.75
桃園市大園區南港里,桃園市,大園區,南港里,303,276,389,665,8,673,0,673,746,"1,419",47.43
桃園市大園區南港里,桃園市,大園區,南港里,304,255,391,646,3,649,0,649,756,"1,405",46.19
桃園市大園區後厝里,桃園市,大園區,後厝里,292,190,260,450,2,452,0,452,295,747,60.51
桃園市大園區埔心里,桃園市,大園區,埔心里,277,279,288,567,2,569,0,569,493,"1,062",53.58
桃園市大園區埔心里,桃園市,大園區,埔心里,278,261,322,583,5,588,0,588,474,"1,062",55.37
桃園市大園區埔心里,桃園市,大園區,埔心里,279,217,325,542,1,543,0,543,479,"1,022",53.13
桃園市大園區埔心里,桃園市,大園區,埔心里,280,369,291,660,4,664,0,664,457,"1,121",59.23
桃園市大園區海口里,桃園市,大園區,海口里,290,211,326,537,2,539,0,539,414,953,56.56
桃園市大園區菓林里,桃園市,大園區,菓林里,284,311,401,712,5,717,0,717,573,"1,290",55.58
桃園市大園區菓林里,桃園市,大園區,菓林里,285,371,392,763,6,769,0,769,574,"1,343",57.26
桃園市大園區菓林里,桃園市,大園區,菓林里,286,305,322,627,4,631,0,631,609,"1,240",50.89
桃園市大園區菓林里,桃園市,大園區,菓林里,287,270,373,643,2,645,0,645,613,"1,258",51.27
桃園市大園區菓林里,桃園市,大園區,菓林里,288,305,316,621,4,625,0,625,550,"1,175",53.19
桃園市大園區溪海里,桃園市,大園區,溪海里,259,257,306,563,3,566,0,566,613,"1,179",48.01
桃園市大園區溪海里,桃園市,大園區,溪海里,260,297,391,688,1,689,0,689,624,"1,313",52.48
桃園市大園區溪海里,桃園市,大園區,溪海里,261,302,299,601,1,602,0,602,600,"1,202",50.08
桃園市大園區溪海里,桃園市,大園區,溪海里,262,263,244,507,4,511,0,511,533,"1,044",48.95
桃園市大園區橫峰里,桃園市,大園區,橫峰里,264,336,338,674,1,675,0,675,653,"1,328",50.83
桃園市大園區橫峰里,桃園市,大園區,橫峰里,265,325,394,719,7,726,0,726,633,"1,359",53.42
桃園市大園區橫峰里,桃園市,大園區,橫峰里,266,357,392,749,4,753,0,753,538,"1,291",58.33
桃園市大溪區一心里,桃園市,大溪區,一心里,1288,288,240,528,1,529,0,529,517,"1,046",50.57
桃園市大溪區一心里,桃園市,大溪區,一心里,1289,309,319,628,4,632,0,632,539,"1,171",53.97
桃園市大溪區一心里,桃園市,大溪區,一心里,1290,288,313,601,0,601,0,601,531,"1,132",53.09
桃園市大溪區一心里,桃園市,大溪區,一心里,1291,264,235,499,0,499,0,499,674,"1,173",42.54
桃園市大溪區一德里,桃園市,大溪區,一德里,1292,356,270,626,4,630,0,630,537,"1,167",53.98
桃園市大溪區一德里,桃園市,大溪區,一德里,1293,293,293,586,0,586,0,586,619,"1,205",48.63
桃園市大溪區一德里,桃園市,大溪區,一德里,1294,348,260,608,3,611,0,611,550,"1,161",52.63
桃園市大溪區一德里,桃園市,大溪區,一德里,1295,370,341,711,3,714,0,714,757,"1,471",48.54
桃園市大溪區三元里,桃園市,大溪區,三元里,1341,219,531,750,0,750,0,750,591,"1,341",55.93
桃園市大溪區三元里,桃園市,大溪區,三元里,1342,167,542,709,4,713,0,713,612,"1,325",53.81
桃園市大溪區中新里,桃園市,大溪區,中新里,1308,229,174,403,4,407,0,407,381,788,51.65
桃園市大溪區中新里,桃園市,大溪區,中新里,1309,195,161,356,2,358,0,358,310,668,53.59
桃園市大溪區仁文里,桃園市,大溪區,仁文里,1331,242,350,592,3,595,0,595,545,"1,140",52.19
桃園市大溪區仁文里,桃園市,大溪區,仁文里,1332,187,332,519,4,523,0,523,408,931,56.18
桃園市大溪區仁文里,桃園市,大溪區,仁文里,1333,346,443,789,5,794,0,794,701,"1,495",53.11
桃園市大溪區仁和里,桃園市,大溪區,仁和里,1322,341,437,778,5,783,0,783,665,"1,448",54.07
桃園市大溪區仁和里,桃園市,大溪區,仁和里,1323,315,528,843,5,848,0,848,644,"1,492",56.84
桃園市大溪區仁和里,桃園市,大溪區,仁和里,1324,394,498,892,2,894,0,894,738,"1,632",54.78
桃園市大溪區仁武里,桃園市,大溪區,仁武里,1329,328,464,792,7,799,0,799,708,"1,507",53.02
桃園市大溪區仁武里,桃園市,大溪區,仁武里,1330,272,453,725,3,728,0,728,671,"1,399",52.04
桃園市大溪區仁美里,桃園市,大溪區,仁美里,1315,204,326,530,3,533,0,533,366,899,59.29
桃園市大溪區仁美里,桃園市,大溪區,仁美里,1316,248,357,605,3,608,0,608,487,"1,095",55.53
桃園市大溪區仁美里,桃園市,大溪區,仁美里,1317,251,402,653,2,655,0,655,455,"1,110",59.01
桃園市大溪區仁善里,桃園市,大溪區,仁善里,1312,386,446,832,5,837,0,837,843,"1,680",49.82
桃園市大溪區仁善里,桃園市,大溪區,仁善里,1313,326,508,834,8,842,0,842,679,"1,521",55.36
桃園市大溪區仁善里,桃園市,大溪區,仁善里,1314,323,506,829,2,831,0,831,658,"1,489",55.81
桃園市大溪區仁愛里,桃園市,大溪區,仁愛里,1325,268,405,673,4,677,0,677,549,"1,226",55.22
桃園市大溪區仁愛里,桃園市,大溪區,仁愛里,1326,279,365,644,5,649,0,649,393,"1,042",62.28
桃園市大溪區仁愛里,桃園市,大溪區,仁愛里,1327,316,398,714,5,719,0,719,589,"1,308",54.97
桃園市大溪區仁愛里,桃園市,大溪區,仁愛里,1328,212,289,501,2,503,0,503,483,986,51.01
桃園市大溪區仁義里,桃園市,大溪區,仁義里,1320,193,462,655,5,660,0,660,637,"1,297",50.89
桃園市大溪區仁義里,桃園市,大溪區,仁義里,1321,134,466,600,9,609,0,609,527,"1,136",53.61
桃園市大溪區月眉里,桃園市,大溪區,月眉里,1296,365,253,618,4,622,0,622,521,"1,143",54.42
桃園市大溪區永福里,桃園市,大溪區,永福里,1297,308,154,462,3,465,1,466,423,889,52.31
桃園市大溪區田心里,桃園市,大溪區,田心里,1285,414,376,790,1,791,0,791,623,"1,414",55.94
桃園市大溪區田心里,桃園市,大溪區,田心里,1286,391,313,704,4,708,0,708,613,"1,321",53.6
桃園市大溪區田心里,桃園市,大溪區,田心里,1287,387,310,697,8,705,0,705,619,"1,324",53.25
桃園市大溪區光明里,桃園市,大溪區,光明里,1338,205,363,568,5,573,0,573,616,"1,189",48.19
桃園市大溪區光明里,桃園市,大溪區,光明里,1339,172,385,557,2,559,0,559,480,"1,039",53.8
桃園市大溪區南興里,桃園市,大溪區,南興里,1334,304,323,627,3,630,0,630,554,"1,184",53.21
桃園市大溪區南興里,桃園市,大溪區,南興里,1335,331,304,635,0,635,0,635,557,"1,192",53.27
桃園市大溪區南興里,桃園市,大溪區,南興里,1336,267,267,534,4,538,0,538,670,"1,208",44.54
桃園市大溪區南興里,桃園市,大溪區,南興里,1337,218,302,520,9,529,0,529,499,"1,028",51.46
桃園市大溪區美華里,桃園市,大溪區,美華里,1301,341,269,610,3,613,0,613,461,"1,074",57.08
桃園市大溪區美華里,桃園市,大溪區,美華里,1302,332,290,622,4,626,0,626,524,"1,150",54.43
桃園市大溪區美華里,桃園市,大溪區,美華里,1303,184,135,319,3,322,0,322,306,628,51.27
桃園市大溪區員林里,桃園市,大溪區,員林里,1340,338,517,855,5,860,0,860,838,"1,698",50.65
桃園市大溪區康安里,桃園市,大溪區,康安里,1298,414,245,659,3,662,0,662,541,"1,203",55.03
桃園市大溪區復興里,桃園市,大溪區,復興里,1306,205,182,387,0,387,0,387,409,796,48.62
桃園市大溪區新峰里,桃園市,大溪區,新峰里,1307,174,150,324,0,324,0,324,389,713,45.44
桃園市大溪區瑞源里,桃園市,大溪區,瑞源里,1343,272,338,610,3,613,0,613,505,"1,118",54.83
桃園市大溪區瑞源里,桃園市,大溪區,瑞源里,1344,233,386,619,3,622,0,622,498,"1,120",55.54
桃園市大溪區瑞源里,桃園市,大溪區,瑞源里,1345,344,283,627,5,632,0,632,560,"1,192",53.02
桃園市大溪區瑞興里,桃園市,大溪區,瑞興里,1310,397,275,672,6,678,0,678,605,"1,283",52.84
桃園市大溪區瑞興里,桃園市,大溪區,瑞興里,1311,241,146,387,1,388,0,388,374,762,50.92
桃園市大溪區義和里,桃園市,大溪區,義和里,1299,329,228,557,3,560,0,560,453,"1,013",55.28
桃園市大溪區義和里,桃園市,大溪區,義和里,1300,181,118,299,0,299,0,299,301,600,49.83
桃園市大溪區僑愛里,桃園市,大溪區,僑愛里,1318,89,635,724,4,728,0,728,437,"1,165",62.49
桃園市大溪區僑愛里,桃園市,大溪區,僑愛里,1319,148,487,635,1,636,0,636,559,"1,195",53.22
桃園市大溪區福仁里,桃園市,大溪區,福仁里,1284,324,194,518,2,520,0,520,389,909,57.21
桃園市大溪區福安里,桃園市,大溪區,福安里,1304,360,274,634,2,636,0,636,570,"1,206",52.74
桃園市大溪區福安里,桃園市,大溪區,福安里,1305,329,169,498,3,501,0,501,357,858,58.39
桃園市大溪區興和里,桃園市,大溪區,興和里,1283,429,345,774,1,775,0,775,510,"1,285",60.31
桃園市中壢區三民里,桃園市,中壢區,三民里,685,416,437,853,6,859,0,859,646,"1,505",57.08
桃園市中壢區三民里,桃園市,中壢區,三民里,686,444,537,981,4,985,0,985,702,"1,687",58.39
桃園市中壢區山東里,桃園市,中壢區,山東里,712,337,288,625,4,629,0,629,577,"1,206",52.16
桃園市中壢區山東里,桃園市,中壢區,山東里,713,460,376,836,4,840,0,840,600,"1,440",58.33
桃園市中壢區山東里,桃園市,中壢區,山東里,714,337,290,627,6,633,0,633,557,"1,190",53.19
桃園市中壢區中山里,桃園市,中壢區,中山里,1381,262,599,861,3,864,0,864,707,"1,571",55
桃園市中壢區中山里,桃園市,中壢區,中山里,1382,273,568,841,3,844,0,844,652,"1,496",56.42
桃園市中壢區中山里,桃園市,中壢區,中山里,1383,265,549,814,2,816,0,816,660,"1,476",55.28
桃園市中壢區中央里,桃園市,中壢區,中央里,615,310,503,813,7,820,0,820,508,"1,328",61.75
桃園市中壢區中央里,桃園市,中壢區,中央里,616,278,345,623,0,623,0,623,409,"1,032",60.37
桃園市中壢區中央里,桃園市,中壢區,中央里,617,244,300,544,1,545,0,545,373,918,59.37
桃園市中壢區中正里,桃園市,中壢區,中正里,1377,168,372,540,5,545,0,545,551,"1,096",49.73
桃園市中壢區中正里,桃園市,中壢區,中正里,1378,192,379,571,4,575,0,575,583,"1,158",49.65
桃園市中壢區中正里,桃園市,中壢區,中正里,1379,258,566,824,1,825,0,825,592,"1,417",58.22
桃園市中壢區中正里,桃園市,中壢區,中正里,1380,240,480,720,2,722,0,722,538,"1,260",57.3
桃園市中壢區中建里,桃園市,中壢區,中建里,672,286,303,589,2,591,0,591,435,"1,026",57.6
桃園市中壢區中原里,桃園市,中壢區,中原里,584,313,347,660,0,660,0,660,397,"1,057",62.44
桃園市中壢區中原里,桃園市,中壢區,中原里,585,243,396,639,2,641,0,641,534,"1,175",54.55
桃園市中壢區中原里,桃園市,中壢區,中原里,586,195,448,643,0,643,0,643,556,"1,199",53.63
桃園市中壢區中堅里,桃園市,中壢區,中堅里,1371,244,511,755,1,756,0,756,575,"1,331",56.8
桃園市中壢區中堅里,桃園市,中壢區,中堅里,1372,114,309,423,3,426,0,426,320,746,57.1
桃園市中壢區中堅里,桃園市,中壢區,中堅里,1373,202,610,812,4,816,0,816,615,"1,431",57.02
桃園市中壢區中榮里,桃園市,中壢區,中榮里,671,273,274,547,2,549,0,549,428,977,56.19
桃園市中壢區中興里,桃園市,中壢區,中興里,561,186,420,606,3,609,0,609,541,"1,150",52.96
桃園市中壢區中興里,桃園市,中壢區,中興里,562,215,436,651,4,655,0,655,486,"1,141",57.41
桃園市中壢區中興里,桃園市,中壢區,中興里,563,205,446,651,2,653,0,653,398,"1,051",62.13
桃園市中壢區中壢里,桃園市,中壢區,中壢里,670,149,213,362,1,363,0,363,311,674,53.86
桃園市中壢區五福里,桃園市,中壢區,五福里,692,290,293,583,3,586,0,586,429,"1,015",57.73
桃園市中壢區五福里,桃園市,中壢區,五福里,693,264,283,547,2,549,0,549,513,"1,062",51.69
桃園市中壢區五福里,桃園市,中壢區,五福里,694,307,431,738,1,739,0,739,562,"1,301",56.8
桃園市中壢區五權里,桃園市,中壢區,五權里,687,301,412,713,6,719,0,719,511,"1,230",58.46
桃園市中壢區五權里,桃園市,中壢區,五權里,688,280,367,647,6,653,0,653,524,"1,177",55.48
桃園市中壢區五權里,桃園市,中壢區,五權里,689,325,425,750,5,755,0,755,500,"1,255",60.16
桃園市中壢區五權里,桃園市,中壢區,五權里,690,298,390,688,2,690,0,690,508,"1,198",57.6
桃園市中壢區五權里,桃園市,中壢區,五權里,691,272,434,706,3,709,0,709,545,"1,254",56.54
桃園市中壢區仁和里,桃園市,中壢區,仁和里,1363,226,560,786,2,788,0,788,533,"1,321",59.65
桃園市中壢區仁和里,桃園市,中壢區,仁和里,1364,188,462,650,6,656,0,656,483,"1,139",57.59
桃園市中壢區仁和里,桃園市,中壢區,仁和里,1365,172,312,484,2,486,0,486,365,851,57.11
桃園市中壢區仁美里,桃園市,中壢區,仁美里,524,251,558,809,0,809,0,809,680,"1,489",54.33
桃園市中壢區仁美里,桃園市,中壢區,仁美里,525,201,417,618,6,624,0,624,511,"1,135",54.98
桃園市中壢區仁美里,桃園市,中壢區,仁美里,526,259,567,826,1,827,0,827,571,"1,398",59.16
桃園市中壢區仁美里,桃園市,中壢區,仁美里,527,280,469,749,2,751,0,751,574,"1,325",56.68
桃園市中壢區仁祥里,桃園市,中壢區,仁祥里,1366,224,551,775,3,778,0,778,635,"1,413",55.06
桃園市中壢區仁祥里,桃園市,中壢區,仁祥里,1367,161,506,667,0,667,0,667,536,"1,203",55.44
桃園市中壢區仁愛里,桃園市,中壢區,仁愛里,1359,296,475,771,6,777,0,777,641,"1,418",54.8
桃園市中壢區仁愛里,桃園市,中壢區,仁愛里,1360,295,494,789,6,795,0,795,641,"1,436",55.36
桃園市中壢區仁義里,桃園市,中壢區,仁義里,555,235,365,600,2,602,0,602,546,"1,148",52.44
桃園市中壢區仁義里,桃園市,中壢區,仁義里,556,327,412,739,7,746,0,746,600,"1,346",55.42
桃園市中壢區仁義里,桃園市,中壢區,仁義里,557,285,386,671,7,678,0,678,589,"1,267",53.51
桃園市中壢區仁福里,桃園市,中壢區,仁福里,528,290,609,899,5,904,0,904,666,"1,570",57.58
桃園市中壢區仁福里,桃園市,中壢區,仁福里,529,254,533,787,1,788,0,788,691,"1,479",53.28
桃園市中壢區仁福里,桃園市,中壢區,仁福里,530,253,507,760,3,763,0,763,725,"1,488",51.28
桃園市中壢區仁德里,桃園市,中壢區,仁德里,1361,264,573,837,7,844,0,844,658,"1,502",56.19
桃園市中壢區仁德里,桃園市,中壢區,仁德里,1362,209,571,780,3,783,0,783,601,"1,384",56.58
桃園市中壢區內定里,桃園市,中壢區,內定里,609,292,308,600,3,603,0,603,508,"1,111",54.28
桃園市中壢區內定里,桃園市,中壢區,內定里,610,268,379,647,2,649,0,649,526,"1,175",55.23
桃園市中壢區內定里,桃園市,中壢區,內定里,611,348,450,798,4,802,0,802,606,"1,408",56.96
桃園市中壢區內定里,桃園市,中壢區,內定里,612,410,506,916,1,917,0,917,694,"1,611",56.92
桃園市中壢區內定里,桃園市,中壢區,內定里,613,420,293,713,0,713,0,713,594,"1,307",54.55
桃園市中壢區內厝里,桃園市,中壢區,內厝里,705,441,453,894,2,896,0,896,733,"1,629",55
桃園市中壢區內厝里,桃園市,中壢區,內厝里,706,406,346,752,1,753,0,753,597,"1,350",55.78
桃園市中壢區內厝里,桃園市,中壢區,內厝里,707,454,523,977,5,982,0,982,679,"1,661",59.12
桃園市中壢區內壢里,桃園市,中壢區,內壢里,577,195,386,581,2,583,1,584,451,"1,035",56.33
桃園市中壢區內壢里,桃園市,中壢區,內壢里,578,199,384,583,5,588,0,588,422,"1,010",58.22
桃園市中壢區文化里,桃園市,中壢區,文化里,601,284,437,721,4,725,0,725,604,"1,329",54.55
桃園市中壢區文化里,桃園市,中壢區,文化里,602,285,420,705,2,707,0,707,621,"1,328",53.24
桃園市中壢區文化里,桃園市,中壢區,文化里,603,294,391,685,1,686,0,686,508,"1,194",57.45
桃園市中壢區文化里,桃園市,中壢區,文化里,604,279,540,819,3,822,0,822,664,"1,486",55.32
桃園市中壢區文化里,桃園市,中壢區,文化里,605,375,433,808,3,811,0,811,649,"1,460",55.55
桃園市中壢區文化里,桃園市,中壢區,文化里,606,305,504,809,7,816,0,816,696,"1,512",53.97
桃園市中壢區月眉里,桃園市,中壢區,月眉里,708,432,393,825,2,827,0,827,636,"1,463",56.53
桃園市中壢區月眉里,桃園市,中壢區,月眉里,709,335,346,681,4,685,0,685,509,"1,194",57.37
桃園市中壢區月眉里,桃園市,中壢區,月眉里,710,522,386,908,3,911,0,911,729,"1,640",55.55
桃園市中壢區月眉里,桃園市,中壢區,月眉里,711,456,339,795,3,798,0,798,768,"1,566",50.96
桃園市中壢區水尾里,桃園市,中壢區,水尾里,633,320,321,641,1,642,0,642,499,"1,141",56.27
桃園市中壢區水尾里,桃園市,中壢區,水尾里,634,324,423,747,3,750,0,750,464,"1,214",61.78
桃園市中壢區水尾里,桃園市,中壢區,水尾里,635,242,416,658,5,663,0,663,499,"1,162",57.06
桃園市中壢區正義里,桃園市,中壢區,正義里,547,323,458,781,3,784,0,784,583,"1,367",57.35
桃園市中壢區正義里,桃園市,中壢區,正義里,548,256,463,719,6,725,0,725,566,"1,291",56.16
桃園市中壢區正義里,桃園市,中壢區,正義里,549,335,468,803,3,806,0,806,579,"1,385",58.19
桃園市中壢區永光里,桃園市,中壢區,永光里,681,342,363,705,3,708,0,708,527,"1,235",57.33
桃園市中壢區永光里,桃園市,中壢區,永光里,682,323,481,804,3,807,0,807,620,"1,427",56.55
桃園市中壢區永光里,桃園市,中壢區,永光里,683,296,358,654,4,658,0,658,525,"1,183",55.62
桃園市中壢區永光里,桃園市,中壢區,永光里,684,271,444,715,3,718,0,718,825,"1,543",46.53
桃園市中壢區永福里,桃園市,中壢區,永福里,649,146,190,336,2,338,0,338,313,651,51.92
桃園市中壢區永福里,桃園市,中壢區,永福里,650,400,479,879,7,886,0,886,543,"1,429",62
桃園市中壢區永福里,桃園市,中壢區,永福里,651,396,488,884,5,889,0,889,685,"1,574",56.48
桃園市中壢區永福里,桃園市,中壢區,永福里,652,387,624,"1,011",6,"1,017",0,"1,017",619,"1,636",62.16
桃園市中壢區永興里,桃園市,中壢區,永興里,669,190,253,443,2,445,0,445,424,869,51.21
桃園市中壢區石頭里,桃園市,中壢區,石頭里,614,380,459,839,4,843,0,843,712,"1,555",54.21
桃園市中壢區光明里,桃園市,中壢區,光明里,677,308,517,825,4,829,0,829,704,"1,533",54.08
桃園市中壢區光明里,桃園市,中壢區,光明里,678,228,319,547,3,550,0,550,428,978,56.24
桃園市中壢區光明里,桃園市,中壢區,光明里,679,277,480,757,6,763,0,763,577,"1,340",56.94
桃園市中壢區光明里,桃園市,中壢區,光明里,680,276,462,738,1,739,0,739,540,"1,279",57.78
桃園市中壢區成功里,桃園市,中壢區,成功里,579,302,488,790,3,793,0,793,642,"1,435",55.26
桃園市中壢區成功里,桃園市,中壢區,成功里,580,238,449,687,2,689,0,689,655,"1,344",51.26
桃園市中壢區成功里,桃園市,中壢區,成功里,581,253,489,742,3,745,0,745,643,"1,388",53.67
桃園市中壢區自立里,桃園市,中壢區,自立里,564,107,631,738,3,741,0,741,469,"1,210",61.24
桃園市中壢區自立里,桃園市,中壢區,自立里,565,104,540,644,5,649,0,649,483,"1,132",57.33
桃園市中壢區自立里,桃園市,中壢區,自立里,566,114,600,714,7,721,0,721,532,"1,253",57.54
桃園市中壢區自立里,桃園市,中壢區,自立里,567,174,534,708,3,711,0,711,563,"1,274",55.81
桃園市中壢區自治里,桃園市,中壢區,自治里,574,205,492,697,2,699,0,699,506,"1,205",58.01
桃園市中壢區自治里,桃園市,中壢區,自治里,575,115,621,736,1,737,0,737,480,"1,217",60.56
桃園市中壢區自治里,桃園市,中壢區,自治里,576,175,476,651,4,655,0,655,439,"1,094",59.87
桃園市中壢區自信里,桃園市,中壢區,自信里,568,211,500,711,2,713,0,713,580,"1,293",55.14
桃園市中壢區自信里,桃園市,中壢區,自信里,569,228,587,815,1,816,0,816,702,"1,518",53.75
桃園市中壢區自信里,桃園市,中壢區,自信里,570,208,491,699,2,701,0,701,594,"1,295",54.13
桃園市中壢區自信里,桃園市,中壢區,自信里,571,263,479,742,2,744,0,744,646,"1,390",53.53
桃園市中壢區自強里,桃園市,中壢區,自強里,1386,233,467,700,1,701,1,702,543,"1,245",56.31
桃園市中壢區自強里,桃園市,中壢區,自強里,1387,185,387,572,1,573,0,573,444,"1,017",56.34
桃園市中壢區自強里,桃園市,中壢區,自強里,1388,143,422,565,3,568,0,568,465,"1,033",54.99
桃園市中壢區至善里,桃園市,中壢區,至善里,498,138,393,531,3,534,0,534,437,971,54.99
桃園市中壢區至善里,桃園市,中壢區,至善里,499,196,545,741,0,741,0,741,593,"1,334",55.55
桃園市中壢區至善里,桃園市,中壢區,至善里,500,229,490,719,5,724,0,724,653,"1,377",52.58
桃園市中壢區和平里,桃園市,中壢區,和平里,607,256,399,655,1,656,0,656,480,"1,136",57.75
桃園市中壢區和平里,桃園市,中壢區,和平里,608,290,447,737,5,742,0,742,499,"1,241",59.79
桃園市中壢區幸福里,桃園市,中壢區,幸福里,645,361,445,806,5,811,0,811,728,"1,539",52.7
桃園市中壢區幸福里,桃園市,中壢區,幸福里,646,339,525,864,2,866,0,866,771,"1,637",52.9
桃園市中壢區幸福里,桃園市,中壢區,幸福里,647,310,455,765,5,770,0,770,592,"1,362",56.53
桃園市中壢區幸福里,桃園市,中壢區,幸福里,648,309,513,822,3,825,0,825,584,"1,409",58.55
桃園市中壢區忠孝里,桃園市,中壢區,忠孝里,587,361,594,955,7,962,0,962,621,"1,583",60.77
桃園市中壢區忠孝里,桃園市,中壢區,忠孝里,588,235,411,646,0,646,0,646,609,"1,255",51.47
桃園市中壢區忠孝里,桃園市,中壢區,忠孝里,589,274,591,865,3,868,0,868,688,"1,556",55.78
桃園市中壢區忠義里,桃園市,中壢區,忠義里,558,294,474,768,3,771,0,771,801,"1,572",49.05
桃園市中壢區忠義里,桃園市,中壢區,忠義里,559,304,388,692,2,694,1,695,498,"1,193",58.17
桃園市中壢區忠義里,桃園市,中壢區,忠義里,560,216,473,689,1,690,0,690,584,"1,274",54.16
桃園市中壢區忠福里,桃園市,中壢區,忠福里,642,265,467,732,7,739,0,739,455,"1,194",61.89
桃園市中壢區忠福里,桃園市,中壢區,忠福里,643,305,545,850,2,852,0,852,634,"1,486",57.34
桃園市中壢區忠福里,桃園市,中壢區,忠福里,644,347,413,760,7,767,0,767,615,"1,382",55.5
桃園市中壢區明德里,桃園市,中壢區,明德里,495,360,549,909,4,913,0,913,703,"1,616",56.5
桃園市中壢區明德里,桃園市,中壢區,明德里,496,335,481,816,3,819,0,819,593,"1,412",58
桃園市中壢區明德里,桃園市,中壢區,明德里,497,358,517,875,2,877,0,877,563,"1,440",60.9
桃園市中壢區東興里,桃園市,中壢區,東興里,628,389,550,939,2,941,0,941,763,"1,704",55.22
桃園市中壢區東興里,桃園市,中壢區,東興里,629,413,552,965,3,968,0,968,612,"1,580",61.27
桃園市中壢區林森里,桃園市,中壢區,林森里,621,296,485,781,5,786,0,786,518,"1,304",60.28
桃園市中壢區林森里,桃園市,中壢區,林森里,622,255,432,687,4,691,0,691,548,"1,239",55.77
桃園市中壢區林森里,桃園市,中壢區,林森里,623,283,444,727,2,729,0,729,466,"1,195",61
桃園市中壢區芝芭里,桃園市,中壢區,芝芭里,695,419,426,845,3,848,0,848,686,"1,534",55.28
桃園市中壢區芝芭里,桃園市,中壢區,芝芭里,696,418,306,724,5,729,0,729,593,"1,322",55.14
桃園市中壢區芝芭里,桃園市,中壢區,芝芭里,697,295,317,612,3,615,0,615,608,"1,223",50.29
桃園市中壢區芝芭里,桃園市,中壢區,芝芭里,698,329,408,737,3,740,0,740,702,"1,442",51.32
桃園市中壢區金華里,桃園市,中壢區,金華里,636,319,547,866,6,872,0,872,541,"1,413",61.71
桃園市中壢區金華里,桃園市,中壢區,金華里,637,252,561,813,2,815,0,815,503,"1,318",61.84
桃園市中壢區金華里,桃園市,中壢區,金華里,638,272,525,797,2,799,0,799,488,"1,287",62.08
桃園市中壢區青埔里,桃園市,中壢區,青埔里,653,481,546,"1,027",8,"1,035",0,"1,035","1,191","2,226",46.5
桃園市中壢區青埔里,桃園市,中壢區,青埔里,654,453,514,967,3,970,0,970,976,"1,946",49.85
桃園市中壢區青埔里,桃園市,中壢區,青埔里,655,493,630,"1,123",5,"1,128",0,"1,128","1,011","2,139",52.73
桃園市中壢區青埔里,桃園市,中壢區,青埔里,656,448,527,975,1,976,0,976,829,"1,805",54.07
桃園市中壢區青埔里,桃園市,中壢區,青埔里,657,511,603,"1,114",2,"1,116",0,"1,116","1,089","2,205",50.61
桃園市中壢區青埔里,桃園市,中壢區,青埔里,658,455,608,"1,063",1,"1,064",0,"1,064","1,000","2,064",51.55
桃園市中壢區青溪里,桃園市,中壢區,青溪里,703,441,503,944,1,945,0,945,744,"1,689",55.95
桃園市中壢區青溪里,桃園市,中壢區,青溪里,704,469,650,"1,119",2,"1,121",0,"1,121",860,"1,981",56.59
桃園市中壢區信義里,桃園市,中壢區,信義里,544,322,439,761,3,764,0,764,524,"1,288",59.32
桃園市中壢區信義里,桃園市,中壢區,信義里,545,346,515,861,5,866,0,866,517,"1,383",62.62
桃園市中壢區信義里,桃園市,中壢區,信義里,546,322,526,848,4,852,2,854,719,"1,573",54.16
桃園市中壢區後寮里,桃園市,中壢區,後寮里,491,295,560,855,3,858,0,858,613,"1,471",58.33
桃園市中壢區後寮里,桃園市,中壢區,後寮里,492,218,319,537,4,541,0,541,486,"1,027",52.68
桃園市中壢區後寮里,桃園市,中壢區,後寮里,493,239,445,684,8,692,0,692,672,"1,364",50.73
桃園市中壢區後寮里,桃園市,中壢區,後寮里,494,202,365,567,4,571,0,571,650,"1,221",46.76
桃園市中壢區洽溪里,桃園市,中壢區,洽溪里,699,346,361,707,2,709,0,709,709,"1,418",50
桃園市中壢區洽溪里,桃園市,中壢區,洽溪里,700,406,407,813,3,816,0,816,778,"1,594",51.19
桃園市中壢區洽溪里,桃園市,中壢區,洽溪里,701,324,383,707,1,708,0,708,592,"1,300",54.46
桃園市中壢區洽溪里,桃園市,中壢區,洽溪里,702,356,442,798,1,799,0,799,640,"1,439",55.52
桃園市中壢區振興里,桃園市,中壢區,振興里,624,257,476,733,4,737,0,737,450,"1,187",62.09
桃園市中壢區振興里,桃園市,中壢區,振興里,625,258,469,727,8,735,0,735,514,"1,249",58.85
桃園市中壢區振興里,桃園市,中壢區,振興里,626,212,457,669,1,670,0,670,474,"1,144",58.57
桃園市中壢區振興里,桃園市,中壢區,振興里,627,252,340,592,2,594,0,594,343,937,63.39
桃園市中壢區健行里,桃園市,中壢區,健行里,630,292,467,759,4,763,0,763,520,"1,283",59.47
桃園市中壢區健行里,桃園市,中壢區,健行里,631,284,539,823,2,825,0,825,678,"1,503",54.89
桃園市中壢區健行里,桃園市,中壢區,健行里,632,353,498,851,4,855,0,855,600,"1,455",58.76
桃園市中壢區莊敬里,桃園市,中壢區,莊敬里,572,148,880,"1,028",3,"1,031",0,"1,031",628,"1,659",62.15
桃園市中壢區莊敬里,桃園市,中壢區,莊敬里,573,274,606,880,2,882,0,882,708,"1,590",55.47
桃園市中壢區復華里,桃園市,中壢區,復華里,597,253,419,672,3,675,0,675,531,"1,206",55.97
桃園市中壢區復華里,桃園市,中壢區,復華里,598,320,538,858,3,861,0,861,606,"1,467",58.69
桃園市中壢區復華里,桃園市,中壢區,復華里,599,241,417,658,1,659,0,659,572,"1,231",53.53
桃園市中壢區復華里,桃園市,中壢區,復華里,600,312,553,865,4,869,0,869,572,"1,441",60.31
桃園市中壢區復興里,桃園市,中壢區,復興里,594,231,364,595,1,596,0,596,581,"1,177",50.64
桃園市中壢區復興里,桃園市,中壢區,復興里,595,245,365,610,2,612,0,612,704,"1,316",46.5
桃園市中壢區復興里,桃園市,中壢區,復興里,596,291,415,706,3,709,0,709,567,"1,276",55.56
桃園市中壢區普仁里,桃園市,中壢區,普仁里,534,273,476,749,6,755,1,756,648,"1,404",53.77
桃園市中壢區普仁里,桃園市,中壢區,普仁里,535,271,420,691,3,694,0,694,655,"1,349",51.45
桃園市中壢區普仁里,桃園市,中壢區,普仁里,536,250,439,689,6,695,0,695,806,"1,501",46.3
桃園市中壢區普忠里,桃園市,中壢區,普忠里,537,356,523,879,1,880,0,880,749,"1,629",54.02
桃園市中壢區普忠里,桃園市,中壢區,普忠里,538,295,481,776,6,782,0,782,708,"1,490",52.48
桃園市中壢區普強里,桃園市,中壢區,普強里,539,232,404,636,5,641,0,641,416,"1,057",60.64
桃園市中壢區普強里,桃園市,中壢區,普強里,540,207,437,644,3,647,0,647,419,"1,066",60.69
桃園市中壢區普強里,桃園市,中壢區,普強里,541,269,474,743,2,745,0,745,608,"1,353",55.06
桃園市中壢區普義里,桃園市,中壢區,普義里,550,249,430,679,3,682,0,682,418,"1,100",62
桃園市中壢區普義里,桃園市,中壢區,普義里,551,293,481,774,4,778,0,778,448,"1,226",63.46
桃園市中壢區普義里,桃園市,中壢區,普義里,552,251,535,786,5,791,0,791,"2,559","3,350",23.61
桃園市中壢區普慶里,桃園市,中壢區,普慶里,542,297,539,836,3,839,0,839,539,"1,378",60.89
桃園市中壢區普慶里,桃園市,中壢區,普慶里,543,261,453,714,2,716,0,716,471,"1,187",60.32
桃園市中壢區華勛里,桃園市,中壢區,華勛里,1368,129,445,574,5,579,0,579,360,939,61.66
桃園市中壢區華勛里,桃園市,中壢區,華勛里,1369,168,512,680,4,684,0,684,613,"1,297",52.74
桃園市中壢區華勛里,桃園市,中壢區,華勛里,1370,176,582,758,6,764,0,764,693,"1,457",52.44
桃園市中壢區華愛里,桃園市,中壢區,華愛里,531,204,419,623,5,628,0,628,517,"1,145",54.85
桃園市中壢區華愛里,桃園市,中壢區,華愛里,532,182,431,613,2,615,0,615,406,"1,021",60.24
桃園市中壢區華愛里,桃園市,中壢區,華愛里,533,194,470,664,3,667,0,667,530,"1,197",55.72
桃園市中壢區新明里,桃園市,中壢區,新明里,674,326,332,658,1,659,0,659,543,"1,202",54.83
桃園市中壢區新明里,桃園市,中壢區,新明里,675,298,348,646,9,655,1,656,470,"1,126",58.17
桃園市中壢區新明里,桃園市,中壢區,新明里,676,263,397,660,4,664,0,664,572,"1,236",53.72
桃園市中壢區新街里,桃園市,中壢區,新街里,659,266,329,595,1,596,0,596,584,"1,180",50.51
桃園市中壢區新街里,桃園市,中壢區,新街里,660,252,444,696,3,699,0,699,506,"1,205",58.01
桃園市中壢區新興里,桃園市,中壢區,新興里,618,273,405,678,2,680,0,680,509,"1,189",57.19
桃園市中壢區新興里,桃園市,中壢區,新興里,619,286,385,671,4,675,0,675,503,"1,178",57.3
桃園市中壢區新興里,桃園市,中壢區,新興里,620,252,430,682,3,685,0,685,434,"1,119",61.22
桃園市中壢區過嶺里,桃園市,中壢區,過嶺里,715,322,395,717,3,720,0,720,521,"1,241",58.02
桃園市中壢區過嶺里,桃園市,中壢區,過嶺里,716,355,330,685,1,686,0,686,567,"1,253",54.75
桃園市中壢區過嶺里,桃園市,中壢區,過嶺里,717,307,486,793,6,799,0,799,761,"1,560",51.22
桃園市中壢區過嶺里,桃園市,中壢區,過嶺里,718,282,451,733,6,739,0,739,684,"1,423",51.93
桃園市中壢區過嶺里,桃園市,中壢區,過嶺里,719,277,362,639,4,643,0,643,581,"1,224",52.53
桃園市中壢區過嶺里,桃園市,中壢區,過嶺里,720,344,454,798,4,802,0,802,747,"1,549",51.78
桃園市中壢區過嶺里,桃園市,中壢區,過嶺里,721,239,418,657,3,660,0,660,574,"1,234",53.48
桃園市中壢區福德里,桃園市,中壢區,福德里,582,292,459,751,2,753,0,753,505,"1,258",59.86
桃園市中壢區福德里,桃園市,中壢區,福德里,583,265,545,810,4,814,0,814,625,"1,439",56.57
桃園市中壢區德義里,桃園市,中壢區,德義里,553,243,380,623,8,631,0,631,464,"1,095",57.63
桃園市中壢區德義里,桃園市,中壢區,德義里,554,303,464,767,2,769,0,769,577,"1,346",57.13
桃園市中壢區篤行里,桃園市,中壢區,篤行里,1384,220,478,698,1,699,0,699,546,"1,245",56.14
桃園市中壢區篤行里,桃園市,中壢區,篤行里,1385,249,482,731,5,736,0,736,637,"1,373",53.61
桃園市中壢區興仁里,桃園市,中壢區,興仁里,1374,211,394,605,3,608,0,608,473,"1,081",56.24
桃園市中壢區興仁里,桃園市,中壢區,興仁里,1375,201,345,546,2,548,0,548,632,"1,180",46.44
桃園市中壢區興仁里,桃園市,中壢區,興仁里,1376,179,428,607,6,613,0,613,485,"1,098",55.83
桃園市中壢區興平里,桃園市,中壢區,興平里,665,324,378,702,0,702,0,702,435,"1,137",61.74
桃園市中壢區興平里,桃園市,中壢區,興平里,666,336,337,673,3,676,0,676,479,"1,155",58.53
桃園市中壢區興和里,桃園市,中壢區,興和里,667,275,265,540,0,540,0,540,391,931,58
桃園市中壢區興和里,桃園市,中壢區,興和里,668,462,592,"1,054",1,"1,055",0,"1,055",580,"1,635",64.53
桃園市中壢區興南里,桃園市,中壢區,興南里,661,317,443,760,5,765,1,766,535,"1,301",58.8
桃園市中壢區興南里,桃園市,中壢區,興南里,662,301,591,892,8,900,0,900,932,"1,832",49.13
桃園市中壢區興國里,桃園市,中壢區,興國里,663,246,326,572,3,575,0,575,503,"1,078",53.34
桃園市中壢區興國里,桃園市,中壢區,興國里,664,228,295,523,3,526,0,526,339,865,60.81
桃園市中壢區興華里,桃園市,中壢區,興華里,590,215,484,699,2,701,0,701,566,"1,267",55.33
桃園市中壢區興華里,桃園市,中壢區,興華里,591,284,508,792,1,793,0,793,642,"1,435",55.26
桃園市中壢區興華里,桃園市,中壢區,興華里,592,287,456,743,5,748,0,748,575,"1,323",56.54
桃園市中壢區興華里,桃園市,中壢區,興華里,593,281,526,807,9,816,0,816,699,"1,515",53.86
桃園市中壢區興福里,桃園市,中壢區,興福里,639,302,367,669,0,669,0,669,457,"1,126",59.41
桃園市中壢區興福里,桃園市,中壢區,興福里,640,267,399,666,1,667,0,667,521,"1,188",56.14
桃園市中壢區興福里,桃園市,中壢區,興福里,641,293,460,753,4,757,0,757,553,"1,310",57.79
桃園市中壢區龍平里,桃園市,中壢區,龍平里,522,142,635,777,8,785,0,785,436,"1,221",64.29
桃園市中壢區龍平里,桃園市,中壢區,龍平里,523,194,586,780,2,782,0,782,668,"1,450",53.93
桃園市中壢區龍安里,桃園市,中壢區,龍安里,1357,94,430,524,4,528,0,528,324,852,61.97
桃園市中壢區龍安里,桃園市,中壢區,龍安里,1358,163,479,642,3,645,0,645,357,"1,002",64.37
桃園市中壢區龍岡里,桃園市,中壢區,龍岡里,511,261,582,843,1,844,0,844,608,"1,452",58.13
桃園市中壢區龍岡里,桃園市,中壢區,龍岡里,512,260,567,827,5,832,0,832,541,"1,373",60.6
桃園市中壢區龍岡里,桃園市,中壢區,龍岡里,513,208,594,802,3,805,0,805,569,"1,374",58.59
桃園市中壢區龍昌里,桃園市,中壢區,龍昌里,517,217,536,753,5,758,0,758,440,"1,198",63.27
桃園市中壢區龍昌里,桃園市,中壢區,龍昌里,518,180,448,628,5,633,0,633,581,"1,214",52.14
桃園市中壢區龍昌里,桃園市,中壢區,龍昌里,519,192,471,663,5,668,0,668,453,"1,121",59.59
桃園市中壢區龍昌里,桃園市,中壢區,龍昌里,520,184,431,615,2,617,0,617,596,"1,213",50.87
桃園市中壢區龍昌里,桃園市,中壢區,龍昌里,521,185,404,589,6,595,0,595,523,"1,118",53.22
桃園市中壢區龍東里,桃園市,中壢區,龍東里,514,192,652,844,4,848,0,848,745,"1,593",53.23
桃園市中壢區龍東里,桃園市,中壢區,龍東里,515,171,725,896,3,899,0,899,562,"1,461",61.53
桃園市中壢區龍東里,桃園市,中壢區,龍東里,516,204,737,941,4,945,0,945,709,"1,654",57.13
桃園市中壢區龍慈里,桃園市,中壢區,龍慈里,501,241,446,687,2,689,0,689,401,"1,090",63.21
桃園市中壢區龍慈里,桃園市,中壢區,龍慈里,502,210,556,766,8,774,0,774,564,"1,338",57.85
桃園市中壢區龍慈里,桃園市,中壢區,龍慈里,503,183,508,691,3,694,0,694,580,"1,274",54.47
桃園市中壢區龍慈里,桃園市,中壢區,龍慈里,504,181,354,535,0,535,0,535,490,"1,025",52.2
桃園市中壢區龍德里,桃園市,中壢區,龍德里,508,255,448,703,3,706,0,706,514,"1,220",57.87
桃園市中壢區龍德里,桃園市,中壢區,龍德里,509,259,496,755,2,757,0,757,488,"1,245",60.8
桃園市中壢區龍德里,桃園市,中壢區,龍德里,510,265,577,842,4,846,0,846,560,"1,406",60.17
桃園市中壢區龍興里,桃園市,中壢區,龍興里,505,255,430,685,5,690,0,690,453,"1,143",60.37
桃園市中壢區龍興里,桃園市,中壢區,龍興里,506,263,514,777,8,785,0,785,613,"1,398",56.15
桃園市中壢區龍興里,桃園市,中壢區,龍興里,507,310,492,802,5,807,0,807,689,"1,496",53.94
桃園市中壢區舊明里,桃園市,中壢區,舊明里,673,390,390,780,5,785,0,785,545,"1,330",59.02
桃園市平鎮區山峰里,桃園市,平鎮區,山峰里,959,165,372,537,2,539,0,539,431,970,55.57
桃園市平鎮區山峰里,桃園市,平鎮區,山峰里,960,222,413,635,3,638,0,638,431,"1,069",59.68
桃園市平鎮區中正里,桃園市,平鎮區,中正里,1075,216,742,958,8,966,0,966,611,"1,577",61.26
桃園市平鎮區北安里,桃園市,平鎮區,北安里,1025,203,248,451,1,452,0,452,390,842,53.68
桃園市平鎮區北安里,桃園市,平鎮區,北安里,1026,218,229,447,1,448,0,448,336,784,57.14
桃園市平鎮區北富里,桃園市,平鎮區,北富里,1048,246,399,645,6,651,0,651,528,"1,179",55.22
桃園市平鎮區北富里,桃園市,平鎮區,北富里,1049,298,344,642,3,645,0,645,504,"1,149",56.14
桃園市平鎮區北富里,桃園市,平鎮區,北富里,1050,406,334,740,3,743,0,743,497,"1,240",59.92
桃園市平鎮區北華里,桃園市,平鎮區,北華里,1019,304,460,764,0,764,0,764,478,"1,242",61.51
桃園市平鎮區北華里,桃園市,平鎮區,北華里,1020,325,441,766,6,772,0,772,552,"1,324",58.31
桃園市平鎮區北華里,桃園市,平鎮區,北華里,1021,225,414,639,3,642,0,642,454,"1,096",58.58
桃園市平鎮區北貴里,桃園市,平鎮區,北貴里,1045,267,322,589,3,592,0,592,471,"1,063",55.69
桃園市平鎮區北貴里,桃園市,平鎮區,北貴里,1046,374,484,858,4,862,0,862,578,"1,440",59.86
桃園市平鎮區北貴里,桃園市,平鎮區,北貴里,1047,301,490,791,2,793,0,793,557,"1,350",58.74
桃園市平鎮區北勢里,桃園市,平鎮區,北勢里,1017,266,309,575,1,576,0,576,396,972,59.26
桃園市平鎮區北勢里,桃園市,平鎮區,北勢里,1018,383,474,857,3,860,0,860,538,"1,398",61.52
桃園市平鎮區北興里,桃園市,平鎮區,北興里,1040,261,315,576,2,578,0,578,320,898,64.37
桃園市平鎮區北興里,桃園市,平鎮區,北興里,1041,318,451,769,13,782,0,782,566,"1,348",58.01
桃園市平鎮區北興里,桃園市,平鎮區,北興里,1042,309,450,759,8,767,0,767,564,"1,331",57.63
桃園市平鎮區平安里,桃園市,平鎮區,平安里,950,462,577,"1,039",3,"1,042",0,"1,042",807,"1,849",56.35
桃園市平鎮區平安里,桃園市,平鎮區,平安里,951,285,475,760,5,765,0,765,670,"1,435",53.31
桃園市平鎮區平安里,桃園市,平鎮區,平安里,952,251,446,697,5,702,0,702,498,"1,200",58.5
桃園市平鎮區平安里,桃園市,平鎮區,平安里,953,222,360,582,5,587,0,587,394,981,59.84
桃園市平鎮區平南里,桃園市,平鎮區,平南里,954,254,466,720,2,722,0,722,552,"1,274",56.67
桃園市平鎮區平南里,桃園市,平鎮區,平南里,955,289,432,721,1,722,0,722,580,"1,302",55.45
桃園市平鎮區平南里,桃園市,平鎮區,平南里,956,287,569,856,2,858,0,858,481,"1,339",64.08
桃園市平鎮區平南里,桃園市,平鎮區,平南里,957,307,444,751,3,754,0,754,574,"1,328",56.78
桃園市平鎮區平南里,桃園市,平鎮區,平南里,958,286,446,732,1,733,0,733,640,"1,373",53.39
桃園市平鎮區平興里,桃園市,平鎮區,平興里,980,280,459,739,5,744,0,744,536,"1,280",58.13
桃園市平鎮區平興里,桃園市,平鎮區,平興里,981,320,458,778,3,781,0,781,569,"1,350",57.85
桃園市平鎮區平興里,桃園市,平鎮區,平興里,982,301,491,792,8,800,0,800,637,"1,437",55.67
桃園市平鎮區平興里,桃園市,平鎮區,平興里,983,295,401,696,2,698,0,698,589,"1,287",54.23
桃園市平鎮區平鎮里,桃園市,平鎮區,平鎮里,936,370,446,816,6,822,0,822,754,"1,576",52.16
桃園市平鎮區平鎮里,桃園市,平鎮區,平鎮里,937,394,481,875,4,879,0,879,633,"1,512",58.13
桃園市平鎮區平鎮里,桃園市,平鎮區,平鎮里,938,254,416,670,2,672,0,672,522,"1,194",56.28
桃園市平鎮區宋屋里,桃園市,平鎮區,宋屋里,977,299,465,764,1,765,0,765,545,"1,310",58.4
桃園市平鎮區宋屋里,桃園市,平鎮區,宋屋里,978,310,440,750,1,751,0,751,490,"1,241",60.52
桃園市平鎮區宋屋里,桃園市,平鎮區,宋屋里,979,303,477,780,3,783,0,783,739,"1,522",51.45
桃園市平鎮區忠貞里,桃園市,平鎮區,忠貞里,1070,219,656,875,1,876,0,876,586,"1,462",59.92
桃園市平鎮區東安里,桃園市,平鎮區,東安里,1057,207,499,706,8,714,0,714,572,"1,286",55.52
桃園市平鎮區東安里,桃園市,平鎮區,東安里,1058,216,496,712,4,716,0,716,549,"1,265",56.6
桃園市平鎮區東社里,桃園市,平鎮區,東社里,1068,281,549,830,3,833,0,833,693,"1,526",54.59
桃園市平鎮區東社里,桃園市,平鎮區,東社里,1069,225,558,783,4,787,0,787,672,"1,459",53.94
桃園市平鎮區東勢里,桃園市,平鎮區,東勢里,1062,295,310,605,4,609,0,609,597,"1,206",50.5
桃園市平鎮區東勢里,桃園市,平鎮區,東勢里,1063,325,406,731,6,737,0,737,606,"1,343",54.88
桃園市平鎮區東勢里,桃園市,平鎮區,東勢里,1064,376,320,696,3,699,0,699,594,"1,293",54.06
桃園市平鎮區東勢里,桃園市,平鎮區,東勢里,1065,269,402,671,2,673,0,673,583,"1,256",53.58
桃園市平鎮區金星里,桃園市,平鎮區,金星里,945,296,442,738,6,744,0,744,508,"1,252",59.42
桃園市平鎮區金星里,桃園市,平鎮區,金星里,946,242,480,722,1,723,0,723,722,"1,445",50.03
桃園市平鎮區金星里,桃園市,平鎮區,金星里,947,235,484,719,2,721,0,721,759,"1,480",48.72
桃園市平鎮區金星里,桃園市,平鎮區,金星里,948,316,404,720,2,722,0,722,590,"1,312",55.03
桃園市平鎮區金星里,桃園市,平鎮區,金星里,949,218,457,675,5,680,0,680,590,"1,270",53.54
桃園市平鎮區金陵里,桃園市,平鎮區,金陵里,1043,353,481,834,7,841,0,841,491,"1,332",63.14
桃園市平鎮區金陵里,桃園市,平鎮區,金陵里,1044,294,485,779,5,784,0,784,607,"1,391",56.36
桃園市平鎮區南勢里,桃園市,平鎮區,南勢里,941,373,488,861,6,867,0,867,652,"1,519",57.08
桃園市平鎮區南勢里,桃園市,平鎮區,南勢里,942,312,482,794,6,800,0,800,620,"1,420",56.34
桃園市平鎮區南勢里,桃園市,平鎮區,南勢里,943,309,454,763,7,770,0,770,581,"1,351",56.99
桃園市平鎮區南勢里,桃園市,平鎮區,南勢里,944,301,399,700,3,703,0,703,584,"1,287",54.62
桃園市平鎮區建安里,桃園市,平鎮區,建安里,1051,359,374,733,6,739,0,739,536,"1,275",57.96
桃園市平鎮區建安里,桃園市,平鎮區,建安里,1052,354,589,943,2,945,0,945,631,"1,576",59.96
桃園市平鎮區建安里,桃園市,平鎮區,建安里,1053,245,416,661,4,665,0,665,617,"1,282",51.87
桃園市平鎮區高雙里,桃園市,平鎮區,高雙里,1014,464,548,"1,012",3,"1,015",0,"1,015",756,"1,771",57.31
桃園市平鎮區高雙里,桃園市,平鎮區,高雙里,1015,311,353,664,5,669,0,669,563,"1,232",54.3
桃園市平鎮區高雙里,桃園市,平鎮區,高雙里,1016,327,468,795,5,800,0,800,491,"1,291",61.97
桃園市平鎮區莊敬里,桃園市,平鎮區,莊敬里,968,244,548,792,5,797,0,797,570,"1,367",58.3
桃園市平鎮區莊敬里,桃園市,平鎮區,莊敬里,969,232,363,595,2,597,0,597,468,"1,065",56.06
桃園市平鎮區莊敬里,桃園市,平鎮區,莊敬里,970,169,444,613,6,619,0,619,525,"1,144",54.11
桃園市平鎮區莊敬里,桃園市,平鎮區,莊敬里,971,233,379,612,4,616,0,616,397,"1,013",60.81
桃園市平鎮區復旦里,桃園市,平鎮區,復旦里,994,277,427,704,1,705,0,705,516,"1,221",57.74
桃園市平鎮區復旦里,桃園市,平鎮區,復旦里,995,251,457,708,1,709,0,709,620,"1,329",53.35
桃園市平鎮區復旦里,桃園市,平鎮區,復旦里,996,310,417,727,2,729,0,729,610,"1,339",54.44
桃園市平鎮區復旦里,桃園市,平鎮區,復旦里,997,295,454,749,1,750,0,750,633,"1,383",54.23
桃園市平鎮區復興里,桃園市,平鎮區,復興里,998,266,335,601,3,604,0,604,464,"1,068",56.55
桃園市平鎮區復興里,桃園市,平鎮區,復興里,999,284,353,637,3,640,0,640,455,"1,095",58.45
桃園市平鎮區復興里,桃園市,平鎮區,復興里,1000,330,481,811,2,813,0,813,471,"1,284",63.32
桃園市平鎮區復興里,桃園市,平鎮區,復興里,1001,300,407,707,0,707,0,707,501,"1,208",58.53
桃園市平鎮區湧光里,桃園市,平鎮區,湧光里,964,303,334,637,2,639,0,639,523,"1,162",54.99
桃園市平鎮區湧光里,桃園市,平鎮區,湧光里,965,261,367,628,6,634,0,634,518,"1,152",55.03
桃園市平鎮區湧光里,桃園市,平鎮區,湧光里,966,251,488,739,4,743,0,743,492,"1,235",60.16
桃園市平鎮區湧光里,桃園市,平鎮區,湧光里,967,239,425,664,4,668,0,668,471,"1,139",58.65
桃園市平鎮區湧安里,桃園市,平鎮區,湧安里,974,295,521,816,2,818,0,818,664,"1,482",55.2
桃園市平鎮區湧安里,桃園市,平鎮區,湧安里,975,298,506,804,10,814,0,814,631,"1,445",56.33
桃園市平鎮區湧安里,桃園市,平鎮區,湧安里,976,255,499,754,8,762,0,762,593,"1,355",56.24
桃園市平鎮區湧豐里,桃園市,平鎮區,湧豐里,972,188,299,487,3,490,0,490,394,884,55.43
桃園市平鎮區湧豐里,桃園市,平鎮區,湧豐里,973,206,314,520,5,525,0,525,385,910,57.69
桃園市平鎮區華安里,桃園市,平鎮區,華安里,1054,197,490,687,6,693,0,693,503,"1,196",57.94
桃園市平鎮區華安里,桃園市,平鎮區,華安里,1055,228,530,758,5,763,0,763,531,"1,294",58.96
桃園市平鎮區華安里,桃園市,平鎮區,華安里,1056,177,416,593,8,601,0,601,587,"1,188",50.59
桃園市平鎮區貿易里,桃園市,平鎮區,貿易里,1071,169,419,588,2,590,0,590,342,932,63.3
桃園市平鎮區貿易里,桃園市,平鎮區,貿易里,1072,179,404,583,5,588,0,588,372,960,61.25
桃園市平鎮區新安里,桃園市,平鎮區,新安里,1059,222,501,723,5,728,0,728,580,"1,308",55.66
桃園市平鎮區新安里,桃園市,平鎮區,新安里,1060,303,477,780,4,784,0,784,590,"1,374",57.06
桃園市平鎮區新安里,桃園市,平鎮區,新安里,1061,242,465,707,6,713,0,713,543,"1,256",56.77
桃園市平鎮區新英里,桃園市,平鎮區,新英里,1035,240,400,640,1,641,0,641,560,"1,201",53.37
桃園市平鎮區新英里,桃園市,平鎮區,新英里,1036,245,407,652,2,654,0,654,543,"1,197",54.64
桃園市平鎮區新英里,桃園市,平鎮區,新英里,1037,308,512,820,2,822,0,822,576,"1,398",58.8
桃園市平鎮區新富里,桃園市,平鎮區,新富里,1031,262,342,604,0,604,0,604,"1,759","2,363",25.56
桃園市平鎮區新富里,桃園市,平鎮區,新富里,1032,299,364,663,1,664,0,664,400,"1,064",62.41
桃園市平鎮區新富里,桃園市,平鎮區,新富里,1033,367,588,955,6,961,0,961,616,"1,577",60.94
桃園市平鎮區新富里,桃園市,平鎮區,新富里,1034,393,587,980,6,986,0,986,791,"1,777",55.49
桃園市平鎮區新貴里,桃園市,平鎮區,新貴里,1038,362,459,821,8,829,0,829,598,"1,427",58.09
桃園市平鎮區新貴里,桃園市,平鎮區,新貴里,1039,372,521,893,5,898,0,898,573,"1,471",61.05
桃園市平鎮區新勢里,桃園市,平鎮區,新勢里,1022,290,353,643,2,645,0,645,491,"1,136",56.78
桃園市平鎮區新勢里,桃園市,平鎮區,新勢里,1023,301,401,702,5,707,0,707,477,"1,184",59.71
桃園市平鎮區新勢里,桃園市,平鎮區,新勢里,1024,277,441,718,6,724,0,724,476,"1,200",60.33
桃園市平鎮區新榮里,桃園市,平鎮區,新榮里,1027,345,395,740,1,741,0,741,459,"1,200",61.75
桃園市平鎮區新榮里,桃園市,平鎮區,新榮里,1028,344,388,732,2,734,0,734,442,"1,176",62.41
桃園市平鎮區新榮里,桃園市,平鎮區,新榮里,1029,333,458,791,3,794,0,794,652,"1,446",54.91
桃園市平鎮區新榮里,桃園市,平鎮區,新榮里,1030,251,440,691,3,694,0,694,465,"1,159",59.88
桃園市平鎮區義民里,桃園市,平鎮區,義民里,1002,312,421,733,4,737,0,737,542,"1,279",57.62
桃園市平鎮區義民里,桃園市,平鎮區,義民里,1003,268,451,719,5,724,0,724,520,"1,244",58.2
桃園市平鎮區義民里,桃園市,平鎮區,義民里,1004,270,422,692,0,692,0,692,587,"1,279",54.1
桃園市平鎮區義民里,桃園市,平鎮區,義民里,1005,232,377,609,4,613,0,613,635,"1,248",49.12
桃園市平鎮區義興里,桃園市,平鎮區,義興里,1006,316,425,741,7,748,0,748,499,"1,247",59.98
桃園市平鎮區義興里,桃園市,平鎮區,義興里,1007,351,442,793,1,794,0,794,472,"1,266",62.72
桃園市平鎮區義興里,桃園市,平鎮區,義興里,1008,334,425,759,6,765,0,765,557,"1,322",57.87
桃園市平鎮區義興里,桃園市,平鎮區,義興里,1009,297,396,693,6,699,0,699,602,"1,301",53.73
桃園市平鎮區義興里,桃園市,平鎮區,義興里,1010,279,495,774,1,775,0,775,629,"1,404",55.2
桃園市平鎮區福林里,桃園市,平鎮區,福林里,961,296,241,537,3,540,0,540,419,959,56.31
桃園市平鎮區福林里,桃園市,平鎮區,福林里,962,256,368,624,4,628,0,628,417,"1,045",60.1
桃園市平鎮區福林里,桃園市,平鎮區,福林里,963,263,494,757,3,760,0,760,493,"1,253",60.65
桃園市平鎮區廣仁里,桃園市,平鎮區,廣仁里,991,321,436,757,5,762,0,762,579,"1,341",56.82
桃園市平鎮區廣仁里,桃園市,平鎮區,廣仁里,992,272,440,712,6,718,0,718,594,"1,312",54.73
桃園市平鎮區廣仁里,桃園市,平鎮區,廣仁里,993,263,390,653,2,655,0,655,655,"1,310",50
桃園市平鎮區廣達里,桃園市,平鎮區,廣達里,988,391,444,835,5,840,0,840,594,"1,434",58.58
桃園市平鎮區廣達里,桃園市,平鎮區,廣達里,989,342,402,744,2,746,0,746,462,"1,208",61.75
桃園市平鎮區廣達里,桃園市,平鎮區,廣達里,990,328,394,722,5,727,0,727,509,"1,236",58.82
桃園市平鎮區廣興里,桃園市,平鎮區,廣興里,984,388,356,744,8,752,0,752,500,"1,252",60.06
桃園市平鎮區廣興里,桃園市,平鎮區,廣興里,985,321,446,767,4,771,0,771,551,"1,322",58.32
桃園市平鎮區廣興里,桃園市,平鎮區,廣興里,986,296,460,756,5,761,0,761,642,"1,403",54.24
桃園市平鎮區廣興里,桃園市,平鎮區,廣興里,987,292,436,728,3,731,0,731,626,"1,357",53.87
桃園市平鎮區龍恩里,桃園市,平鎮區,龍恩里,1066,219,555,774,6,780,0,780,586,"1,366",57.1
桃園市平鎮區龍恩里,桃園市,平鎮區,龍恩里,1067,235,538,773,3,776,0,776,581,"1,357",57.18
桃園市平鎮區龍興里,桃園市,平鎮區,龍興里,1073,162,493,655,1,656,0,656,525,"1,181",55.55
桃園市平鎮區龍興里,桃園市,平鎮區,龍興里,1074,145,503,648,8,656,0,656,414,"1,070",61.31
桃園市平鎮區鎮興里,桃園市,平鎮區,鎮興里,939,344,406,750,8,758,0,758,589,"1,347",56.27
桃園市平鎮區鎮興里,桃園市,平鎮區,鎮興里,940,341,517,858,5,863,0,863,705,"1,568",55.04
桃園市平鎮區雙連里,桃園市,平鎮區,雙連里,1011,282,501,783,3,786,0,786,698,"1,484",52.96
桃園市平鎮區雙連里,桃園市,平鎮區,雙連里,1012,320,453,773,5,778,0,778,678,"1,456",53.43
桃園市平鎮區雙連里,桃園市,平鎮區,雙連里,1013,325,460,785,13,798,0,798,641,"1,439",55.46
桃園市桃園區三元里,桃園市,桃園區,三元里,202,338,411,749,2,751,0,751,548,"1,299",57.81
桃園市桃園區三元里,桃園市,桃園區,三元里,203,309,409,718,6,724,0,724,543,"1,267",57.14
桃園市桃園區三元里,桃園市,桃園區,三元里,204,291,445,736,3,739,0,739,616,"1,355",54.54
桃園市桃園區三民里,桃園市,桃園區,三民里,205,275,468,743,3,746,0,746,535,"1,281",58.24
桃園市桃園區三民里,桃園市,桃園區,三民里,206,265,499,764,1,765,0,765,517,"1,282",59.67
桃園市桃園區三民里,桃園市,桃園區,三民里,207,317,502,819,2,821,0,821,538,"1,359",60.41
桃園市桃園區大有里,桃園市,桃園區,大有里,208,359,584,943,2,945,0,945,769,"1,714",55.13
桃園市桃園區大有里,桃園市,桃園區,大有里,209,332,537,869,5,874,0,874,768,"1,642",53.23
桃園市桃園區大有里,桃園市,桃園區,大有里,210,324,596,920,3,923,0,923,673,"1,596",57.83
桃園市桃園區大有里,桃園市,桃園區,大有里,211,380,544,924,6,930,1,931,730,"1,661",55.99
桃園市桃園區大林里,桃園市,桃園區,大林里,722,278,359,637,6,643,0,643,610,"1,253",51.32
桃園市桃園區大林里,桃園市,桃園區,大林里,723,268,382,650,0,650,0,650,643,"1,293",50.27
桃園市桃園區大林里,桃園市,桃園區,大林里,724,298,414,712,1,713,0,713,592,"1,305",54.64
桃園市桃園區大林里,桃園市,桃園區,大林里,725,407,417,824,0,824,0,824,523,"1,347",61.17
桃園市桃園區大林里,桃園市,桃園區,大林里,726,341,392,733,0,733,0,733,754,"1,487",49.29
桃園市桃園區大業里,桃園市,桃園區,大業里,212,418,528,946,6,952,0,952,685,"1,637",58.16
桃園市桃園區大業里,桃園市,桃園區,大業里,213,378,501,879,5,884,0,884,721,"1,605",55.08
桃園市桃園區大業里,桃園市,桃園區,大業里,214,362,522,884,3,887,0,887,812,"1,699",52.21
桃園市桃園區大樹里,桃園市,桃園區,大樹里,727,260,365,625,2,627,0,627,563,"1,190",52.69
桃園市桃園區大樹里,桃園市,桃園區,大樹里,728,285,400,685,6,691,0,691,495,"1,186",58.26
桃園市桃園區大樹里,桃園市,桃園區,大樹里,729,302,416,718,6,724,0,724,624,"1,348",53.71
桃園市桃園區大興里,桃園市,桃園區,大興里,215,285,294,579,1,580,0,580,664,"1,244",46.62
桃園市桃園區大興里,桃園市,桃園區,大興里,216,380,378,758,4,762,0,762,537,"1,299",58.66
桃園市桃園區大興里,桃園市,桃園區,大興里,217,362,361,723,5,728,0,728,594,"1,322",55.07
桃園市桃園區大興里,桃園市,桃園區,大興里,218,310,405,715,2,717,0,717,651,"1,368",52.41
桃園市桃園區大豐里,桃園市,桃園區,大豐里,730,331,434,765,6,771,0,771,637,"1,408",54.76
桃園市桃園區大豐里,桃園市,桃園區,大豐里,731,396,493,889,5,894,0,894,652,"1,546",57.83
桃園市桃園區大豐里,桃園市,桃園區,大豐里,732,476,523,999,2,"1,001",0,"1,001",714,"1,715",58.37
桃園市桃園區中山里,桃園市,桃園區,中山里,776,376,481,857,8,865,0,865,716,"1,581",54.71
桃園市桃園區中山里,桃園市,桃園區,中山里,777,406,544,950,3,953,0,953,653,"1,606",59.34
桃園市桃園區中山里,桃園市,桃園區,中山里,778,344,511,855,5,860,0,860,687,"1,547",55.59
桃園市桃園區中山里,桃園市,桃園區,中山里,779,372,554,926,5,931,0,931,713,"1,644",56.63
桃園市桃園區中平里,桃園市,桃園區,中平里,780,280,533,813,3,816,0,816,629,"1,445",56.47
桃園市桃園區中平里,桃園市,桃園區,中平里,781,382,514,896,8,904,0,904,666,"1,570",57.58
桃園市桃園區中平里,桃園市,桃園區,中平里,782,358,491,849,5,854,0,854,612,"1,466",58.25
桃園市桃園區中正里,桃園市,桃園區,中正里,783,347,540,887,3,890,0,890,574,"1,464",60.79
桃園市桃園區中正里,桃園市,桃園區,中正里,784,331,420,751,6,757,0,757,640,"1,397",54.19
桃園市桃園區中正里,桃園市,桃園區,中正里,785,345,456,801,3,804,0,804,693,"1,497",53.71
桃園市桃園區中正里,桃園市,桃園區,中正里,786,359,465,824,3,827,0,827,602,"1,429",57.87
桃園市桃園區中正里,桃園市,桃園區,中正里,787,413,514,927,7,934,0,934,622,"1,556",60.03
桃園市桃園區中成里,桃園市,桃園區,中成里,788,391,296,687,0,687,0,687,397,"1,084",63.38
桃園市桃園區中成里,桃園市,桃園區,中成里,789,452,613,"1,065",7,"1,072",0,"1,072",823,"1,895",56.57
桃園市桃園區中成里,桃園市,桃園區,中成里,790,376,463,839,4,843,0,843,725,"1,568",53.76
桃園市桃園區中成里,桃園市,桃園區,中成里,791,286,599,885,7,892,0,892,835,"1,727",51.65
桃園市桃園區中成里,桃園市,桃園區,中成里,792,385,467,852,4,856,0,856,636,"1,492",57.37
桃園市桃園區中和里,桃園市,桃園區,中和里,752,361,316,677,5,682,0,682,554,"1,236",55.18
桃園市桃園區中信里,桃園市,桃園區,中信里,793,350,453,803,5,808,0,808,579,"1,387",58.26
桃園市桃園區中信里,桃園市,桃園區,中信里,794,322,398,720,1,721,0,721,629,"1,350",53.41
桃園市桃園區中信里,桃園市,桃園區,中信里,795,307,422,729,1,730,0,730,652,"1,382",52.82
桃園市桃園區中信里,桃園市,桃園區,中信里,796,293,444,737,7,744,0,744,697,"1,441",51.63
桃園市桃園區中原里,桃園市,桃園區,中原里,797,320,471,791,1,792,0,792,601,"1,393",56.86
桃園市桃園區中原里,桃園市,桃園區,中原里,798,309,514,823,8,831,0,831,563,"1,394",59.61
桃園市桃園區中原里,桃園市,桃園區,中原里,799,342,576,918,4,922,0,922,650,"1,572",58.65
桃園市桃園區中埔里,桃園市,桃園區,中埔里,849,318,465,783,2,785,0,785,801,"1,586",49.5
桃園市桃園區中埔里,桃園市,桃園區,中埔里,850,527,495,"1,022",6,"1,028",0,"1,028",778,"1,806",56.92
桃園市桃園區中泰里,桃園市,桃園區,中泰里,800,329,486,815,3,818,0,818,584,"1,402",58.35
桃園市桃園區中泰里,桃園市,桃園區,中泰里,801,297,452,749,3,752,0,752,556,"1,308",57.49
桃園市桃園區中泰里,桃園市,桃園區,中泰里,802,301,496,797,6,803,0,803,493,"1,296",61.96
桃園市桃園區中聖里,桃園市,桃園區,中聖里,803,218,479,697,2,699,0,699,628,"1,327",52.68
桃園市桃園區中聖里,桃園市,桃園區,中聖里,804,262,455,717,5,722,0,722,494,"1,216",59.38
桃園市桃園區中聖里,桃園市,桃園區,中聖里,805,284,473,757,2,759,0,759,611,"1,370",55.4
桃園市桃園區中聖里,桃園市,桃園區,中聖里,806,329,525,854,2,856,0,856,496,"1,352",63.31
桃園市桃園區中路里,桃園市,桃園區,中路里,807,325,460,785,2,787,0,787,496,"1,283",61.34
桃園市桃園區中路里,桃園市,桃園區,中路里,808,294,366,660,3,663,0,663,555,"1,218",54.43
桃園市桃園區中路里,桃園市,桃園區,中路里,809,287,419,706,3,709,0,709,578,"1,287",55.09
桃園市桃園區中寧里,桃園市,桃園區,中寧里,851,368,459,827,3,830,0,830,666,"1,496",55.48
桃園市桃園區中寧里,桃園市,桃園區,中寧里,852,347,500,847,2,849,0,849,703,"1,552",54.7
桃園市桃園區中寧里,桃園市,桃園區,中寧里,853,284,518,802,1,803,0,803,828,"1,631",49.23
桃園市桃園區中寧里,桃園市,桃園區,中寧里,854,345,526,871,3,874,0,874,676,"1,550",56.39
桃園市桃園區中德里,桃園市,桃園區,中德里,810,268,401,669,7,676,0,676,607,"1,283",52.69
桃園市桃園區中德里,桃園市,桃園區,中德里,811,253,387,640,6,646,0,646,549,"1,195",54.06
桃園市桃園區中德里,桃園市,桃園區,中德里,812,354,378,732,5,737,0,737,449,"1,186",62.14
桃園市桃園區中德里,桃園市,桃園區,中德里,813,358,435,793,3,796,0,796,551,"1,347",59.09
桃園市桃園區中德里,桃園市,桃園區,中德里,814,205,422,627,3,630,0,630,592,"1,222",51.55
桃園市桃園區中興里,桃園市,桃園區,中興里,753,416,403,819,2,821,0,821,594,"1,415",58.02
桃園市桃園區中興里,桃園市,桃園區,中興里,754,394,435,829,1,830,0,830,575,"1,405",59.07
桃園市桃園區中興里,桃園市,桃園區,中興里,755,324,438,762,3,765,0,765,608,"1,373",55.72
桃園市桃園區中興里,桃園市,桃園區,中興里,756,394,489,883,3,886,0,886,566,"1,452",61.02
桃園市桃園區文中里,桃園市,桃園區,文中里,815,384,489,873,3,876,0,876,736,"1,612",54.34
桃園市桃園區文中里,桃園市,桃園區,文中里,816,385,477,862,5,867,0,867,696,"1,563",55.47
桃園市桃園區文中里,桃園市,桃園區,文中里,817,382,545,927,3,930,0,930,710,"1,640",56.71
桃園市桃園區文中里,桃園市,桃園區,文中里,818,411,549,960,3,963,0,963,621,"1,584",60.8
桃園市桃園區文化里,桃園市,桃園區,文化里,757,285,347,632,3,635,0,635,445,"1,080",58.8
桃園市桃園區文昌里,桃園市,桃園區,文昌里,758,222,240,462,3,465,0,465,369,834,55.76
桃園市桃園區文明里,桃園市,桃園區,文明里,759,382,462,844,3,847,0,847,603,"1,450",58.41
桃園市桃園區北門里,桃園市,桃園區,北門里,760,453,455,908,2,910,0,910,714,"1,624",56.03
桃園市桃園區北埔里,桃園市,桃園區,北埔里,855,366,444,810,0,810,0,810,733,"1,543",52.5
桃園市桃園區北埔里,桃園市,桃園區,北埔里,856,320,566,886,1,887,0,887,683,"1,570",56.5
桃園市桃園區北埔里,桃園市,桃園區,北埔里,857,348,558,906,3,909,0,909,705,"1,614",56.32
桃園市桃園區民生里,桃園市,桃園區,民生里,761,391,514,905,4,909,1,910,807,"1,717",52.94
桃園市桃園區永安里,桃園市,桃園區,永安里,858,355,370,725,4,729,0,729,619,"1,348",54.08
桃園市桃園區永安里,桃園市,桃園區,永安里,859,416,441,857,8,865,0,865,611,"1,476",58.6
桃園市桃園區永安里,桃園市,桃園區,永安里,860,478,421,899,4,903,0,903,579,"1,482",60.93
桃園市桃園區永興里,桃園市,桃園區,永興里,762,481,432,913,7,920,0,920,878,"1,798",51.17
桃園市桃園區玉山里,桃園市,桃園區,玉山里,819,417,413,830,3,833,0,833,539,"1,372",60.71
桃園市桃園區玉山里,桃園市,桃園區,玉山里,820,273,323,596,0,596,0,596,517,"1,113",53.55
桃園市桃園區玉山里,桃園市,桃園區,玉山里,821,293,343,636,2,638,0,638,444,"1,082",58.96
桃園市桃園區玉山里,桃園市,桃園區,玉山里,822,262,304,566,3,569,0,569,481,"1,050",54.19
桃園市桃園區光興里,桃園市,桃園區,光興里,763,417,386,803,2,805,0,805,682,"1,487",54.14
桃園市桃園區光興里,桃園市,桃園區,光興里,764,407,424,831,8,839,0,839,524,"1,363",61.56
桃園市桃園區光興里,桃園市,桃園區,光興里,765,404,440,844,3,847,0,847,572,"1,419",59.69
桃園市桃園區同安里,桃園市,桃園區,同安里,861,447,416,863,3,866,0,866,757,"1,623",53.36
桃園市桃園區同安里,桃園市,桃園區,同安里,862,412,553,965,3,968,0,968,674,"1,642",58.95
桃園市桃園區同安里,桃園市,桃園區,同安里,863,371,524,895,5,900,0,900,736,"1,636",55.01
桃園市桃園區同安里,桃園市,桃園區,同安里,864,429,496,925,7,932,0,932,669,"1,601",58.21
桃園市桃園區同安里,桃園市,桃園區,同安里,865,399,601,"1,000",4,"1,004",0,"1,004",857,"1,861",53.95
桃園市桃園區同安里,桃園市,桃園區,同安里,866,382,450,832,3,835,0,835,747,"1,582",52.78
桃園市桃園區同德里,桃園市,桃園區,同德里,867,333,527,860,5,865,0,865,691,"1,556",55.59
桃園市桃園區同德里,桃園市,桃園區,同德里,868,350,488,838,10,848,0,848,662,"1,510",56.16
桃園市桃園區同德里,桃園市,桃園區,同德里,869,327,490,817,5,822,0,822,633,"1,455",56.49
桃園市桃園區同德里,桃園市,桃園區,同德里,870,330,504,834,4,838,0,838,661,"1,499",55.9
桃園市桃園區成功里,桃園市,桃園區,成功里,929,252,363,615,2,617,0,617,433,"1,050",58.76
桃園市桃園區成功里,桃園市,桃園區,成功里,930,340,404,744,3,747,0,747,559,"1,306",57.2
桃園市桃園區成功里,桃園市,桃園區,成功里,931,348,446,794,4,798,0,798,523,"1,321",60.41
桃園市桃園區自強里,桃園市,桃園區,自強里,871,423,648,"1,071",7,"1,078",0,"1,078",738,"1,816",59.36
桃園市桃園區自強里,桃園市,桃園區,自強里,872,335,464,799,1,800,0,800,536,"1,336",59.88
桃園市桃園區自強里,桃園市,桃園區,自強里,873,290,458,748,1,749,0,749,526,"1,275",58.75
桃園市桃園區自強里,桃園市,桃園區,自強里,874,390,553,943,5,948,0,948,657,"1,605",59.07
桃園市桃園區自強里,桃園市,桃園區,自強里,875,300,502,802,3,805,0,805,564,"1,369",58.8
桃園市桃園區西門里,桃園市,桃園區,西門里,766,428,472,900,7,907,0,907,843,"1,750",51.83
桃園市桃園區西埔里,桃園市,桃園區,西埔里,876,248,265,513,6,519,0,519,398,917,56.6
桃園市桃園區西埔里,桃園市,桃園區,西埔里,877,300,234,534,6,540,0,540,400,940,57.45
桃園市桃園區西埔里,桃園市,桃園區,西埔里,878,299,336,635,3,638,0,638,448,"1,086",58.75
桃園市桃園區西湖里,桃園市,桃園區,西湖里,767,361,440,801,5,806,0,806,547,"1,353",59.57
桃園市桃園區汴洲里,桃園市,桃園區,汴洲里,219,411,546,957,2,959,0,959,850,"1,809",53.01
桃園市桃園區汴洲里,桃園市,桃園區,汴洲里,220,371,438,809,2,811,0,811,746,"1,557",52.09
桃園市桃園區汴洲里,桃園市,桃園區,汴洲里,221,346,415,761,3,764,0,764,618,"1,382",55.28
桃園市桃園區汴洲里,桃園市,桃園區,汴洲里,222,360,405,765,7,772,0,772,676,"1,448",53.31
桃園市桃園區汴洲里,桃園市,桃園區,汴洲里,223,410,309,719,2,721,0,721,517,"1,238",58.24
桃園市桃園區忠義里,桃園市,桃園區,忠義里,224,330,592,922,8,930,0,930,838,"1,768",52.6
桃園市桃園區忠義里,桃園市,桃園區,忠義里,225,384,512,896,4,900,0,900,743,"1,643",54.78
桃園市桃園區明德里,桃園市,桃園區,明德里,879,322,458,780,5,785,0,785,653,"1,438",54.59
桃園市桃園區明德里,桃園市,桃園區,明德里,880,359,582,941,4,945,0,945,700,"1,645",57.45
桃園市桃園區東山里,桃園市,桃園區,東山里,934,314,333,647,4,651,0,651,446,"1,097",59.34
桃園市桃園區東山里,桃園市,桃園區,東山里,935,187,283,470,1,471,0,471,469,940,50.11
桃園市桃園區東門里,桃園市,桃園區,東門里,932,349,448,797,12,809,0,809,648,"1,457",55.53
桃園市桃園區東門里,桃園市,桃園區,東門里,933,375,477,852,3,855,0,855,619,"1,474",58.01
桃園市桃園區東埔里,桃園市,桃園區,東埔里,881,387,452,839,5,844,0,844,705,"1,549",54.49
桃園市桃園區東埔里,桃園市,桃園區,東埔里,882,403,429,832,4,836,0,836,689,"1,525",54.82
桃園市桃園區東埔里,桃園市,桃園區,東埔里,883,404,446,850,6,856,0,856,672,"1,528",56.02
桃園市桃園區武陵里,桃園市,桃園區,武陵里,768,350,411,761,6,767,0,767,969,"1,736",44.18
桃園市桃園區長安里,桃園市,桃園區,長安里,884,441,438,879,10,889,0,889,696,"1,585",56.09
桃園市桃園區長安里,桃園市,桃園區,長安里,885,421,581,"1,002",3,"1,005",0,"1,005",702,"1,707",58.88
桃園市桃園區長美里,桃園市,桃園區,長美里,769,316,239,555,4,559,0,559,429,988,56.58
桃園市桃園區長德里,桃園市,桃園區,長德里,886,269,433,702,2,704,0,704,429,"1,133",62.14
桃園市桃園區長德里,桃園市,桃園區,長德里,887,336,333,669,3,672,0,672,467,"1,139",59
桃園市桃園區長德里,桃園市,桃園區,長德里,888,366,434,800,3,803,0,803,633,"1,436",55.92
桃園市桃園區長德里,桃園市,桃園區,長德里,889,286,278,564,3,567,0,567,462,"1,029",55.1
桃園市桃園區青溪里,桃園市,桃園區,青溪里,226,734,703,"1,437",7,"1,444",0,"1,444","1,232","2,676",53.96
桃園市桃園區青溪里,桃園市,桃園區,青溪里,227,611,725,"1,336",6,"1,342",0,"1,342","1,176","2,518",53.3
桃園市桃園區青溪里,桃園市,桃園區,青溪里,228,637,776,"1,413",5,"1,418",0,"1,418","1,036","2,454",57.78
桃園市桃園區信光里,桃園市,桃園區,信光里,890,364,335,699,2,701,0,701,527,"1,228",57.08
桃園市桃園區信光里,桃園市,桃園區,信光里,891,301,351,652,1,653,0,653,662,"1,315",49.66
桃園市桃園區信光里,桃園市,桃園區,信光里,892,360,399,759,4,763,0,763,613,"1,376",55.45
桃園市桃園區信光里,桃園市,桃園區,信光里,893,357,461,818,12,830,0,830,635,"1,465",56.66
桃園市桃園區信光里,桃園市,桃園區,信光里,894,301,543,844,5,849,0,849,633,"1,482",57.29
桃園市桃園區南門里,桃園市,桃園區,南門里,770,300,362,662,4,666,0,666,517,"1,183",56.3
桃園市桃園區南門里,桃園市,桃園區,南門里,771,216,292,508,3,511,0,511,421,932,54.83
桃園市桃園區南門里,桃園市,桃園區,南門里,772,270,314,584,1,585,0,585,380,965,60.62
桃園市桃園區南門里,桃園市,桃園區,南門里,773,278,456,734,3,737,0,737,611,"1,348",54.67
桃園市桃園區南門里,桃園市,桃園區,南門里,774,319,356,675,2,677,0,677,560,"1,237",54.73
桃園市桃園區南埔里,桃園市,桃園區,南埔里,895,499,607,"1,106",8,"1,114",0,"1,114",827,"1,941",57.39
桃園市桃園區南埔里,桃園市,桃園區,南埔里,896,508,543,"1,051",8,"1,059",0,"1,059",992,"2,051",51.63
桃園市桃園區南埔里,桃園市,桃園區,南埔里,897,450,619,"1,069",6,"1,075",0,"1,075",825,"1,900",56.58
桃園市桃園區南華里,桃園市,桃園區,南華里,775,350,317,667,1,668,0,668,607,"1,275",52.39
桃園市桃園區建國里,桃園市,桃園區,建國里,733,305,377,682,4,686,0,686,478,"1,164",58.93
桃園市桃園區建國里,桃園市,桃園區,建國里,734,327,377,704,4,708,0,708,568,"1,276",55.49
桃園市桃園區建國里,桃園市,桃園區,建國里,735,250,390,640,5,645,0,645,534,"1,179",54.71
桃園市桃園區建國里,桃園市,桃園區,建國里,736,318,368,686,2,688,0,688,486,"1,174",58.6
桃園市桃園區春日里,桃園市,桃園區,春日里,229,376,446,822,2,824,0,824,624,"1,448",56.91
桃園市桃園區春日里,桃園市,桃園區,春日里,230,367,406,773,3,776,0,776,573,"1,349",57.52
桃園市桃園區春日里,桃園市,桃園區,春日里,231,395,446,841,1,842,0,842,661,"1,503",56.02
桃園市桃園區春日里,桃園市,桃園區,春日里,232,293,483,776,4,780,0,780,769,"1,549",50.36
桃園市桃園區泰山里,桃園市,桃園區,泰山里,823,271,413,684,4,688,0,688,495,"1,183",58.16
桃園市桃園區泰山里,桃園市,桃園區,泰山里,824,334,396,730,4,734,0,734,471,"1,205",60.91
桃園市桃園區泰山里,桃園市,桃園區,泰山里,825,285,325,610,1,611,0,611,507,"1,118",54.65
桃園市桃園區莊敬里,桃園市,桃園區,莊敬里,898,271,462,733,5,738,0,738,726,"1,464",50.41
桃園市桃園區莊敬里,桃園市,桃園區,莊敬里,899,316,578,894,1,895,0,895,644,"1,539",58.15
桃園市桃園區莊敬里,桃園市,桃園區,莊敬里,900,343,527,870,3,873,0,873,659,"1,532",56.98
桃園市桃園區莊敬里,桃園市,桃園區,莊敬里,901,353,474,827,2,829,0,829,592,"1,421",58.34
桃園市桃園區莊敬里,桃園市,桃園區,莊敬里,902,296,476,772,3,775,0,775,582,"1,357",57.11
桃園市桃園區莊敬里,桃園市,桃園區,莊敬里,903,306,427,733,4,737,0,737,661,"1,398",52.72
桃園市桃園區朝陽里,桃園市,桃園區,朝陽里,927,289,300,589,1,590,0,590,400,990,59.6
桃園市桃園區朝陽里,桃園市,桃園區,朝陽里,928,228,249,477,3,480,0,480,422,902,53.22
桃園市桃園區雲林里,桃園市,桃園區,雲林里,737,390,369,759,3,762,0,762,529,"1,291",59.02
桃園市桃園區雲林里,桃園市,桃園區,雲林里,738,352,417,769,2,771,0,771,506,"1,277",60.38
桃園市桃園區雲林里,桃園市,桃園區,雲林里,739,350,479,829,6,835,0,835,624,"1,459",57.23
桃園市桃園區雲林里,桃園市,桃園區,雲林里,740,319,658,977,2,979,0,979,652,"1,631",60.02
桃園市桃園區新埔里,桃園市,桃園區,新埔里,908,379,545,924,10,934,0,934,713,"1,647",56.71
桃園市桃園區新埔里,桃園市,桃園區,新埔里,909,352,570,922,5,927,0,927,658,"1,585",58.49
桃園市桃園區新埔里,桃園市,桃園區,新埔里,910,367,495,862,6,868,0,868,545,"1,413",61.43
桃園市桃園區會稽里,桃園市,桃園區,會稽里,233,311,440,751,4,755,0,755,585,"1,340",56.34
桃園市桃園區會稽里,桃園市,桃園區,會稽里,234,248,432,680,7,687,0,687,504,"1,191",57.68
桃園市桃園區會稽里,桃園市,桃園區,會稽里,235,227,411,638,3,641,0,641,550,"1,191",53.82
桃園市桃園區瑞慶里,桃園市,桃園區,瑞慶里,911,286,404,690,3,693,0,693,775,"1,468",47.21
桃園市桃園區瑞慶里,桃園市,桃園區,瑞慶里,912,333,521,854,0,854,0,854,597,"1,451",58.86
桃園市桃園區瑞慶里,桃園市,桃園區,瑞慶里,913,304,505,809,3,812,0,812,680,"1,492",54.42
桃園市桃園區瑞慶里,桃園市,桃園區,瑞慶里,914,278,449,727,1,728,0,728,617,"1,345",54.13
桃園市桃園區萬壽里,桃園市,桃園區,萬壽里,236,229,223,452,2,454,0,454,383,837,54.24
桃園市桃園區經國里,桃園市,桃園區,經國里,915,331,556,887,5,892,0,892,703,"1,595",55.92
桃園市桃園區經國里,桃園市,桃園區,經國里,916,413,543,956,1,957,0,957,770,"1,727",55.41
桃園市桃園區經國里,桃園市,桃園區,經國里,917,396,645,"1,041",6,"1,047",0,"1,047",784,"1,831",57.18
桃園市桃園區慈文里,桃園市,桃園區,慈文里,904,372,456,828,5,833,0,833,756,"1,589",52.42
桃園市桃園區慈文里,桃園市,桃園區,慈文里,905,334,473,807,1,808,0,808,720,"1,528",52.88
桃園市桃園區慈文里,桃園市,桃園區,慈文里,906,417,444,861,8,869,0,869,688,"1,557",55.81
桃園市桃園區慈文里,桃園市,桃園區,慈文里,907,357,491,848,3,851,0,851,682,"1,533",55.51
桃園市桃園區福元里,桃園市,桃園區,福元里,237,382,577,959,5,964,0,964,723,"1,687",57.14
桃園市桃園區福元里,桃園市,桃園區,福元里,238,356,574,930,6,936,0,936,731,"1,667",56.15
桃園市桃園區福元里,桃園市,桃園區,福元里,239,368,507,875,5,880,0,880,709,"1,589",55.38
桃園市桃園區福安里,桃園市,桃園區,福安里,741,283,382,665,1,666,0,666,525,"1,191",55.92
桃園市桃園區福安里,桃園市,桃園區,福安里,742,309,384,693,6,699,0,699,676,"1,375",50.84
桃園市桃園區福安里,桃園市,桃園區,福安里,743,398,433,831,2,833,0,833,528,"1,361",61.2
桃園市桃園區福林里,桃園市,桃園區,福林里,744,407,441,848,6,854,0,854,592,"1,446",59.06
桃園市桃園區福林里,桃園市,桃園區,福林里,745,420,462,882,4,886,0,886,552,"1,438",61.61
桃園市桃園區福林里,桃園市,桃園區,福林里,746,350,450,800,0,800,0,800,597,"1,397",57.27
桃園市桃園區福林里,桃園市,桃園區,福林里,747,315,469,784,4,788,0,788,618,"1,406",56.05
桃園市桃園區龍山里,桃園市,桃園區,龍山里,826,243,303,546,3,549,0,549,512,"1,061",51.74
桃園市桃園區龍山里,桃園市,桃園區,龍山里,827,175,382,557,5,562,0,562,525,"1,087",51.7
桃園市桃園區龍山里,桃園市,桃園區,龍山里,828,229,336,565,4,569,0,569,526,"1,095",51.96
桃園市桃園區龍安里,桃園市,桃園區,龍安里,829,342,431,773,2,775,0,775,590,"1,365",56.78
桃園市桃園區龍安里,桃園市,桃園區,龍安里,830,318,478,796,3,799,0,799,593,"1,392",57.4
桃園市桃園區龍安里,桃園市,桃園區,龍安里,831,258,461,719,6,725,0,725,604,"1,329",54.55
桃園市桃園區龍安里,桃園市,桃園區,龍安里,832,243,480,723,2,725,0,725,624,"1,349",53.74
桃園市桃園區龍岡里,桃園市,桃園區,龍岡里,833,285,486,771,4,775,0,775,660,"1,435",54.01
桃園市桃園區龍岡里,桃園市,桃園區,龍岡里,834,299,458,757,5,762,0,762,560,"1,322",57.64
桃園市桃園區龍岡里,桃園市,桃園區,龍岡里,835,279,512,791,4,795,0,795,636,"1,431",55.56
桃園市桃園區龍岡里,桃園市,桃園區,龍岡里,836,303,495,798,1,799,0,799,542,"1,341",59.58
桃園市桃園區龍祥里,桃園市,桃園區,龍祥里,837,289,535,824,7,831,0,831,710,"1,541",53.93
桃園市桃園區龍祥里,桃園市,桃園區,龍祥里,838,298,549,847,3,850,0,850,702,"1,552",54.77
桃園市桃園區龍祥里,桃園市,桃園區,龍祥里,839,324,591,915,4,919,0,919,775,"1,694",54.25
桃園市桃園區龍壽里,桃園市,桃園區,龍壽里,840,355,517,872,4,876,0,876,694,"1,570",55.8
桃園市桃園區龍壽里,桃園市,桃園區,龍壽里,841,358,492,850,1,851,0,851,717,"1,568",54.27
桃園市桃園區龍壽里,桃園市,桃園區,龍壽里,842,362,574,936,2,938,0,938,738,"1,676",55.97
桃園市桃園區龍壽里,桃園市,桃園區,龍壽里,843,350,582,932,6,938,0,938,739,"1,677",55.93
桃園市桃園區龍鳳里,桃園市,桃園區,龍鳳里,844,359,558,917,5,922,0,922,643,"1,565",58.91
桃園市桃園區龍鳳里,桃園市,桃園區,龍鳳里,845,282,366,648,4,652,0,652,"3,112","3,764",17.32
桃園市桃園區龍鳳里,桃園市,桃園區,龍鳳里,846,329,536,865,5,870,0,870,679,"1,549",56.17
桃園市桃園區龍鳳里,桃園市,桃園區,龍鳳里,847,271,559,830,7,837,0,837,574,"1,411",59.32
桃園市桃園區龍鳳里,桃園市,桃園區,龍鳳里,848,350,503,853,2,855,0,855,616,"1,471",58.12
桃園市桃園區檜樂里,桃園市,桃園區,檜樂里,240,299,452,751,4,755,0,755,633,"1,388",54.39
桃園市桃園區檜樂里,桃園市,桃園區,檜樂里,241,293,476,769,0,769,0,769,638,"1,407",54.66
桃園市桃園區檜樂里,桃園市,桃園區,檜樂里,242,354,519,873,4,877,0,877,688,"1,565",56.04
桃園市桃園區檜樂里,桃園市,桃園區,檜樂里,243,336,507,843,5,848,0,848,681,"1,529",55.46
桃園市桃園區豐林里,桃園市,桃園區,豐林里,748,365,525,890,3,893,0,893,651,"1,544",57.84
桃園市桃園區豐林里,桃園市,桃園區,豐林里,749,373,488,861,2,863,0,863,633,"1,496",57.69
桃園市桃園區豐林里,桃園市,桃園區,豐林里,750,337,444,781,4,785,0,785,553,"1,338",58.67
桃園市桃園區豐林里,桃園市,桃園區,豐林里,751,390,457,847,9,856,0,856,540,"1,396",61.32
桃園市桃園區寶山里,桃園市,桃園區,寶山里,244,357,483,840,4,844,0,844,673,"1,517",55.64
桃園市桃園區寶山里,桃園市,桃園區,寶山里,245,322,440,762,3,765,0,765,545,"1,310",58.4
桃園市桃園區寶山里,桃園市,桃園區,寶山里,246,320,448,768,7,775,0,775,530,"1,305",59.39
桃園市桃園區寶民里,桃園市,桃園區,寶民里,247,275,418,693,5,698,0,698,647,"1,345",51.9
桃園市桃園區寶民里,桃園市,桃園區,寶民里,248,324,512,836,1,837,0,837,838,"1,675",49.97
桃園市桃園區寶民里,桃園市,桃園區,寶民里,249,245,322,567,0,567,0,567,517,"1,084",52.31
桃園市桃園區寶安里,桃園市,桃園區,寶安里,918,322,561,883,4,887,0,887,642,"1,529",58.01
桃園市桃園區寶安里,桃園市,桃園區,寶安里,919,317,464,781,3,784,0,784,739,"1,523",51.48
桃園市桃園區寶安里,桃園市,桃園區,寶安里,920,321,511,832,8,840,0,840,687,"1,527",55.01
桃園市桃園區寶安里,桃園市,桃園區,寶安里,921,355,508,863,4,867,0,867,758,"1,625",53.35
桃園市桃園區寶安里,桃園市,桃園區,寶安里,922,356,579,935,5,940,0,940,721,"1,661",56.59
桃園市桃園區寶慶里,桃園市,桃園區,寶慶里,923,346,518,864,1,865,0,865,646,"1,511",57.25
桃園市桃園區寶慶里,桃園市,桃園區,寶慶里,924,350,544,894,4,898,0,898,724,"1,622",55.36
桃園市桃園區寶慶里,桃園市,桃園區,寶慶里,925,358,554,912,2,914,0,914,763,"1,677",54.5
桃園市桃園區寶慶里,桃園市,桃園區,寶慶里,926,317,428,745,3,748,0,748,538,"1,286",58.16
桃園市復興區三民里,桃園市,復興區,三民里,1346,182,241,423,2,425,0,425,471,896,47.43
桃園市復興區三民里,桃園市,復興區,三民里,1347,116,131,247,2,249,0,249,260,509,48.92
桃園市復興區三光里,桃園市,復興區,三光里,1355,1,11,12,1,13,0,13,44,57,22.81
桃園市復興區長興里,桃園市,復興區,長興里,1352,13,29,42,0,42,0,42,77,119,35.29
桃園市復興區奎輝里,桃園市,復興區,奎輝里,1353,5,15,20,0,20,0,20,34,54,37.04
桃園市復興區高義里,桃園市,復興區,高義里,1354,9,3,12,1,13,0,13,54,67,19.4
桃園市復興區華陵里,桃園市,復興區,華陵里,1356,43,78,121,1,122,0,122,280,402,30.35
桃園市復興區義盛里,桃園市,復興區,義盛里,1350,5,15,20,0,20,0,20,44,64,31.25
桃園市復興區澤仁里,桃園市,復興區,澤仁里,1348,124,169,293,2,295,0,295,316,611,48.28
桃園市復興區霞雲里,桃園市,復興區,霞雲里,1349,11,33,44,0,44,0,44,51,95,46.32
桃園市復興區羅浮里,桃園市,復興區,羅浮里,1351,53,108,161,2,163,0,163,197,360,45.28
桃園市新屋區九斗里,桃園市,新屋區,九斗里,369,265,336,601,6,607,0,607,472,"1,079",56.26
桃園市新屋區九斗里,桃園市,新屋區,九斗里,370,286,311,597,2,599,0,599,519,"1,118",53.58
桃園市新屋區下田里,桃園市,新屋區,下田里,387,373,493,866,6,872,0,872,774,"1,646",52.98
桃園市新屋區下埔里,桃園市,新屋區,下埔里,385,183,199,382,0,382,0,382,286,668,57.19
桃園市新屋區大坡里,桃園市,新屋區,大坡里,375,301,350,651,3,654,0,654,640,"1,294",50.54
桃園市新屋區永安里,桃園市,新屋區,永安里,382,203,262,465,4,469,0,469,320,789,59.44
桃園市新屋區永安里,桃園市,新屋區,永安里,383,355,397,752,5,757,0,757,535,"1,292",58.59
桃園市新屋區永興里,桃園市,新屋區,永興里,384,257,266,523,7,530,0,530,478,"1,008",52.58
桃園市新屋區石牌里,桃園市,新屋區,石牌里,386,202,273,475,3,478,0,478,362,840,56.9
桃園市新屋區石磊里,桃園市,新屋區,石磊里,363,255,296,551,4,555,0,555,530,"1,085",51.15
桃園市新屋區石磊里,桃園市,新屋區,石磊里,364,297,365,662,1,663,0,663,548,"1,211",54.75
桃園市新屋區赤欄里,桃園市,新屋區,赤欄里,388,295,392,687,5,692,0,692,610,"1,302",53.15
桃園市新屋區東明里,桃園市,新屋區,東明里,365,356,480,836,5,841,0,841,590,"1,431",58.77
桃園市新屋區社子里,桃園市,新屋區,社子里,366,343,424,767,3,770,0,770,553,"1,323",58.2
桃園市新屋區後庄里,桃園市,新屋區,後庄里,377,228,354,582,2,584,0,584,416,"1,000",58.4
桃園市新屋區後湖里,桃園市,新屋區,後湖里,359,318,479,797,6,803,0,803,648,"1,451",55.34
桃園市新屋區埔頂里,桃園市,新屋區,埔頂里,367,307,408,715,1,716,0,716,471,"1,187",60.32
桃園市新屋區埔頂里,桃園市,新屋區,埔頂里,368,270,422,692,5,697,0,697,545,"1,242",56.12
桃園市新屋區望間里,桃園市,新屋區,望間里,376,364,386,750,3,753,0,753,607,"1,360",55.37
桃園市新屋區深圳里,桃園市,新屋區,深圳里,379,141,200,341,4,345,0,345,251,596,57.89
桃園市新屋區清華里,桃園市,新屋區,清華里,360,317,477,794,3,797,0,797,554,"1,351",58.99
桃園市新屋區清華里,桃園市,新屋區,清華里,361,296,458,754,7,761,0,761,544,"1,305",58.31
桃園市新屋區清華里,桃園市,新屋區,清華里,362,298,453,751,3,754,0,754,624,"1,378",54.72
桃園市新屋區笨港里,桃園市,新屋區,笨港里,381,215,303,518,6,524,0,524,442,966,54.24
桃園市新屋區蚵間里,桃園市,新屋區,蚵間里,378,230,221,451,4,455,0,455,411,866,52.54
桃園市新屋區新生里,桃園市,新屋區,新生里,356,312,450,762,4,766,0,766,573,"1,339",57.21
桃園市新屋區新生里,桃園市,新屋區,新生里,357,304,411,715,0,715,0,715,563,"1,278",55.95
桃園市新屋區新生里,桃園市,新屋區,新生里,358,304,501,805,3,808,0,808,524,"1,332",60.66
桃園市新屋區新屋里,桃園市,新屋區,新屋里,354,334,522,856,3,859,0,859,578,"1,437",59.78
桃園市新屋區新屋里,桃園市,新屋區,新屋里,355,289,370,659,4,663,0,663,704,"1,367",48.5
桃園市新屋區槺榔里,桃園市,新屋區,槺榔里,380,257,254,511,3,514,0,514,485,999,51.45
桃園市新屋區頭洲里,桃園市,新屋區,頭洲里,371,282,409,691,4,695,0,695,655,"1,350",51.48
桃園市新屋區頭洲里,桃園市,新屋區,頭洲里,372,265,409,674,3,677,0,677,447,"1,124",60.23
桃園市新屋區頭洲里,桃園市,新屋區,頭洲里,373,335,375,710,2,712,0,712,483,"1,195",59.58
桃園市新屋區頭洲里,桃園市,新屋區,頭洲里,374,293,340,633,2,635,0,635,457,"1,092",58.15
桃園市楊梅區三民里,桃園市,楊梅區,三民里,418,321,637,958,7,965,0,965,669,"1,634",59.06
桃園市楊梅區三民里,桃園市,楊梅區,三民里,419,280,582,862,6,868,0,868,828,"1,696",51.18
桃園市楊梅區三湖里,桃園市,楊梅區,三湖里,461,278,525,803,2,805,0,805,662,"1,467",54.87
桃園市楊梅區三湖里,桃園市,楊梅區,三湖里,462,315,502,817,5,822,0,822,640,"1,462",56.22
桃園市楊梅區上田里,桃園市,楊梅區,上田里,469,308,452,760,1,761,0,761,609,"1,370",55.55
桃園市楊梅區上田里,桃園市,楊梅區,上田里,470,294,527,821,13,834,0,834,730,"1,564",53.32
桃園市楊梅區上湖里,桃園市,楊梅區,上湖里,465,335,577,912,1,913,0,913,789,"1,702",53.64
桃園市楊梅區上湖里,桃園市,楊梅區,上湖里,466,248,410,658,4,662,0,662,701,"1,363",48.57
桃園市楊梅區上湖里,桃園市,楊梅區,上湖里,467,257,514,771,5,776,0,776,662,"1,438",53.96
桃園市楊梅區上湖里,桃園市,楊梅區,上湖里,468,238,516,754,8,762,0,762,811,"1,573",48.44
桃園市楊梅區大平里,桃園市,楊梅區,大平里,446,264,560,824,5,829,0,829,596,"1,425",58.18
桃園市楊梅區大平里,桃園市,楊梅區,大平里,447,278,562,840,4,844,0,844,588,"1,432",58.94
桃園市楊梅區大同里,桃園市,楊梅區,大同里,429,312,696,"1,008",2,"1,010",0,"1,010",679,"1,689",59.8
桃園市楊梅區大同里,桃園市,楊梅區,大同里,430,327,751,"1,078",5,"1,083",0,"1,083",639,"1,722",62.89
桃園市楊梅區中山里,桃園市,楊梅區,中山里,431,354,636,990,2,992,0,992,617,"1,609",61.65
桃園市楊梅區中山里,桃園市,楊梅區,中山里,432,289,540,829,1,830,0,830,659,"1,489",55.74
桃園市楊梅區仁美里,桃園市,楊梅區,仁美里,389,251,445,696,6,702,0,702,531,"1,233",56.93
桃園市楊梅區仁美里,桃園市,楊梅區,仁美里,390,277,525,802,1,803,0,803,473,"1,276",62.93
桃園市楊梅區仁美里,桃園市,楊梅區,仁美里,391,250,492,742,4,746,0,746,474,"1,220",61.15
桃園市楊梅區水美里,桃園市,楊梅區,水美里,485,290,534,824,6,830,0,830,589,"1,419",58.49
桃園市楊梅區水美里,桃園市,楊梅區,水美里,486,244,518,762,7,769,0,769,542,"1,311",58.66
桃園市楊梅區水美里,桃園市,楊梅區,水美里,487,274,461,735,2,737,0,737,510,"1,247",59.1
桃園市楊梅區四維里,桃園市,楊梅區,四維里,396,298,605,903,1,904,0,904,659,"1,563",57.84
桃園市楊梅區四維里,桃園市,楊梅區,四維里,397,279,615,894,5,899,0,899,665,"1,564",57.48
桃園市楊梅區四維里,桃園市,楊梅區,四維里,398,299,586,885,4,889,0,889,690,"1,579",56.3
桃園市楊梅區永平里,桃園市,楊梅區,永平里,399,146,268,414,6,420,0,420,478,898,46.77
桃園市楊梅區永平里,桃園市,楊梅區,永平里,400,249,496,745,3,748,0,748,509,"1,257",59.51
桃園市楊梅區永寧里,桃園市,楊梅區,永寧里,441,314,414,728,2,730,0,730,"1,499","2,229",32.75
桃園市楊梅區永寧里,桃園市,楊梅區,永寧里,442,317,504,821,3,824,1,825,641,"1,466",56.21
桃園市楊梅區永寧里,桃園市,楊梅區,永寧里,443,266,528,794,3,797,0,797,564,"1,361",58.56
桃園市楊梅區永寧里,桃園市,楊梅區,永寧里,444,262,560,822,4,826,0,826,645,"1,471",56.15
桃園市楊梅區永寧里,桃園市,楊梅區,永寧里,445,273,507,780,2,782,0,782,640,"1,422",54.99
桃園市楊梅區光華里,桃園市,楊梅區,光華里,393,260,567,827,5,832,0,832,563,"1,395",59.64
桃園市楊梅區光華里,桃園市,楊梅區,光華里,394,266,580,846,3,849,0,849,662,"1,511",56.19
桃園市楊梅區秀才里,桃園市,楊梅區,秀才里,448,361,562,923,4,927,0,927,628,"1,555",59.61
桃園市楊梅區秀才里,桃園市,楊梅區,秀才里,449,346,607,953,4,957,0,957,669,"1,626",58.86
桃園市楊梅區東流里,桃園市,楊梅區,東流里,450,409,532,941,7,948,0,948,749,"1,697",55.86
桃園市楊梅區東流里,桃園市,楊梅區,東流里,451,226,387,613,7,620,0,620,550,"1,170",52.99
桃園市楊梅區金溪里,桃園市,楊梅區,金溪里,415,334,635,969,2,971,0,971,975,"1,946",49.9
桃園市楊梅區金溪里,桃園市,楊梅區,金溪里,416,266,452,718,3,721,0,721,468,"1,189",60.64
桃園市楊梅區金溪里,桃園市,楊梅區,金溪里,417,230,432,662,3,665,0,665,409,"1,074",61.92
桃園市楊梅區金龍里,桃園市,楊梅區,金龍里,395,287,751,"1,038",4,"1,042",0,"1,042",808,"1,850",56.32
桃園市楊梅區青山里,桃園市,楊梅區,青山里,476,239,465,704,5,709,0,709,792,"1,501",47.24
桃園市楊梅區青山里,桃園市,楊梅區,青山里,477,313,493,806,1,807,0,807,973,"1,780",45.34
桃園市楊梅區青山里,桃園市,楊梅區,青山里,478,242,443,685,6,691,0,691,753,"1,444",47.85
桃園市楊梅區紅梅里,桃園市,楊梅區,紅梅里,439,234,424,658,2,660,0,660,527,"1,187",55.6
桃園市楊梅區紅梅里,桃園市,楊梅區,紅梅里,440,317,557,874,1,875,0,875,483,"1,358",64.43
桃園市楊梅區員本里,桃園市,楊梅區,員本里,459,366,596,962,7,969,0,969,764,"1,733",55.91
桃園市楊梅區員本里,桃園市,楊梅區,員本里,460,276,449,725,6,731,0,731,474,"1,205",60.66
桃園市楊梅區埔心里,桃園市,楊梅區,埔心里,392,357,424,781,6,787,0,787,448,"1,235",63.72
桃園市楊梅區高上里,桃園市,楊梅區,高上里,474,311,463,774,4,778,0,778,607,"1,385",56.17
桃園市楊梅區高上里,桃園市,楊梅區,高上里,475,259,497,756,4,760,0,760,500,"1,260",60.32
桃園市楊梅區高山里,桃園市,楊梅區,高山里,471,163,408,571,4,575,0,575,558,"1,133",50.75
桃園市楊梅區高山里,桃園市,楊梅區,高山里,472,253,446,699,4,703,0,703,572,"1,275",55.14
桃園市楊梅區高山里,桃園市,楊梅區,高山里,473,201,476,677,1,678,0,678,598,"1,276",53.13
桃園市楊梅區高榮里,桃園市,楊梅區,高榮里,479,443,534,977,5,982,0,982,663,"1,645",59.7
桃園市楊梅區高榮里,桃園市,楊梅區,高榮里,480,380,538,918,8,926,0,926,776,"1,702",54.41
桃園市楊梅區梅新里,桃園市,楊梅區,梅新里,437,179,334,513,2,515,0,515,359,874,58.92
桃園市楊梅區梅新里,桃園市,楊梅區,梅新里,438,209,364,573,2,575,0,575,400,975,58.97
桃園市楊梅區梅溪里,桃園市,楊梅區,梅溪里,409,252,509,761,2,763,0,763,618,"1,381",55.25
桃園市楊梅區梅溪里,桃園市,楊梅區,梅溪里,410,251,419,670,2,672,0,672,595,"1,267",53.04
桃園市楊梅區梅溪里,桃園市,楊梅區,梅溪里,411,235,491,726,4,730,0,730,668,"1,398",52.22
桃園市楊梅區富岡里,桃園市,楊梅區,富岡里,455,166,371,537,3,540,0,540,401,941,57.39
桃園市楊梅區富岡里,桃園市,楊梅區,富岡里,456,161,320,481,2,483,0,483,325,808,59.78
桃園市楊梅區富豐里,桃園市,楊梅區,富豐里,457,344,508,852,3,855,0,855,684,"1,539",55.56
桃園市楊梅區富豐里,桃園市,楊梅區,富豐里,458,235,543,778,3,781,0,781,734,"1,515",51.55
桃園市楊梅區新榮里,桃園市,楊梅區,新榮里,483,443,561,"1,004",5,"1,009",0,"1,009",656,"1,665",60.6
桃園市楊梅區新榮里,桃園市,楊梅區,新榮里,484,347,542,889,2,891,0,891,732,"1,623",54.9
桃園市楊梅區楊江里,桃園市,楊梅區,楊江里,436,197,436,633,3,636,0,636,397,"1,033",61.57
桃園市楊梅區楊明里,桃園市,楊梅區,楊明里,420,267,593,860,6,866,0,866,691,"1,557",55.62
桃園市楊梅區楊明里,桃園市,楊梅區,楊明里,421,330,567,897,3,900,0,900,648,"1,548",58.14
桃園市楊梅區楊明里,桃園市,楊梅區,楊明里,422,335,618,953,4,957,0,957,728,"1,685",56.8
桃園市楊梅區楊明里,桃園市,楊梅區,楊明里,423,301,613,914,1,915,0,915,797,"1,712",53.45
桃園市楊梅區楊明里,桃園市,楊梅區,楊明里,424,302,625,927,6,933,0,933,866,"1,799",51.86
桃園市楊梅區楊梅里,桃園市,楊梅區,楊梅里,433,291,412,703,5,708,0,708,529,"1,237",57.24
桃園市楊梅區楊梅里,桃園市,楊梅區,楊梅里,434,281,550,831,4,835,0,835,640,"1,475",56.61
桃園市楊梅區楊梅里,桃園市,楊梅區,楊梅里,435,205,513,718,1,719,0,719,373,"1,092",65.84
桃園市楊梅區瑞坪里,桃園市,楊梅區,瑞坪里,405,222,599,821,9,830,0,830,662,"1,492",55.63
桃園市楊梅區瑞坪里,桃園市,楊梅區,瑞坪里,406,276,521,797,11,808,0,808,814,"1,622",49.82
桃園市楊梅區瑞坪里,桃園市,楊梅區,瑞坪里,407,324,507,831,6,837,0,837,686,"1,523",54.96
桃園市楊梅區瑞坪里,桃園市,楊梅區,瑞坪里,408,278,581,859,1,860,0,860,701,"1,561",55.09
桃園市楊梅區瑞原里,桃園市,楊梅區,瑞原里,488,254,394,648,5,653,0,653,524,"1,177",55.48
桃園市楊梅區瑞原里,桃園市,楊梅區,瑞原里,489,191,430,621,4,625,0,625,480,"1,105",56.56
桃園市楊梅區瑞原里,桃園市,楊梅區,瑞原里,490,189,459,648,6,654,0,654,572,"1,226",53.34
桃園市楊梅區瑞塘里,桃園市,楊梅區,瑞塘里,401,389,587,976,3,979,0,979,686,"1,665",58.8
桃園市楊梅區瑞塘里,桃園市,楊梅區,瑞塘里,402,281,388,669,5,674,0,674,640,"1,314",51.29
桃園市楊梅區瑞塘里,桃園市,楊梅區,瑞塘里,403,285,493,778,4,782,0,782,617,"1,399",55.9
桃園市楊梅區瑞塘里,桃園市,楊梅區,瑞塘里,404,246,456,702,2,704,0,704,555,"1,259",55.92
桃園市楊梅區瑞溪里,桃園市,楊梅區,瑞溪里,412,230,388,618,0,618,0,618,652,"1,270",48.66
桃園市楊梅區瑞溪里,桃園市,楊梅區,瑞溪里,413,243,446,689,6,695,0,695,487,"1,182",58.8
桃園市楊梅區瑞溪里,桃園市,楊梅區,瑞溪里,414,201,370,571,5,576,0,576,530,"1,106",52.08
桃園市楊梅區裕成里,桃園市,楊梅區,裕成里,425,302,673,975,6,981,0,981,547,"1,528",64.2
桃園市楊梅區裕成里,桃園市,楊梅區,裕成里,426,321,636,957,3,960,0,960,597,"1,557",61.66
桃園市楊梅區裕新里,桃園市,楊梅區,裕新里,427,200,392,592,4,596,0,596,665,"1,261",47.26
桃園市楊梅區裕新里,桃園市,楊梅區,裕新里,428,252,472,724,2,726,0,726,514,"1,240",58.55
桃園市楊梅區頭湖里,桃園市,楊梅區,頭湖里,463,246,523,769,4,773,0,773,496,"1,269",60.91
桃園市楊梅區頭湖里,桃園市,楊梅區,頭湖里,464,303,538,841,6,847,0,847,867,"1,714",49.42
桃園市楊梅區豐野里,桃園市,楊梅區,豐野里,452,261,513,774,5,779,0,779,539,"1,318",59.1
桃園市楊梅區豐野里,桃園市,楊梅區,豐野里,453,239,423,662,6,668,0,668,510,"1,178",56.71
桃園市楊梅區豐野里,桃園市,楊梅區,豐野里,454,294,403,697,2,699,0,699,519,"1,218",57.39
桃園市楊梅區雙榮里,桃園市,楊梅區,雙榮里,481,379,607,986,5,991,0,991,605,"1,596",62.09
桃園市楊梅區雙榮里,桃園市,楊梅區,雙榮里,482,419,531,950,10,960,0,960,567,"1,527",62.87
桃園市龍潭區九龍里,桃園市,龍潭區,九龍里,1117,253,518,771,9,780,0,780,532,"1,312",59.45
桃園市龍潭區九龍里,桃園市,龍潭區,九龍里,1118,189,357,546,3,549,0,549,554,"1,103",49.77
桃園市龍潭區九龍里,桃園市,龍潭區,九龍里,1119,193,384,577,4,581,0,581,612,"1,193",48.7
桃園市龍潭區八德里,桃園市,龍潭區,八德里,1098,331,497,828,6,834,0,834,620,"1,454",57.36
桃園市龍潭區八德里,桃園市,龍潭區,八德里,1099,279,507,786,1,787,0,787,681,"1,468",53.61
桃園市龍潭區八德里,桃園市,龍潭區,八德里,1100,263,390,653,3,656,0,656,623,"1,279",51.29
桃園市龍潭區三水里,桃園市,龍潭區,三水里,1151,175,198,373,3,376,0,376,256,632,59.49
桃園市龍潭區三坑里,桃園市,龍潭區,三坑里,1134,371,464,835,5,840,0,840,669,"1,509",55.67
桃園市龍潭區三和里,桃園市,龍潭區,三和里,1148,175,256,431,0,431,0,431,349,780,55.26
桃園市龍潭區三林里,桃園市,龍潭區,三林里,1137,317,535,852,3,855,0,855,652,"1,507",56.74
桃園市龍潭區三林里,桃園市,龍潭區,三林里,1138,265,601,866,4,870,0,870,587,"1,457",59.71
桃園市龍潭區上林里,桃園市,龍潭區,上林里,1103,341,462,803,7,810,0,810,554,"1,364",59.38
桃園市龍潭區上林里,桃園市,龍潭區,上林里,1104,366,494,860,7,867,0,867,845,"1,712",50.64
桃園市龍潭區上林里,桃園市,龍潭區,上林里,1105,249,415,664,2,666,0,666,591,"1,257",52.98
桃園市龍潭區上華里,桃園市,龍潭區,上華里,1115,288,559,847,2,849,0,849,718,"1,567",54.18
桃園市龍潭區上華里,桃園市,龍潭區,上華里,1116,214,636,850,3,853,0,853,674,"1,527",55.86
桃園市龍潭區大平里,桃園市,龍潭區,大平里,1135,342,455,797,1,798,0,798,784,"1,582",50.44
桃園市龍潭區大平里,桃園市,龍潭區,大平里,1136,317,526,843,4,847,0,847,751,"1,598",53
桃園市龍潭區中山里,桃園市,龍潭區,中山里,1081,398,736,"1,134",5,"1,139",0,"1,139",681,"1,820",62.58
桃園市龍潭區中山里,桃園市,龍潭區,中山里,1082,374,567,941,3,944,0,944,669,"1,613",58.52
桃園市龍潭區中山里,桃園市,龍潭區,中山里,1083,303,491,794,1,795,0,795,"1,215","2,010",39.55
桃園市龍潭區中山里,桃園市,龍潭區,中山里,1084,212,378,590,3,593,0,593,435,"1,028",57.68
桃園市龍潭區中正里,桃園市,龍潭區,中正里,1111,285,540,825,3,828,0,828,566,"1,394",59.4
桃園市龍潭區中正里,桃園市,龍潭區,中正里,1112,258,515,773,4,777,0,777,656,"1,433",54.22
桃園市龍潭區中正里,桃園市,龍潭區,中正里,1113,221,523,744,1,745,0,745,583,"1,328",56.1
桃園市龍潭區中正里,桃園市,龍潭區,中正里,1114,250,489,739,3,742,0,742,582,"1,324",56.04
桃園市龍潭區中興里,桃園市,龍潭區,中興里,1126,194,478,672,9,681,0,681,516,"1,197",56.89
桃園市龍潭區中興里,桃園市,龍潭區,中興里,1127,231,477,708,4,712,0,712,604,"1,316",54.1
桃園市龍潭區中興里,桃園市,龍潭區,中興里,1128,258,485,743,0,743,0,743,699,"1,442",51.53
桃園市龍潭區北興里,桃園市,龍潭區,北興里,1129,222,396,618,7,625,0,625,514,"1,139",54.87
桃園市龍潭區北興里,桃園市,龍潭區,北興里,1130,119,382,501,4,505,0,505,417,922,54.77
桃園市龍潭區永興里,桃園市,龍潭區,永興里,1079,259,388,647,6,653,0,653,533,"1,186",55.06
桃園市龍潭區永興里,桃園市,龍潭區,永興里,1080,295,456,751,3,754,0,754,629,"1,383",54.52
桃園市龍潭區百年里,桃園市,龍潭區,百年里,1090,225,725,950,6,956,0,956,605,"1,561",61.24
桃園市龍潭區百年里,桃園市,龍潭區,百年里,1091,277,627,904,1,905,0,905,651,"1,556",58.16
桃園市龍潭區百年里,桃園市,龍潭區,百年里,1092,193,514,707,3,710,0,710,429,"1,139",62.34
桃園市龍潭區佳安里,桃園市,龍潭區,佳安里,1131,261,370,631,4,635,0,635,451,"1,086",58.47
桃園市龍潭區佳安里,桃園市,龍潭區,佳安里,1132,149,487,636,4,640,0,640,500,"1,140",56.14
桃園市龍潭區佳安里,桃園市,龍潭區,佳安里,1133,167,464,631,4,635,0,635,445,"1,080",58.8
桃園市龍潭區東興里,桃園市,龍潭區,東興里,1123,135,428,563,11,574,0,574,614,"1,188",48.32
桃園市龍潭區東興里,桃園市,龍潭區,東興里,1124,195,464,659,2,661,0,661,535,"1,196",55.27
桃園市龍潭區東興里,桃園市,龍潭區,東興里,1125,254,466,720,2,722,0,722,483,"1,205",59.92
桃園市龍潭區武漢里,桃園市,龍潭區,武漢里,1120,240,529,769,3,772,0,772,621,"1,393",55.42
桃園市龍潭區建林里,桃園市,龍潭區,建林里,1139,266,729,995,7,"1,002",0,"1,002",673,"1,675",59.82
桃園市龍潭區建林里,桃園市,龍潭區,建林里,1140,287,809,"1,096",4,"1,100",0,"1,100",652,"1,752",62.79
桃園市龍潭區凌雲里,桃園市,龍潭區,凌雲里,1093,244,419,663,3,666,0,666,478,"1,144",58.22
桃園市龍潭區凌雲里,桃園市,龍潭區,凌雲里,1094,191,397,588,1,589,0,589,604,"1,193",49.37
桃園市龍潭區凌雲里,桃園市,龍潭區,凌雲里,1095,246,419,665,5,670,0,670,608,"1,278",52.43
桃園市龍潭區烏林里,桃園市,龍潭區,烏林里,1087,297,404,701,3,704,0,704,694,"1,398",50.36
桃園市龍潭區烏林里,桃園市,龍潭區,烏林里,1088,255,522,777,7,784,0,784,694,"1,478",53.04
桃園市龍潭區烏林里,桃園市,龍潭區,烏林里,1089,272,566,838,5,843,0,843,783,"1,626",51.85
桃園市龍潭區烏樹林里,桃園市,龍潭區,烏樹林里,1085,257,388,645,3,648,0,648,632,"1,280",50.63
桃園市龍潭區烏樹林里,桃園市,龍潭區,烏樹林里,1086,300,429,729,2,731,0,731,562,"1,293",56.54
桃園市龍潭區高平里,桃園市,龍潭區,高平里,1143,346,500,846,3,849,0,849,736,"1,585",53.56
桃園市龍潭區高平里,桃園市,龍潭區,高平里,1144,321,473,794,6,800,0,800,656,"1,456",54.95
桃園市龍潭區高原里,桃園市,龍潭區,高原里,1145,333,414,747,2,749,0,749,618,"1,367",54.79
桃園市龍潭區高原里,桃園市,龍潭區,高原里,1146,269,372,641,6,647,0,647,635,"1,282",50.47
桃園市龍潭區高原里,桃園市,龍潭區,高原里,1147,252,481,733,6,739,0,739,702,"1,441",51.28
桃園市龍潭區祥和里,桃園市,龍潭區,祥和里,1121,159,236,395,3,398,0,398,406,804,49.5
桃園市龍潭區祥和里,桃園市,龍潭區,祥和里,1122,169,288,457,6,463,0,463,391,854,54.22
桃園市龍潭區富林里,桃園市,龍潭區,富林里,1141,241,622,863,7,870,0,870,721,"1,591",54.68
桃園市龍潭區富林里,桃園市,龍潭區,富林里,1142,269,657,926,1,927,0,927,640,"1,567",59.16
桃園市龍潭區渴望里,桃園市,龍潭區,渴望里,1149,234,517,751,1,752,0,752,486,"1,238",60.74
桃園市龍潭區渴望里,桃園市,龍潭區,渴望里,1150,202,419,621,1,622,0,622,470,"1,092",56.96
桃園市龍潭區黃唐里,桃園市,龍潭區,黃唐里,1076,361,586,947,3,950,0,950,766,"1,716",55.36
桃園市龍潭區黃唐里,桃園市,龍潭區,黃唐里,1077,271,504,775,2,777,0,777,602,"1,379",56.35
桃園市龍潭區黃唐里,桃園市,龍潭區,黃唐里,1078,291,487,778,5,783,0,783,647,"1,430",54.76
桃園市龍潭區聖德里,桃園市,龍潭區,聖德里,1101,337,387,724,3,727,0,727,603,"1,330",54.66
桃園市龍潭區聖德里,桃園市,龍潭區,聖德里,1102,324,460,784,4,788,0,788,668,"1,456",54.12
桃園市龍潭區龍星里,桃園市,龍潭區,龍星里,1108,276,602,878,2,880,0,880,616,"1,496",58.82
桃園市龍潭區龍星里,桃園市,龍潭區,龍星里,1109,288,460,748,3,751,0,751,527,"1,278",58.76
桃園市龍潭區龍星里,桃園市,龍潭區,龍星里,1110,294,423,717,3,720,0,720,487,"1,207",59.65
桃園市龍潭區龍祥里,桃園市,龍潭區,龍祥里,1096,322,551,873,0,873,0,873,706,"1,579",55.29
桃園市龍潭區龍祥里,桃園市,龍潭區,龍祥里,1097,278,628,906,4,910,1,911,766,"1,677",54.26
桃園市龍潭區龍潭里,桃園市,龍潭區,龍潭里,1106,206,300,506,0,506,0,506,326,832,60.82
桃園市龍潭區龍潭里,桃園市,龍潭區,龍潭里,1107,215,289,504,2,506,0,506,353,859,58.91
桃園市龜山區大同里,桃園市,龜山區,大同里,99,370,509,879,3,882,0,882,702,"1,584",55.68
桃園市龜山區大同里,桃園市,龜山區,大同里,100,342,418,760,4,764,0,764,572,"1,336",57.19
桃園市龜山區大同里,桃園市,龜山區,大同里,101,392,404,796,1,797,0,797,666,"1,463",54.48
桃園市龜山區大同里,桃園市,龜山區,大同里,102,378,475,853,6,859,1,860,630,"1,490",57.65
桃園市龜山區大坑里,桃園市,龜山區,大坑里,103,255,244,499,4,503,0,503,398,901,55.83
桃園市龜山區大坑里,桃園市,龜山區,大坑里,104,258,211,469,1,470,0,470,436,906,51.88
桃園市龜山區大崗里,桃園市,龜山區,大崗里,105,342,386,728,2,730,0,730,609,"1,339",54.52
桃園市龜山區大崗里,桃園市,龜山區,大崗里,106,364,392,756,2,758,2,760,664,"1,424",53.23
桃園市龜山區大崗里,桃園市,龜山區,大崗里,107,254,351,605,4,609,0,609,595,"1,204",50.58
桃園市龜山區大湖里,桃園市,龜山區,大湖里,108,425,519,944,1,945,0,945,798,"1,743",54.22
桃園市龜山區大湖里,桃園市,龜山區,大湖里,109,324,408,732,6,738,0,738,745,"1,483",49.76
桃園市龜山區大湖里,桃園市,龜山區,大湖里,110,310,335,645,1,646,0,646,654,"1,300",49.69
桃園市龜山區大湖里,桃園市,龜山區,大湖里,111,310,424,734,6,740,0,740,663,"1,403",52.74
桃園市龜山區大華里,桃園市,龜山區,大華里,112,335,398,733,2,735,0,735,609,"1,344",54.69
桃園市龜山區大華里,桃園市,龜山區,大華里,113,352,420,772,4,776,0,776,705,"1,481",52.4
桃園市龜山區大華里,桃園市,龜山區,大華里,114,343,463,806,7,813,0,813,669,"1,482",54.86
桃園市龜山區大華里,桃園市,龜山區,大華里,115,370,399,769,6,775,0,775,647,"1,422",54.5
桃園市龜山區大華里,桃園市,龜山區,大華里,116,365,363,728,2,730,0,730,649,"1,379",52.94
桃園市龜山區大華里,桃園市,龜山區,大華里,117,331,421,752,7,759,0,759,665,"1,424",53.3
桃園市龜山區山頂里,桃園市,龜山區,山頂里,118,381,465,846,5,851,0,851,825,"1,676",50.78
桃園市龜山區山頂里,桃園市,龜山區,山頂里,119,353,460,813,6,819,0,819,911,"1,730",47.34
桃園市龜山區山頂里,桃園市,龜山區,山頂里,120,380,582,962,4,966,0,966,661,"1,627",59.37
桃園市龜山區山福里,桃園市,龜山區,山福里,121,445,462,907,8,915,0,915,726,"1,641",55.76
桃園市龜山區山福里,桃園市,龜山區,山福里,122,319,418,737,4,741,0,741,591,"1,332",55.63
桃園市龜山區山德里,桃園市,龜山區,山德里,123,367,491,858,9,867,0,867,628,"1,495",57.99
桃園市龜山區山德里,桃園市,龜山區,山德里,124,449,439,888,7,895,0,895,624,"1,519",58.92
桃園市龜山區山德里,桃園市,龜山區,山德里,125,359,454,813,6,819,0,819,654,"1,473",55.6
桃園市龜山區中興里,桃園市,龜山區,中興里,126,348,412,760,7,767,0,767,649,"1,416",54.17
桃園市龜山區中興里,桃園市,龜山區,中興里,127,432,384,816,2,818,0,818,613,"1,431",57.16
桃園市龜山區中興里,桃園市,龜山區,中興里,128,357,507,864,2,866,0,866,683,"1,549",55.91
桃園市龜山區公西里,桃園市,龜山區,公西里,129,356,353,709,7,716,0,716,513,"1,229",58.26
桃園市龜山區文化里,桃園市,龜山區,文化里,130,466,430,896,9,905,0,905,700,"1,605",56.39
桃園市龜山區文化里,桃園市,龜山區,文化里,131,414,497,911,3,914,0,914,716,"1,630",56.07
桃園市龜山區文化里,桃園市,龜山區,文化里,132,398,519,917,2,919,0,919,725,"1,644",55.9
桃園市龜山區文化里,桃園市,龜山區,文化里,133,316,494,810,2,812,0,812,"1,016","1,828",44.42
桃園市龜山區文化里,桃園市,龜山區,文化里,134,416,501,917,3,920,0,920,730,"1,650",55.76
桃園市龜山區文青里,桃園市,龜山區,文青里,135,422,475,897,2,899,0,899,680,"1,579",56.93
桃園市龜山區文青里,桃園市,龜山區,文青里,136,401,548,949,8,957,0,957,829,"1,786",53.58
桃園市龜山區文青里,桃園市,龜山區,文青里,137,395,530,925,3,928,0,928,768,"1,696",54.72
桃園市龜山區文青里,桃園市,龜山區,文青里,138,363,512,875,2,877,0,877,651,"1,528",57.4
桃園市龜山區文青里,桃園市,龜山區,文青里,139,339,479,818,4,822,0,822,704,"1,526",53.87
桃園市龜山區文青里,桃園市,龜山區,文青里,140,409,541,950,9,959,0,959,746,"1,705",56.25
桃園市龜山區兔坑里,桃園市,龜山區,兔坑里,141,208,214,422,1,423,0,423,303,726,58.26
桃園市龜山區兔坑里,桃園市,龜山區,兔坑里,142,234,292,526,3,529,0,529,429,958,55.22
桃園市龜山區兔坑里,桃園市,龜山區,兔坑里,143,226,297,523,2,525,0,525,549,"1,074",48.88
桃園市龜山區兔坑里,桃園市,龜山區,兔坑里,144,235,291,526,4,530,0,530,552,"1,082",48.98
桃園市龜山區幸福里,桃園市,龜山區,幸福里,145,305,443,748,7,755,0,755,742,"1,497",50.43
桃園市龜山區幸福里,桃園市,龜山區,幸福里,146,312,443,755,8,763,0,763,730,"1,493",51.11
桃園市龜山區幸福里,桃園市,龜山區,幸福里,147,290,397,687,3,690,0,690,725,"1,415",48.76
桃園市龜山區長庚里,桃園市,龜山區,長庚里,148,419,372,791,0,791,0,791,659,"1,450",54.55
桃園市龜山區長庚里,桃園市,龜山區,長庚里,149,369,364,733,1,734,0,734,609,"1,343",54.65
桃園市龜山區長庚里,桃園市,龜山區,長庚里,150,585,807,"1,392",3,"1,395",0,"1,395","1,331","2,726",51.17
桃園市龜山區南上里,桃園市,龜山區,南上里,151,530,526,"1,056",4,"1,060",0,"1,060",721,"1,781",59.52
桃園市龜山區南美里,桃園市,龜山區,南美里,152,256,335,591,9,600,0,600,505,"1,105",54.3
桃園市龜山區南美里,桃園市,龜山區,南美里,153,301,363,664,6,670,0,670,424,"1,094",61.24
桃園市龜山區迴龍里,桃園市,龜山區,迴龍里,154,205,259,464,3,467,0,467,454,921,50.71
桃園市龜山區迴龍里,桃園市,龜山區,迴龍里,155,268,221,489,1,490,0,490,403,893,54.87
桃園市龜山區迴龍里,桃園市,龜山區,迴龍里,156,275,403,678,4,682,0,682,604,"1,286",53.03
桃園市龜山區迴龍里,桃園市,龜山區,迴龍里,157,290,397,687,6,693,0,693,722,"1,415",48.98
桃園市龜山區迴龍里,桃園市,龜山區,迴龍里,158,286,375,661,6,667,0,667,651,"1,318",50.61
桃園市龜山區陸光里,桃園市,龜山區,陸光里,159,131,901,"1,032",3,"1,035",0,"1,035",599,"1,634",63.34
桃園市龜山區陸光里,桃園市,龜山區,陸光里,160,151,997,"1,148",3,"1,151",0,"1,151",597,"1,748",65.85
桃園市龜山區新路里,桃園市,龜山區,新路里,161,297,426,723,4,727,0,727,564,"1,291",56.31
桃園市龜山區新路里,桃園市,龜山區,新路里,162,299,326,625,5,630,0,630,488,"1,118",56.35
桃園市龜山區新路里,桃園市,龜山區,新路里,163,276,326,602,6,608,0,608,502,"1,110",54.77
桃園市龜山區新路里,桃園市,龜山區,新路里,164,381,415,796,6,802,0,802,484,"1,286",62.36
桃園市龜山區新興里,桃園市,龜山區,新興里,165,290,722,"1,012",8,"1,020",0,"1,020",753,"1,773",57.53
桃園市龜山區新興里,桃園市,龜山區,新興里,166,171,182,353,3,356,0,356,"1,229","1,585",22.46
桃園市龜山區新嶺里,桃園市,龜山區,新嶺里,167,235,343,578,3,581,0,581,496,"1,077",53.95
桃園市龜山區新嶺里,桃園市,龜山區,新嶺里,168,172,243,415,2,417,0,417,432,849,49.12
桃園市龜山區新嶺里,桃園市,龜山區,新嶺里,169,403,445,848,3,851,0,851,755,"1,606",52.99
桃園市龜山區楓福里,桃園市,龜山區,楓福里,170,473,651,"1,124",1,"1,125",0,"1,125",695,"1,820",61.81
桃園市龜山區楓福里,桃園市,龜山區,楓福里,171,360,509,869,5,874,0,874,557,"1,431",61.08
桃園市龜山區楓樹里,桃園市,龜山區,楓樹里,172,330,406,736,1,737,0,737,411,"1,148",64.2
桃園市龜山區楓樹里,桃園市,龜山區,楓樹里,173,370,313,683,2,685,0,685,530,"1,215",56.38
桃園市龜山區楓樹里,桃園市,龜山區,楓樹里,174,357,444,801,5,806,0,806,549,"1,355",59.48
桃園市龜山區福源里,桃園市,龜山區,福源里,175,298,469,767,4,771,0,771,545,"1,316",58.59
桃園市龜山區福源里,桃園市,龜山區,福源里,176,99,142,241,1,242,0,242,173,415,58.31
桃園市龜山區精忠里,桃園市,龜山區,精忠里,177,137,806,943,6,949,0,949,569,"1,518",62.52
桃園市龜山區精忠里,桃園市,龜山區,精忠里,178,281,607,888,7,895,0,895,707,"1,602",55.87
桃園市龜山區精忠里,桃園市,龜山區,精忠里,179,455,554,"1,009",1,"1,010",0,"1,010",869,"1,879",53.75
桃園市龜山區樂善里,桃園市,龜山區,樂善里,180,343,417,760,3,763,0,763,779,"1,542",49.48
桃園市龜山區樂善里,桃園市,龜山區,樂善里,181,418,489,907,3,910,0,910,792,"1,702",53.47
桃園市龜山區樂善里,桃園市,龜山區,樂善里,182,385,397,782,4,786,0,786,826,"1,612",48.76
桃園市龜山區樂善里,桃園市,龜山區,樂善里,183,337,413,750,10,760,0,760,720,"1,480",51.35
桃園市龜山區樂善里,桃園市,龜山區,樂善里,184,515,650,"1,165",6,"1,171",0,"1,171","1,003","2,174",53.86
桃園市龜山區樂善里,桃園市,龜山區,樂善里,185,305,405,710,3,713,0,713,806,"1,519",46.94
桃園市龜山區樂善里,桃園市,龜山區,樂善里,186,405,496,901,1,902,0,902,801,"1,703",52.97
桃園市龜山區樂善里,桃園市,龜山區,樂善里,187,288,477,765,5,770,0,770,836,"1,606",47.95
桃園市龜山區樂善里,桃園市,龜山區,樂善里,188,493,684,"1,177",6,"1,183",0,"1,183","1,361","2,544",46.5
桃園市龜山區龍華里,桃園市,龜山區,龍華里,189,490,494,984,2,986,0,986,889,"1,875",52.59
桃園市龜山區龍華里,桃園市,龜山區,龍華里,190,344,410,754,1,755,0,755,718,"1,473",51.26
桃園市龜山區龍壽里,桃園市,龜山區,龍壽里,191,520,274,794,2,796,0,796,784,"1,580",50.38
桃園市龜山區龜山里,桃園市,龜山區,龜山里,192,276,343,619,3,622,0,622,443,"1,065",58.4
桃園市龜山區龜山里,桃園市,龜山區,龜山里,193,316,352,668,3,671,0,671,525,"1,196",56.1
桃園市龜山區龜山里,桃園市,龜山區,龜山里,194,443,396,839,1,840,0,840,555,"1,395",60.22
桃園市龜山區龜山里,桃園市,龜山區,龜山里,195,306,379,685,3,688,0,688,654,"1,342",51.27
桃園市龜山區龜山里,桃園市,龜山區,龜山里,196,318,341,659,1,660,0,660,610,"1,270",51.97
桃園市龜山區嶺頂里,桃園市,龜山區,嶺頂里,197,306,300,606,3,609,0,609,555,"1,164",52.32
桃園市龜山區嶺頂里,桃園市,龜山區,嶺頂里,198,275,261,536,4,540,0,540,624,"1,164",46.39
桃園市龜山區嶺頂里,桃園市,龜山區,嶺頂里,199,368,395,763,3,766,0,766,631,"1,397",54.83
桃園市龜山區舊路里,桃園市,龜山區,舊路里,200,368,623,991,16,"1,007",0,"1,007",751,"1,758",57.28
桃園市龜山區舊路里,桃園市,龜山區,舊路里,201,315,228,543,6,549,0,549,398,947,57.97
桃園市蘆竹區上竹里,桃園市,蘆竹區,上竹里,16,296,322,618,4,622,0,622,518,"1,140",54.56
桃園市蘆竹區上竹里,桃園市,蘆竹區,上竹里,17,287,337,624,2,626,0,626,461,"1,087",57.59
桃園市蘆竹區上竹里,桃園市,蘆竹區,上竹里,18,304,322,626,3,629,0,629,511,"1,140",55.18
桃園市蘆竹區上興里,桃園市,蘆竹區,上興里,6,493,545,"1,038",4,"1,042",0,"1,042",687,"1,729",60.27
桃園市蘆竹區上興里,桃園市,蘆竹區,上興里,7,428,605,"1,033",2,"1,035",0,"1,035",762,"1,797",57.6
桃園市蘆竹區大竹里,桃園市,蘆竹區,大竹里,21,338,409,747,5,752,0,752,589,"1,341",56.08
桃園市蘆竹區大竹里,桃園市,蘆竹區,大竹里,22,393,481,874,2,876,0,876,627,"1,503",58.28
桃園市蘆竹區大竹里,桃園市,蘆竹區,大竹里,23,312,414,726,3,729,0,729,549,"1,278",57.04
桃園市蘆竹區大竹里,桃園市,蘆竹區,大竹里,24,370,402,772,6,778,0,778,563,"1,341",58.02
桃園市蘆竹區山腳里,桃園市,蘆竹區,山腳里,88,346,256,602,4,606,0,606,497,"1,103",54.94
桃園市蘆竹區山腳里,桃園市,蘆竹區,山腳里,89,346,267,613,1,614,0,614,525,"1,139",53.91
桃園市蘆竹區山腳里,桃園市,蘆竹區,山腳里,90,314,262,576,3,579,0,579,478,"1,057",54.78
桃園市蘆竹區山鼻里,桃園市,蘆竹區,山鼻里,86,452,456,908,6,914,0,914,765,"1,679",54.44
桃園市蘆竹區山鼻里,桃園市,蘆竹區,山鼻里,87,467,575,"1,042",6,"1,048",0,"1,048",976,"2,024",51.78
桃園市蘆竹區中山里,桃園市,蘆竹區,中山里,62,432,558,990,4,994,0,994,768,"1,762",56.41
桃園市蘆竹區中山里,桃園市,蘆竹區,中山里,63,363,482,845,3,848,0,848,761,"1,609",52.7
桃園市蘆竹區中福里,桃園市,蘆竹區,中福里,3,458,313,771,6,777,0,777,607,"1,384",56.14
桃園市蘆竹區中福里,桃園市,蘆竹區,中福里,4,420,306,726,4,730,0,730,553,"1,283",56.9
桃園市蘆竹區中福里,桃園市,蘆竹區,中福里,5,353,308,661,3,664,0,664,471,"1,135",58.5
桃園市蘆竹區中興里,桃園市,蘆竹區,中興里,8,406,460,866,2,868,0,868,607,"1,475",58.85
桃園市蘆竹區中興里,桃園市,蘆竹區,中興里,9,288,346,634,2,636,0,636,564,"1,200",53
桃園市蘆竹區中興里,桃園市,蘆竹區,中興里,10,227,360,587,3,590,0,590,534,"1,124",52.49
桃園市蘆竹區中興里,桃園市,蘆竹區,中興里,11,397,489,886,3,889,0,889,599,"1,488",59.74
桃園市蘆竹區五福里,桃園市,蘆竹區,五福里,60,318,409,727,6,733,0,733,433,"1,166",62.86
桃園市蘆竹區五福里,桃園市,蘆竹區,五福里,61,250,354,604,3,607,0,607,485,"1,092",55.59
桃園市蘆竹區內厝里,桃園市,蘆竹區,內厝里,84,276,208,484,2,486,0,486,840,"1,326",36.65
桃園市蘆竹區內厝里,桃園市,蘆竹區,內厝里,85,345,297,642,3,645,0,645,439,"1,084",59.5
桃園市蘆竹區外社里,桃園市,蘆竹區,外社里,91,504,265,769,3,772,0,772,632,"1,404",54.99
桃園市蘆竹區正興里,桃園市,蘆竹區,正興里,38,383,381,764,6,770,0,770,691,"1,461",52.7
桃園市蘆竹區正興里,桃園市,蘆竹區,正興里,39,380,430,810,2,812,0,812,729,"1,541",52.69
桃園市蘆竹區正興里,桃園市,蘆竹區,正興里,40,290,371,661,1,662,0,662,639,"1,301",50.88
桃園市蘆竹區瓦窯里,桃園市,蘆竹區,瓦窯里,81,195,261,456,4,460,0,460,457,917,50.16
桃園市蘆竹區瓦窯里,桃園市,蘆竹區,瓦窯里,82,198,255,453,0,453,0,453,314,767,59.06
桃園市蘆竹區瓦窯里,桃園市,蘆竹區,瓦窯里,83,324,595,919,4,923,0,923,822,"1,745",52.89
桃園市蘆竹區吉祥里,桃園市,蘆竹區,吉祥里,69,300,387,687,4,691,0,691,558,"1,249",55.32
桃園市蘆竹區吉祥里,桃園市,蘆竹區,吉祥里,70,316,464,780,2,782,0,782,471,"1,253",62.41
桃園市蘆竹區吉祥里,桃園市,蘆竹區,吉祥里,71,304,377,681,6,687,0,687,567,"1,254",54.78
桃園市蘆竹區羊稠里,桃園市,蘆竹區,羊稠里,66,464,473,937,6,943,0,943,757,"1,700",55.47
桃園市蘆竹區羊稠里,桃園市,蘆竹區,羊稠里,67,350,498,848,4,852,0,852,676,"1,528",55.76
桃園市蘆竹區羊稠里,桃園市,蘆竹區,羊稠里,68,342,370,712,2,714,0,714,592,"1,306",54.67
桃園市蘆竹區坑口里,桃園市,蘆竹區,坑口里,93,262,254,516,2,518,0,518,376,894,57.94
桃園市蘆竹區坑口里,桃園市,蘆竹區,坑口里,94,330,273,603,1,604,0,604,498,"1,102",54.81
桃園市蘆竹區坑子里,桃園市,蘆竹區,坑子里,92,534,284,818,6,824,0,824,703,"1,527",53.96
桃園市蘆竹區宏竹里,桃園市,蘆竹區,宏竹里,19,439,362,801,10,811,0,811,635,"1,446",56.09
桃園市蘆竹區宏竹里,桃園市,蘆竹區,宏竹里,20,438,408,846,5,851,0,851,610,"1,461",58.25
桃園市蘆竹區長壽里,桃園市,蘆竹區,長壽里,72,356,446,802,5,807,0,807,693,"1,500",53.8
桃園市蘆竹區長壽里,桃園市,蘆竹區,長壽里,73,250,424,674,5,679,0,679,541,"1,220",55.66
桃園市蘆竹區長壽里,桃園市,蘆竹區,長壽里,74,289,419,708,7,715,0,715,548,"1,263",56.61
桃園市蘆竹區長壽里,桃園市,蘆竹區,長壽里,75,338,509,847,4,851,0,851,506,"1,357",62.71
桃園市蘆竹區長興里,桃園市,蘆竹區,長興里,58,306,300,606,1,607,0,607,464,"1,071",56.68
桃園市蘆竹區長興里,桃園市,蘆竹區,長興里,59,286,352,638,3,641,0,641,785,"1,426",44.95
桃園市蘆竹區南崁里,桃園市,蘆竹區,南崁里,48,324,332,656,8,664,0,664,484,"1,148",57.84
桃園市蘆竹區南崁里,桃園市,蘆竹區,南崁里,49,375,361,736,4,740,0,740,535,"1,275",58.04
桃園市蘆竹區南崁里,桃園市,蘆竹區,南崁里,50,289,374,663,2,665,0,665,579,"1,244",53.46
桃園市蘆竹區南榮里,桃園市,蘆竹區,南榮里,45,349,330,679,3,682,0,682,626,"1,308",52.14
桃園市蘆竹區南榮里,桃園市,蘆竹區,南榮里,46,362,362,724,2,726,0,726,513,"1,239",58.6
桃園市蘆竹區南榮里,桃園市,蘆竹區,南榮里,47,265,348,613,2,615,0,615,420,"1,035",59.42
桃園市蘆竹區南興里,桃園市,蘆竹區,南興里,29,263,393,656,4,660,0,660,529,"1,189",55.51
桃園市蘆竹區南興里,桃園市,蘆竹區,南興里,30,304,424,728,2,730,0,730,595,"1,325",55.09
桃園市蘆竹區南興里,桃園市,蘆竹區,南興里,31,359,404,763,7,770,0,770,583,"1,353",56.91
桃園市蘆竹區南興里,桃園市,蘆竹區,南興里,32,321,441,762,4,766,0,766,608,"1,374",55.75
桃園市蘆竹區海湖里,桃園市,蘆竹區,海湖里,95,236,334,570,4,574,0,574,673,"1,247",46.03
桃園市蘆竹區海湖里,桃園市,蘆竹區,海湖里,96,307,354,661,6,667,0,667,604,"1,271",52.48
桃園市蘆竹區富竹里,桃園市,蘆竹區,富竹里,25,546,348,894,6,900,0,900,621,"1,521",59.17
桃園市蘆竹區順興里,桃園市,蘆竹區,順興里,41,403,498,901,2,903,0,903,678,"1,581",57.12
桃園市蘆竹區順興里,桃園市,蘆竹區,順興里,42,289,405,694,6,700,0,700,625,"1,325",52.83
桃園市蘆竹區順興里,桃園市,蘆竹區,順興里,43,279,333,612,3,615,0,615,483,"1,098",56.01
桃園市蘆竹區新莊里,桃園市,蘆竹區,新莊里,12,498,510,"1,008",4,"1,012",0,"1,012",746,"1,758",57.57
桃園市蘆竹區新莊里,桃園市,蘆竹區,新莊里,13,352,320,672,2,674,0,674,465,"1,139",59.17
桃園市蘆竹區新莊里,桃園市,蘆竹區,新莊里,14,313,280,593,5,598,0,598,450,"1,048",57.06
桃園市蘆竹區新莊里,桃園市,蘆竹區,新莊里,15,288,310,598,3,601,0,601,436,"1,037",57.96
桃園市蘆竹區新興里,桃園市,蘆竹區,新興里,1,484,371,855,2,857,0,857,635,"1,492",57.44
桃園市蘆竹區新興里,桃園市,蘆竹區,新興里,2,418,322,740,3,743,0,743,578,"1,321",56.25
桃園市蘆竹區福昌里,桃園市,蘆竹區,福昌里,33,374,557,931,7,938,0,938,840,"1,778",52.76
桃園市蘆竹區福昌里,桃園市,蘆竹區,福昌里,34,372,525,897,4,901,0,901,743,"1,644",54.81
桃園市蘆竹區福昌里,桃園市,蘆竹區,福昌里,35,411,530,941,1,942,0,942,653,"1,595",59.06
桃園市蘆竹區福祿里,桃園市,蘆竹區,福祿里,64,388,404,792,1,793,0,793,625,"1,418",55.92
桃園市蘆竹區福祿里,桃園市,蘆竹區,福祿里,65,358,517,875,4,879,0,879,766,"1,645",53.43
桃園市蘆竹區福興里,桃園市,蘆竹區,福興里,36,395,563,958,3,961,0,961,724,"1,685",57.03
桃園市蘆竹區福興里,桃園市,蘆竹區,福興里,37,415,515,930,1,931,0,931,875,"1,806",51.55
桃園市蘆竹區興榮里,桃園市,蘆竹區,興榮里,54,345,418,763,8,771,0,771,601,"1,372",56.2
桃園市蘆竹區興榮里,桃園市,蘆竹區,興榮里,55,355,472,827,3,830,0,830,517,"1,347",61.62
桃園市蘆竹區錦中里,桃園市,蘆竹區,錦中里,56,412,394,806,8,814,0,814,598,"1,412",57.65
桃園市蘆竹區錦中里,桃園市,蘆竹區,錦中里,57,419,538,957,5,962,0,962,773,"1,735",55.45
桃園市蘆竹區錦興里,桃園市,蘆竹區,錦興里,51,378,388,766,11,777,0,777,520,"1,297",59.91
桃園市蘆竹區錦興里,桃園市,蘆竹區,錦興里,52,322,335,657,8,665,0,665,459,"1,124",59.16
桃園市蘆竹區錦興里,桃園市,蘆竹區,錦興里,53,394,477,871,4,875,0,875,561,"1,436",60.93
桃園市蘆竹區濱海里,桃園市,蘆竹區,濱海里,97,244,307,551,4,555,0,555,551,"1,106",50.18
桃園市蘆竹區濱海里,桃園市,蘆竹區,濱海里,98,262,296,558,5,563,0,563,587,"1,150",48.96
桃園市蘆竹區營福里,桃園市,蘆竹區,營福里,79,341,408,749,6,755,1,756,732,"1,488",50.74
桃園市蘆竹區營福里,桃園市,蘆竹區,營福里,80,391,530,921,2,923,0,923,738,"1,661",55.57
桃園市蘆竹區營盤里,桃園市,蘆竹區,營盤里,76,356,489,845,1,846,0,846,588,"1,434",59
桃園市蘆竹區營盤里,桃園市,蘆竹區,營盤里,77,374,579,953,3,956,0,956,728,"1,684",56.77
桃園市蘆竹區營盤里,桃園市,蘆竹區,營盤里,78,395,480,875,5,880,0,880,783,"1,663",52.92
桃園市蘆竹區蘆竹里,桃園市,蘆竹區,蘆竹里,26,349,236,585,3,588,0,588,428,"1,016",57.87
桃園市蘆竹區蘆竹里,桃園市,蘆竹區,蘆竹里,27,424,361,785,4,789,0,789,529,"1,318",59.86
桃園市蘆竹區蘆竹里,桃園市,蘆竹區,蘆竹里,28,432,337,769,4,773,0,773,568,"1,341",57.64
桃園市蘆竹區蘆興里,桃園市,蘆竹區,蘆興里,44,392,456,848,9,857,0,857,683,"1,540",55.65
桃園市觀音區三和里,桃園市,觀音區,三和里,314,227,218,445,3,448,0,448,347,795,56.35
桃園市觀音區上大里,桃園市,觀音區,上大里,332,322,410,732,2,734,0,734,612,"1,346",54.53
桃園市觀音區上大里,桃園市,觀音區,上大里,333,302,373,675,3,678,0,678,565,"1,243",54.55
桃園市觀音區大同里,桃園市,觀音區,大同里,322,435,387,822,6,828,0,828,665,"1,493",55.46
桃園市觀音區大同里,桃園市,觀音區,大同里,323,379,359,738,6,744,0,744,708,"1,452",51.24
桃園市觀音區大堀里,桃園市,觀音區,大堀里,324,398,389,787,5,792,0,792,738,"1,530",51.76
桃園市觀音區大潭里,桃園市,觀音區,大潭里,309,275,282,557,3,560,0,560,551,"1,111",50.41
桃園市觀音區大潭里,桃園市,觀音區,大潭里,310,192,357,549,2,551,0,551,562,"1,113",49.51
桃園市觀音區白玉里,桃園市,觀音區,白玉里,307,189,270,459,7,466,0,466,361,827,56.35
桃園市觀音區坑尾里,桃園市,觀音區,坑尾里,316,242,262,504,4,508,0,508,541,"1,049",48.43
桃園市觀音區坑尾里,桃園市,觀音區,坑尾里,317,166,254,420,1,421,0,421,425,846,49.76
桃園市觀音區武威里,桃園市,觀音區,武威里,313,242,288,530,2,532,0,532,386,918,57.95
桃園市觀音區金湖里,桃園市,觀音區,金湖里,318,285,351,636,5,641,0,641,620,"1,261",50.83
桃園市觀音區金湖里,桃園市,觀音區,金湖里,319,297,350,647,4,651,0,651,699,"1,350",48.22
桃園市觀音區保生里,桃園市,觀音區,保生里,311,200,281,481,0,481,0,481,513,994,48.39
桃園市觀音區保生里,桃園市,觀音區,保生里,312,292,283,575,4,579,0,579,452,"1,031",56.16
桃園市觀音區保障里,桃園市,觀音區,保障里,339,288,231,519,3,522,0,522,488,"1,010",51.68
桃園市觀音區保障里,桃園市,觀音區,保障里,340,312,236,548,7,555,0,555,414,969,57.28
桃園市觀音區草新里,桃園市,觀音區,草新里,344,369,463,832,3,835,0,835,719,"1,554",53.73
桃園市觀音區草新里,桃園市,觀音區,草新里,345,355,458,813,4,817,0,817,775,"1,592",51.32
桃園市觀音區草新里,桃園市,觀音區,草新里,346,304,458,762,6,768,0,768,803,"1,571",48.89
桃園市觀音區草新里,桃園市,觀音區,草新里,347,339,447,786,5,791,0,791,821,"1,612",49.07
桃園市觀音區草漯里,桃園市,觀音區,草漯里,341,235,318,553,2,555,0,555,774,"1,329",41.76
桃園市觀音區草漯里,桃園市,觀音區,草漯里,342,382,362,744,6,750,0,750,707,"1,457",51.48
桃園市觀音區草漯里,桃園市,觀音區,草漯里,343,266,350,616,7,623,0,623,814,"1,437",43.35
桃園市觀音區崙坪里,桃園市,觀音區,崙坪里,325,352,240,592,3,595,0,595,506,"1,101",54.04
桃園市觀音區崙坪里,桃園市,觀音區,崙坪里,326,320,266,586,4,590,0,590,427,"1,017",58.01
桃園市觀音區崙坪里,桃園市,觀音區,崙坪里,327,368,313,681,8,689,0,689,485,"1,174",58.69
桃園市觀音區崙坪里,桃園市,觀音區,崙坪里,328,288,356,644,4,648,0,648,551,"1,199",54.05
桃園市觀音區富林里,桃園市,觀音區,富林里,352,261,285,546,4,550,0,550,467,"1,017",54.08
桃園市觀音區富林里,桃園市,觀音區,富林里,353,250,274,524,3,527,0,527,576,"1,103",47.78
桃園市觀音區富源里,桃園市,觀音區,富源里,329,311,447,758,1,759,0,759,686,"1,445",52.53
桃園市觀音區富源里,桃園市,觀音區,富源里,330,289,411,700,1,701,0,701,674,"1,375",50.98
桃園市觀音區富源里,桃園市,觀音區,富源里,331,308,435,743,2,745,0,745,544,"1,289",57.8
桃園市觀音區塔腳里,桃園市,觀音區,塔腳里,338,221,293,514,5,519,0,519,430,949,54.69
桃園市觀音區新坡里,桃園市,觀音區,新坡里,334,393,448,841,2,843,0,843,640,"1,483",56.84
桃園市觀音區新坡里,桃園市,觀音區,新坡里,335,369,327,696,1,697,0,697,774,"1,471",47.38
桃園市觀音區新興里,桃園市,觀音區,新興里,315,178,246,424,1,425,0,425,342,767,55.41
桃園市觀音區廣福里,桃園市,觀音區,廣福里,336,360,326,686,1,687,0,687,595,"1,282",53.59
桃園市觀音區廣福里,桃園市,觀音區,廣福里,337,345,371,716,7,723,0,723,610,"1,333",54.24
桃園市觀音區廣興里,桃園市,觀音區,廣興里,308,259,417,676,5,681,0,681,588,"1,269",53.66
桃園市觀音區樹林里,桃園市,觀音區,樹林里,348,243,347,590,4,594,0,594,666,"1,260",47.14
桃園市觀音區樹林里,桃園市,觀音區,樹林里,349,247,275,522,5,527,0,527,757,"1,284",41.04
桃園市觀音區樹林里,桃園市,觀音區,樹林里,350,200,346,546,3,549,0,549,751,"1,300",42.23
桃園市觀音區樹林里,桃園市,觀音區,樹林里,351,183,269,452,6,458,0,458,781,"1,239",36.97
桃園市觀音區藍埔里,桃園市,觀音區,藍埔里,320,299,400,699,4,703,0,703,561,"1,264",55.62
桃園市觀音區藍埔里,桃園市,觀音區,藍埔里,321,395,312,707,6,713,0,713,548,"1,261",56.54
桃園市觀音區觀音里,桃園市,觀音區,觀音里,305,354,437,791,4,795,0,795,652,"1,447",54.94
桃園市觀音區觀音里,桃園市,觀音區,觀音里,306,273,364,637,2,639,0,639,877,"1,516",42.15
基隆市七堵區八德里,基隆市,七堵區,八德里,256,55,63,118,0,118,0,118,145,263,44.87
基隆市七堵區八德里,基隆市,七堵區,八德里,257,224,324,548,6,554,0,554,569,"1,123",49.33
基隆市七堵區六堵里,基隆市,七堵區,六堵里,262,189,280,469,5,474,0,474,435,909,52.15
基隆市七堵區六堵里,基隆市,七堵區,六堵里,263,298,387,685,2,687,0,687,569,"1,256",54.7
基隆市七堵區友一里,基隆市,七堵區,友一里,281,203,311,514,4,518,0,518,470,988,52.43
基隆市七堵區友一里,基隆市,七堵區,友一里,282,190,351,541,2,543,0,543,452,995,54.57
基隆市七堵區友二里,基隆市,七堵區,友二里,283,115,107,222,1,223,0,223,199,422,52.84
基隆市七堵區正光里,基隆市,七堵區,正光里,245,265,313,578,4,582,0,582,404,986,59.03
基隆市七堵區正光里,基隆市,七堵區,正光里,246,264,412,676,2,678,0,678,768,"1,446",46.89
基隆市七堵區正明里,基隆市,七堵區,正明里,247,223,251,474,0,474,0,474,427,901,52.61
基隆市七堵區正明里,基隆市,七堵區,正明里,248,205,289,494,1,495,0,495,370,865,57.23
基隆市七堵區永平里,基隆市,七堵區,永平里,252,231,282,513,1,514,0,514,354,868,59.22
基隆市七堵區永平里,基隆市,七堵區,永平里,253,162,333,495,4,499,0,499,389,888,56.19
基隆市七堵區永安里,基隆市,七堵區,永安里,254,235,401,636,3,639,0,639,474,"1,113",57.41
基隆市七堵區永安里,基隆市,七堵區,永安里,255,195,290,485,2,487,0,487,397,884,55.09
基隆市七堵區百福里,基隆市,七堵區,百福里,270,235,231,466,1,467,0,467,508,975,47.9
基隆市七堵區百福里,基隆市,七堵區,百福里,271,254,300,554,1,555,0,555,503,"1,058",52.46
基隆市七堵區百福里,基隆市,七堵區,百福里,272,258,332,590,8,598,0,598,568,"1,166",51.29
基隆市七堵區百福里,基隆市,七堵區,百福里,273,287,346,633,6,639,0,639,569,"1,208",52.9
基隆市七堵區百福里,基隆市,七堵區,百福里,274,312,377,689,2,691,0,691,596,"1,287",53.69
基隆市七堵區自強里,基隆市,七堵區,自強里,258,241,334,575,2,577,0,577,511,"1,088",53.03
基隆市七堵區長安里,基隆市,七堵區,長安里,266,232,257,489,5,494,0,494,511,"1,005",49.15
基隆市七堵區長安里,基隆市,七堵區,長安里,267,215,337,552,0,552,0,552,514,"1,066",51.78
基隆市七堵區長興里,基隆市,七堵區,長興里,242,267,325,592,4,596,0,596,510,"1,106",53.89
基隆市七堵區長興里,基隆市,七堵區,長興里,243,220,349,569,9,578,0,578,544,"1,122",51.52
基隆市七堵區長興里,基隆市,七堵區,長興里,244,262,414,676,3,679,0,679,597,"1,276",53.21
基隆市七堵區泰安里,基隆市,七堵區,泰安里,259,348,468,816,3,819,0,819,793,"1,612",50.81
基隆市七堵區泰安里,基隆市,七堵區,泰安里,260,363,528,891,6,897,0,897,661,"1,558",57.57
基隆市七堵區泰安里,基隆市,七堵區,泰安里,261,345,200,545,3,548,1,549,573,"1,122",48.84
基隆市七堵區堵北里,基隆市,七堵區,堵北里,268,354,498,852,5,857,0,857,795,"1,652",51.88
基隆市七堵區堵北里,基隆市,七堵區,堵北里,269,440,482,922,1,923,0,923,776,"1,699",54.33
基隆市七堵區堵南里,基隆市,七堵區,堵南里,264,246,265,511,3,514,0,514,468,982,52.34
基隆市七堵區堵南里,基隆市,七堵區,堵南里,265,197,278,475,3,478,0,478,503,981,48.73
基隆市七堵區富民里,基隆市,七堵區,富民里,249,224,303,527,5,532,0,532,459,991,53.68
基隆市七堵區富民里,基隆市,七堵區,富民里,250,262,401,663,3,666,0,666,475,"1,141",58.37
基隆市七堵區富民里,基隆市,七堵區,富民里,251,193,414,607,2,609,0,609,468,"1,077",56.55
基隆市七堵區實踐里,基隆市,七堵區,實踐里,275,274,365,639,6,645,0,645,613,"1,258",51.27
基隆市七堵區實踐里,基隆市,七堵區,實踐里,276,213,240,453,1,454,0,454,490,944,48.09
基隆市七堵區實踐里,基隆市,七堵區,實踐里,277,271,379,650,0,650,0,650,613,"1,263",51.46
基隆市七堵區瑪西里,基隆市,七堵區,瑪西里,280,70,84,154,1,155,0,155,142,297,52.19
基隆市七堵區瑪東里,基隆市,七堵區,瑪東里,279,66,77,143,2,145,0,145,163,308,47.08
基隆市七堵區瑪南里,基隆市,七堵區,瑪南里,278,92,81,173,1,174,0,174,183,357,48.74
基隆市中山區中山里,基隆市,中山區,中山里,122,235,224,459,5,464,0,464,408,872,53.21
基隆市中山區中和里,基隆市,中山區,中和里,145,246,379,625,3,628,0,628,542,"1,170",53.68
基隆市中山區中和里,基隆市,中山區,中和里,146,181,277,458,5,463,0,463,409,872,53.1
基隆市中山區中和里,基隆市,中山區,中和里,147,211,402,613,5,618,0,618,627,"1,245",49.64
基隆市中山區中和里,基隆市,中山區,中和里,148,210,360,570,3,573,0,573,681,"1,254",45.69
基隆市中山區中和里,基隆市,中山區,中和里,149,148,241,389,0,389,0,389,304,693,56.13
基隆市中山區中興里,基隆市,中山區,中興里,124,265,380,645,3,648,0,648,480,"1,128",57.45
基隆市中山區仁正里,基隆市,中山區,仁正里,125,123,231,354,1,355,0,355,306,661,53.71
基隆市中山區太白里,基隆市,中山區,太白里,133,153,237,390,5,395,0,395,342,737,53.6
基隆市中山區文化里,基隆市,中山區,文化里,135,181,283,464,1,465,0,465,780,"1,245",37.35
基隆市中山區仙洞里,基隆市,中山區,仙洞里,132,102,140,242,2,244,0,244,233,477,51.15
基隆市中山區民治里,基隆市,中山區,民治里,123,169,261,430,3,433,0,433,287,720,60.14
基隆市中山區安平里,基隆市,中山區,安平里,121,192,201,393,2,395,0,395,264,659,59.94
基隆市中山區安民里,基隆市,中山區,安民里,120,233,305,538,5,543,0,543,413,956,56.8
基隆市中山區西定里,基隆市,中山區,西定里,155,176,250,426,2,428,0,428,382,810,52.84
基隆市中山區西康里,基隆市,中山區,西康里,154,312,414,726,5,731,0,731,695,"1,426",51.26
基隆市中山區西華里,基隆市,中山區,西華里,156,196,211,407,1,408,0,408,332,740,55.14
基隆市中山區西榮里,基隆市,中山區,西榮里,157,160,162,322,1,323,0,323,272,595,54.29
基隆市中山區協和里,基隆市,中山區,協和里,134,299,405,704,5,709,0,709,623,"1,332",53.23
基隆市中山區和平里,基隆市,中山區,和平里,131,81,163,244,1,245,0,245,164,409,59.9
基隆市中山區和慶里,基隆市,中山區,和慶里,150,286,386,672,2,674,0,674,880,"1,554",43.37
基隆市中山區和慶里,基隆市,中山區,和慶里,151,291,452,743,6,749,0,749,802,"1,551",48.29
基隆市中山區和慶里,基隆市,中山區,和慶里,152,320,441,761,4,765,0,765,787,"1,552",49.29
基隆市中山區和慶里,基隆市,中山區,和慶里,153,306,441,747,11,758,0,758,777,"1,535",49.38
基隆市中山區居仁里,基隆市,中山區,居仁里,128,201,381,582,3,585,0,585,575,"1,160",50.43
基隆市中山區健民里,基隆市,中山區,健民里,126,246,325,571,6,577,0,577,470,"1,047",55.11
基隆市中山區通化里,基隆市,中山區,通化里,127,154,283,437,4,441,0,441,444,885,49.83
基隆市中山區通明里,基隆市,中山區,通明里,129,177,200,377,0,377,0,377,330,707,53.32
基隆市中山區通明里,基隆市,中山區,通明里,130,171,244,415,2,417,0,417,395,812,51.35
基隆市中山區新建里,基隆市,中山區,新建里,119,186,209,395,1,396,0,396,330,726,54.55
基隆市中山區德安里,基隆市,中山區,德安里,136,216,342,558,3,561,0,561,522,"1,083",51.8
基隆市中山區德安里,基隆市,中山區,德安里,137,277,395,672,2,674,0,674,497,"1,171",57.56
基隆市中山區德安里,基隆市,中山區,德安里,138,319,358,677,8,685,0,685,659,"1,344",50.97
基隆市中山區德和里,基隆市,中山區,德和里,139,275,462,737,3,740,0,740,631,"1,371",53.98
基隆市中山區德和里,基隆市,中山區,德和里,140,292,475,767,4,771,0,771,637,"1,408",54.76
基隆市中山區德和里,基隆市,中山區,德和里,141,310,574,884,2,886,0,886,536,"1,422",62.31
基隆市中山區德和里,基隆市,中山區,德和里,142,163,308,471,3,474,0,474,309,783,60.54
基隆市中山區德和里,基隆市,中山區,德和里,143,179,244,423,1,424,0,424,406,830,51.08
基隆市中山區德和里,基隆市,中山區,德和里,144,192,313,505,6,511,0,511,574,"1,085",47.1
基隆市中正區入船里,基隆市,中正區,入船里,34,159,228,387,1,388,0,388,379,767,50.59
基隆市中正區八斗里,基隆市,中正區,八斗里,6,428,239,667,2,669,0,669,651,"1,320",50.68
基隆市中正區中正里,基隆市,中正區,中正里,24,270,391,661,2,663,0,663,774,"1,437",46.14
基隆市中正區中砂里,基隆市,中正區,中砂里,33,277,372,649,7,656,0,656,945,"1,601",40.97
基隆市中正區中船里,基隆市,中正區,中船里,36,235,310,545,1,546,0,546,456,"1,002",54.49
基隆市中正區中濱里,基隆市,中正區,中濱里,25,215,341,556,2,558,0,558,526,"1,084",51.48
基隆市中正區平寮里,基隆市,中正區,平寮里,18,208,282,490,2,492,0,492,574,"1,066",46.15
基隆市中正區正砂里,基隆市,中正區,正砂里,31,239,379,618,0,618,0,618,458,"1,076",57.43
基隆市中正區正砂里,基隆市,中正區,正砂里,32,188,381,569,1,570,0,570,469,"1,039",54.86
基隆市中正區正船里,基隆市,中正區,正船里,35,222,385,607,0,607,0,607,484,"1,091",55.64
基隆市中正區正義里,基隆市,中正區,正義里,39,265,363,628,5,633,0,633,465,"1,098",57.65
基隆市中正區正濱里,基隆市,中正區,正濱里,23,156,251,407,3,410,0,410,409,819,50.06
基隆市中正區和憲里,基隆市,中正區,和憲里,21,102,204,306,2,308,0,308,298,606,50.83
基隆市中正區社寮里,基隆市,中正區,社寮里,19,187,234,421,3,424,0,424,451,875,48.46
基隆市中正區社寮里,基隆市,中正區,社寮里,20,160,153,313,2,315,0,315,301,616,51.14
基隆市中正區長潭里,基隆市,中正區,長潭里,1,126,97,223,2,225,0,225,163,388,57.99
基隆市中正區信義里,基隆市,中正區,信義里,40,207,242,449,2,451,0,451,356,807,55.89
基隆市中正區建國里,基隆市,中正區,建國里,26,169,386,555,1,556,0,556,457,"1,013",54.89
基隆市中正區建國里,基隆市,中正區,建國里,27,122,254,376,4,380,0,380,301,681,55.8
基隆市中正區砂子里,基隆市,中正區,砂子里,2,293,236,529,2,531,0,531,554,"1,085",48.94
基隆市中正區砂子里,基隆市,中正區,砂子里,3,242,295,537,1,538,0,538,604,"1,142",47.11
基隆市中正區砂子里,基隆市,中正區,砂子里,4,269,423,692,2,694,2,696,823,"1,519",45.69
基隆市中正區砂子里,基隆市,中正區,砂子里,5,333,529,862,4,866,1,867,"1,025","1,892",45.77
基隆市中正區砂灣里,基隆市,中正區,砂灣里,28,229,355,584,4,588,0,588,507,"1,095",53.7
基隆市中正區砂灣里,基隆市,中正區,砂灣里,29,113,237,350,6,356,0,356,410,766,46.48
基隆市中正區海濱里,基隆市,中正區,海濱里,22,151,193,344,1,345,0,345,363,708,48.73
基隆市中正區真砂里,基隆市,中正區,真砂里,30,249,384,633,4,637,0,637,554,"1,191",53.48
基隆市中正區港通里,基隆市,中正區,港通里,37,336,379,715,1,716,0,716,481,"1,197",59.82
基隆市中正區新富里,基隆市,中正區,新富里,8,248,411,659,0,659,0,659,615,"1,274",51.73
基隆市中正區新富里,基隆市,中正區,新富里,9,256,448,704,3,707,0,707,634,"1,341",52.72
基隆市中正區新富里,基隆市,中正區,新富里,10,91,131,222,0,222,0,222,311,533,41.65
基隆市中正區新富里,基隆市,中正區,新富里,11,175,262,437,1,438,0,438,639,"1,077",40.67
基隆市中正區新豐里,基隆市,中正區,新豐里,12,231,367,598,7,605,1,606,708,"1,314",46.04
基隆市中正區新豐里,基隆市,中正區,新豐里,13,246,478,724,4,728,0,728,661,"1,389",52.41
基隆市中正區新豐里,基隆市,中正區,新豐里,14,230,379,609,3,612,0,612,526,"1,138",53.78
基隆市中正區新豐里,基隆市,中正區,新豐里,15,176,331,507,3,510,0,510,425,935,54.55
基隆市中正區新豐里,基隆市,中正區,新豐里,16,142,215,357,3,360,0,360,370,730,49.32
基隆市中正區新豐里,基隆市,中正區,新豐里,17,245,395,640,1,641,0,641,539,"1,180",54.32
基隆市中正區義重里,基隆市,中正區,義重里,38,181,310,491,2,493,0,493,394,887,55.58
基隆市中正區碧砂里,基隆市,中正區,碧砂里,7,270,243,513,2,515,0,515,503,"1,018",50.59
基隆市中正區德義里,基隆市,中正區,德義里,41,149,195,344,3,347,0,347,250,597,58.12
基隆市仁愛區仁德里,基隆市,仁愛區,仁德里,92,192,215,407,3,410,0,410,334,744,55.11
基隆市仁愛區文安里,基隆市,仁愛區,文安里,107,177,208,385,1,386,0,386,384,770,50.13
基隆市仁愛區文昌里,基隆市,仁愛區,文昌里,117,237,174,411,1,412,0,412,258,670,61.49
基隆市仁愛區水錦里,基隆市,仁愛區,水錦里,85,165,296,461,3,464,0,464,380,844,54.98
基隆市仁愛區水錦里,基隆市,仁愛區,水錦里,86,152,230,382,0,382,0,382,370,752,50.8
基隆市仁愛區玉田里,基隆市,仁愛區,玉田里,91,222,226,448,1,449,0,449,365,814,55.16
基隆市仁愛區兆連里,基隆市,仁愛區,兆連里,108,144,247,391,0,391,0,391,274,665,58.8
基隆市仁愛區光華里,基隆市,仁愛區,光華里,113,270,286,556,1,557,1,558,714,"1,272",43.79
基隆市仁愛區光華里,基隆市,仁愛區,光華里,114,305,404,709,2,711,0,711,438,"1,149",61.88
基隆市仁愛區吉仁里,基隆市,仁愛區,吉仁里,97,292,331,623,4,627,0,627,539,"1,166",53.77
基隆市仁愛區吉仁里,基隆市,仁愛區,吉仁里,98,254,335,589,2,591,0,591,619,"1,210",48.84
基隆市仁愛區同風里,基隆市,仁愛區,同風里,116,141,149,290,3,293,0,293,246,539,54.36
基隆市仁愛區曲水里,基隆市,仁愛區,曲水里,105,214,193,407,1,408,0,408,314,722,56.51
基隆市仁愛區和明里,基隆市,仁愛區,和明里,89,338,515,853,4,857,0,857,726,"1,583",54.14
基隆市仁愛區忠勇里,基隆市,仁愛區,忠勇里,90,211,221,432,2,434,0,434,442,876,49.54
基隆市仁愛區明德里,基隆市,仁愛區,明德里,115,139,208,347,1,348,0,348,273,621,56.04
基隆市仁愛區林泉里,基隆市,仁愛區,林泉里,81,170,211,381,0,381,0,381,443,824,46.24
基隆市仁愛區林泉里,基隆市,仁愛區,林泉里,82,150,239,389,2,391,0,391,354,745,52.48
基隆市仁愛區育仁里,基隆市,仁愛區,育仁里,99,171,135,306,1,307,0,307,327,634,48.42
基隆市仁愛區花崗里,基隆市,仁愛區,花崗里,83,220,300,520,2,522,0,522,425,947,55.12
基隆市仁愛區英仁里,基隆市,仁愛區,英仁里,100,152,151,303,1,304,0,304,289,593,51.26
基隆市仁愛區英仁里,基隆市,仁愛區,英仁里,101,121,177,298,2,300,0,300,263,563,53.29
基隆市仁愛區虹橋里,基隆市,仁愛區,虹橋里,84,273,435,708,4,712,0,712,636,"1,348",52.82
基隆市仁愛區書院里,基隆市,仁愛區,書院里,110,229,325,554,3,557,0,557,493,"1,050",53.05
基隆市仁愛區崇文里,基隆市,仁愛區,崇文里,106,202,265,467,2,469,0,469,364,833,56.3
基隆市仁愛區博愛里,基隆市,仁愛區,博愛里,93,244,284,528,4,532,0,532,375,907,58.65
基隆市仁愛區博愛里,基隆市,仁愛區,博愛里,94,98,119,217,0,217,0,217,157,374,58.02
基隆市仁愛區智仁里,基隆市,仁愛區,智仁里,87,248,330,578,3,581,0,581,504,"1,085",53.55
基隆市仁愛區智仁里,基隆市,仁愛區,智仁里,88,220,283,503,8,511,0,511,471,982,52.04
基隆市仁愛區朝棟里,基隆市,仁愛區,朝棟里,111,208,325,533,1,534,0,534,538,"1,072",49.81
基隆市仁愛區朝棟里,基隆市,仁愛區,朝棟里,112,242,595,837,7,844,0,844,605,"1,449",58.25
基隆市仁愛區新店里,基隆市,仁愛區,新店里,118,154,148,302,1,303,0,303,197,500,60.6
基隆市仁愛區獅球里,基隆市,仁愛區,獅球里,109,198,257,455,5,460,0,460,437,897,51.28
基隆市仁愛區誠仁里,基隆市,仁愛區,誠仁里,96,229,226,455,4,459,0,459,359,818,56.11
基隆市仁愛區福仁里,基隆市,仁愛區,福仁里,95,186,207,393,1,394,0,394,281,675,58.37
基隆市仁愛區德厚里,基隆市,仁愛區,德厚里,103,204,330,534,1,535,0,535,384,919,58.22
基隆市仁愛區德厚里,基隆市,仁愛區,德厚里,104,158,247,405,1,406,0,406,312,718,56.55
基隆市仁愛區龍門里,基隆市,仁愛區,龍門里,102,218,209,427,0,427,0,427,311,738,57.86
基隆市安樂區七賢里,基隆市,安樂區,七賢里,184,274,341,615,2,617,0,617,471,"1,088",56.71
基隆市安樂區七賢里,基隆市,安樂區,七賢里,185,225,324,549,3,552,0,552,515,"1,067",51.73
基隆市安樂區三民里,基隆市,安樂區,三民里,171,235,381,616,2,618,0,618,435,"1,053",58.69
基隆市安樂區三民里,基隆市,安樂區,三民里,172,259,377,636,3,639,0,639,547,"1,186",53.88
基隆市安樂區干城里,基隆市,安樂區,干城里,163,274,396,670,6,676,0,676,595,"1,271",53.19
基隆市安樂區干城里,基隆市,安樂區,干城里,164,89,141,230,0,230,0,230,291,521,44.15
基隆市安樂區中崙里,基隆市,安樂區,中崙里,207,347,525,872,2,874,0,874,778,"1,652",52.91
基隆市安樂區五福里,基隆市,安樂區,五福里,179,258,432,690,5,695,0,695,611,"1,306",53.22
基隆市安樂區五福里,基隆市,安樂區,五福里,180,402,667,"1,069",4,"1,073",0,"1,073",737,"1,810",59.28
基隆市安樂區內寮里,基隆市,安樂區,內寮里,208,269,346,615,3,618,0,618,600,"1,218",50.74
基隆市安樂區內寮里,基隆市,安樂區,內寮里,209,216,479,695,4,699,0,699,698,"1,397",50.04
基隆市安樂區內寮里,基隆市,安樂區,內寮里,210,296,398,694,2,696,0,696,643,"1,339",51.98
基隆市安樂區內寮里,基隆市,安樂區,內寮里,211,296,357,653,4,657,0,657,666,"1,323",49.66
基隆市安樂區六合里,基隆市,安樂區,六合里,181,298,562,860,5,865,0,865,607,"1,472",58.76
基隆市安樂區六合里,基隆市,安樂區,六合里,182,237,430,667,1,668,0,668,428,"1,096",60.95
基隆市安樂區六合里,基隆市,安樂區,六合里,183,232,391,623,7,630,1,631,391,"1,022",61.64
基隆市安樂區四維里,基隆市,安樂區,四維里,176,343,551,894,1,895,0,895,537,"1,432",62.5
基隆市安樂區四維里,基隆市,安樂區,四維里,177,345,605,950,6,956,0,956,656,"1,612",59.31
基隆市安樂區四維里,基隆市,安樂區,四維里,178,367,488,855,6,861,0,861,424,"1,285",67
基隆市安樂區外寮里,基隆市,安樂區,外寮里,198,275,497,772,4,776,0,776,671,"1,447",53.63
基隆市安樂區外寮里,基隆市,安樂區,外寮里,199,228,280,508,6,514,0,514,501,"1,015",50.64
基隆市安樂區外寮里,基隆市,安樂區,外寮里,200,216,383,599,0,599,0,599,626,"1,225",48.9
基隆市安樂區永康里,基隆市,安樂區,永康里,165,297,373,670,4,674,0,674,658,"1,332",50.6
基隆市安樂區永康里,基隆市,安樂區,永康里,166,90,118,208,1,209,0,209,199,408,51.23
基隆市安樂區安和里,基隆市,安樂區,安和里,167,235,199,434,3,437,0,437,340,777,56.24
基隆市安樂區西川里,基隆市,安樂區,西川里,159,216,334,550,3,553,0,553,554,"1,107",49.95
基隆市安樂區壯觀里,基隆市,安樂區,壯觀里,173,331,620,951,5,956,0,956,685,"1,641",58.26
基隆市安樂區壯觀里,基隆市,安樂區,壯觀里,174,226,465,691,4,695,0,695,560,"1,255",55.38
基隆市安樂區壯觀里,基隆市,安樂區,壯觀里,175,304,483,787,1,788,0,788,587,"1,375",57.31
基隆市安樂區定邦里,基隆市,安樂區,定邦里,161,228,296,524,1,525,0,525,375,900,58.33
基隆市安樂區定國里,基隆市,安樂區,定國里,160,225,275,500,3,503,0,503,431,934,53.85
基隆市安樂區武崙里,基隆市,安樂區,武崙里,203,332,431,763,1,764,0,764,733,"1,497",51.04
基隆市安樂區武崙里,基隆市,安樂區,武崙里,204,259,449,708,5,713,0,713,462,"1,175",60.68
基隆市安樂區武崙里,基隆市,安樂區,武崙里,205,223,420,643,9,652,0,652,468,"1,120",58.21
基隆市安樂區武崙里,基隆市,安樂區,武崙里,206,248,414,662,1,663,0,663,489,"1,152",57.55
基隆市安樂區長樂里,基隆市,安樂區,長樂里,186,349,704,"1,053",4,"1,057",0,"1,057",634,"1,691",62.51
基隆市安樂區長樂里,基隆市,安樂區,長樂里,187,140,267,407,2,409,0,409,240,649,63.02
基隆市安樂區長樂里,基隆市,安樂區,長樂里,188,184,329,513,2,515,0,515,346,861,59.81
基隆市安樂區新西里,基隆市,安樂區,新西里,158,232,349,581,3,584,0,584,619,"1,203",48.55
基隆市安樂區新崙里,基隆市,安樂區,新崙里,201,482,722,"1,204",3,"1,207",1,"1,208",937,"2,145",56.27
基隆市安樂區新崙里,基隆市,安樂區,新崙里,202,318,557,875,5,880,0,880,896,"1,776",49.55
基隆市安樂區嘉仁里,基隆市,安樂區,嘉仁里,169,422,493,915,6,921,0,921,763,"1,684",54.69
基隆市安樂區嘉仁里,基隆市,安樂區,嘉仁里,170,284,338,622,1,623,0,623,582,"1,205",51.7
基隆市安樂區慈仁里,基隆市,安樂區,慈仁里,162,240,170,410,2,412,0,412,371,783,52.62
基隆市安樂區樂一里,基隆市,安樂區,樂一里,168,162,158,320,2,322,0,322,269,591,54.48
基隆市安樂區興寮里,基隆市,安樂區,興寮里,195,320,512,832,2,834,0,834,805,"1,639",50.88
基隆市安樂區興寮里,基隆市,安樂區,興寮里,196,226,316,542,0,542,0,542,468,"1,010",53.66
基隆市安樂區興寮里,基隆市,安樂區,興寮里,197,385,614,999,7,"1,006",0,"1,006",939,"1,945",51.72
基隆市安樂區鶯安里,基隆市,安樂區,鶯安里,191,340,581,921,10,931,0,931,621,"1,552",59.99
基隆市安樂區鶯安里,基隆市,安樂區,鶯安里,192,325,497,822,6,828,0,828,656,"1,484",55.8
基隆市安樂區鶯安里,基隆市,安樂區,鶯安里,193,224,496,720,2,722,0,722,473,"1,195",60.42
基隆市安樂區鶯安里,基隆市,安樂區,鶯安里,194,195,471,666,2,668,0,668,431,"1,099",60.78
基隆市安樂區鶯歌里,基隆市,安樂區,鶯歌里,189,212,337,549,1,550,0,550,748,"1,298",42.37
基隆市安樂區鶯歌里,基隆市,安樂區,鶯歌里,190,266,458,724,4,728,0,728,569,"1,297",56.13
基隆市信義區仁義里,基隆市,信義區,仁義里,43,246,395,641,5,646,0,646,424,"1,070",60.37
基隆市信義區仁壽里,基隆市,信義區,仁壽里,42,218,319,537,2,539,0,539,396,935,57.65
基隆市信義區孝岡里,基隆市,信義區,孝岡里,80,235,421,656,1,657,0,657,575,"1,232",53.33
基隆市信義區孝忠里,基隆市,信義區,孝忠里,69,296,507,803,2,805,0,805,609,"1,414",56.93
基隆市信義區孝忠里,基隆市,信義區,孝忠里,70,330,528,858,5,863,0,863,594,"1,457",59.23
基隆市信義區孝忠里,基隆市,信義區,孝忠里,71,255,393,648,5,653,0,653,730,"1,383",47.22
基隆市信義區孝忠里,基隆市,信義區,孝忠里,72,244,450,694,7,701,0,701,663,"1,364",51.39
基隆市信義區孝忠里,基隆市,信義區,孝忠里,73,305,550,855,6,861,0,861,766,"1,627",52.92
基隆市信義區孝深里,基隆市,信義區,孝深里,76,365,702,"1,067",8,"1,075",0,"1,075",756,"1,831",58.71
基隆市信義區孝深里,基隆市,信義區,孝深里,77,164,310,474,2,476,0,476,530,"1,006",47.32
基隆市信義區孝深里,基隆市,信義區,孝深里,78,159,322,481,3,484,0,484,618,"1,102",43.92
基隆市信義區孝深里,基隆市,信義區,孝深里,79,181,334,515,4,519,0,519,577,"1,096",47.35
基隆市信義區孝德里,基隆市,信義區,孝德里,74,275,521,796,5,801,0,801,762,"1,563",51.25
基隆市信義區孝德里,基隆市,信義區,孝德里,75,243,465,708,5,713,0,713,574,"1,287",55.4
基隆市信義區孝賢里,基隆市,信義區,孝賢里,66,195,340,535,1,536,0,536,442,978,54.81
基隆市信義區孝賢里,基隆市,信義區,孝賢里,67,218,332,550,3,553,0,553,434,987,56.03
基隆市信義區孝賢里,基隆市,信義區,孝賢里,68,281,508,789,6,795,0,795,549,"1,344",59.15
基隆市信義區東光里,基隆市,信義區,東光里,59,159,309,468,4,472,0,472,397,869,54.32
基隆市信義區東光里,基隆市,信義區,東光里,60,225,290,515,2,517,0,517,388,905,57.13
基隆市信義區東安里,基隆市,信義區,東安里,64,274,429,703,5,708,1,709,621,"1,330",53.23
基隆市信義區東安里,基隆市,信義區,東安里,65,220,377,597,3,600,0,600,560,"1,160",51.72
基隆市信義區東明里,基隆市,信義區,東明里,61,226,422,648,5,653,0,653,539,"1,192",54.78
基隆市信義區東明里,基隆市,信義區,東明里,62,218,463,681,3,684,0,684,591,"1,275",53.65
基隆市信義區東明里,基隆市,信義區,東明里,63,132,330,462,0,462,0,462,287,749,61.68
基隆市信義區東信里,基隆市,信義區,東信里,55,136,222,358,3,361,0,361,307,668,54.04
基隆市信義區東信里,基隆市,信義區,東信里,56,148,343,491,1,492,0,492,390,882,55.78
基隆市信義區東信里,基隆市,信義區,東信里,57,222,410,632,1,633,0,633,443,"1,076",58.83
基隆市信義區東信里,基隆市,信義區,東信里,58,282,430,712,2,714,0,714,492,"1,206",59.2
基隆市信義區信綠里,基隆市,信義區,信綠里,53,182,308,490,1,491,0,491,366,857,57.29
基隆市信義區信綠里,基隆市,信義區,信綠里,54,202,280,482,0,482,0,482,451,933,51.66
基隆市信義區智誠里,基隆市,信義區,智誠里,50,298,382,680,3,683,0,683,672,"1,355",50.41
基隆市信義區智慧里,基隆市,信義區,智慧里,49,150,228,378,2,380,0,380,305,685,55.47
基隆市信義區義民里,基隆市,信義區,義民里,47,160,212,372,1,373,0,373,321,694,53.75
基隆市信義區義和里,基隆市,信義區,義和里,48,227,387,614,4,618,0,618,823,"1,441",42.89
基隆市信義區義幸里,基隆市,信義區,義幸里,45,245,376,621,5,626,0,626,437,"1,063",58.89
基隆市信義區義幸里,基隆市,信義區,義幸里,46,215,343,558,2,560,0,560,481,"1,041",53.79
基隆市信義區義昭里,基隆市,信義區,義昭里,44,285,406,691,3,694,0,694,504,"1,198",57.93
基隆市信義區禮東里,基隆市,信義區,禮東里,52,307,499,806,8,814,0,814,563,"1,377",59.11
基隆市信義區禮儀里,基隆市,信義區,禮儀里,51,300,518,818,3,821,0,821,605,"1,426",57.57
基隆市暖暖區八中里,基隆市,暖暖區,八中里,213,85,100,185,2,187,0,187,181,368,50.82
基隆市暖暖區八西里,基隆市,暖暖區,八西里,212,272,394,666,3,669,0,669,612,"1,281",52.22
基隆市暖暖區八南里,基隆市,暖暖區,八南里,215,181,185,366,2,368,0,368,365,733,50.2
基隆市暖暖區八堵里,基隆市,暖暖區,八堵里,214,146,157,303,1,304,0,304,260,564,53.9
基隆市暖暖區暖同里,基隆市,暖暖區,暖同里,221,242,348,590,5,595,0,595,459,"1,054",56.45
基隆市暖暖區暖同里,基隆市,暖暖區,暖同里,222,422,259,681,1,682,0,682,777,"1,459",46.74
基隆市暖暖區暖西里,基隆市,暖暖區,暖西里,224,328,467,795,2,797,0,797,673,"1,470",54.22
基隆市暖暖區暖西里,基隆市,暖暖區,暖西里,225,264,325,589,4,593,0,593,423,"1,016",58.37
基隆市暖暖區暖西里,基隆市,暖暖區,暖西里,226,233,328,561,6,567,1,568,477,"1,045",54.26
基隆市暖暖區暖西里,基隆市,暖暖區,暖西里,227,233,334,567,3,570,0,570,499,"1,069",53.32
基隆市暖暖區暖東里,基隆市,暖暖區,暖東里,223,74,100,174,1,175,0,175,184,359,48.75
基隆市暖暖區暖暖里,基隆市,暖暖區,暖暖里,219,319,517,836,8,844,0,844,580,"1,424",59.27
基隆市暖暖區暖暖里,基隆市,暖暖區,暖暖里,220,237,295,532,1,533,0,533,462,995,53.57
基隆市暖暖區碇內里,基隆市,暖暖區,碇內里,228,271,422,693,2,695,0,695,537,"1,232",56.41
基隆市暖暖區碇內里,基隆市,暖暖區,碇內里,229,215,433,648,3,651,0,651,586,"1,237",52.63
基隆市暖暖區碇安里,基隆市,暖暖區,碇安里,238,250,442,692,4,696,0,696,581,"1,277",54.5
基隆市暖暖區碇安里,基隆市,暖暖區,碇安里,239,244,344,588,4,592,0,592,595,"1,187",49.87
基隆市暖暖區碇安里,基隆市,暖暖區,碇安里,240,185,287,472,2,474,0,474,450,924,51.3
基隆市暖暖區碇安里,基隆市,暖暖區,碇安里,241,298,446,744,0,744,0,744,583,"1,327",56.07
基隆市暖暖區碇和里,基隆市,暖暖區,碇和里,230,96,444,540,4,544,0,544,442,986,55.17
基隆市暖暖區碇和里,基隆市,暖暖區,碇和里,231,202,264,466,2,468,0,468,449,917,51.04
基隆市暖暖區碇和里,基隆市,暖暖區,碇和里,232,230,327,557,2,559,0,559,464,"1,023",54.64
基隆市暖暖區碇祥里,基隆市,暖暖區,碇祥里,233,218,358,576,0,576,0,576,564,"1,140",50.53
基隆市暖暖區碇祥里,基隆市,暖暖區,碇祥里,234,195,316,511,1,512,0,512,648,"1,160",44.14
基隆市暖暖區碇祥里,基隆市,暖暖區,碇祥里,235,188,333,521,2,523,0,523,423,946,55.29
基隆市暖暖區碇祥里,基隆市,暖暖區,碇祥里,236,268,512,780,5,785,0,785,658,"1,443",54.4
基隆市暖暖區碇祥里,基隆市,暖暖區,碇祥里,237,200,391,591,2,593,0,593,591,"1,184",50.08
基隆市暖暖區過港里,基隆市,暖暖區,過港里,216,189,327,516,1,517,0,517,447,964,53.63
基隆市暖暖區過港里,基隆市,暖暖區,過港里,217,242,349,591,2,593,0,593,563,"1,156",51.3
基隆市暖暖區過港里,基隆市,暖暖區,過港里,218,325,390,715,6,721,0,721,649,"1,370",52.63
雲林縣口湖鄉下崙村,雲林縣,口湖鄉,下崙村,234,144,123,267,3,270,0,270,502,772,34.97
雲林縣口湖鄉下崙村,雲林縣,口湖鄉,下崙村,235,193,240,433,5,438,0,438,631,"1,069",40.97
雲林縣口湖鄉口湖村,雲林縣,口湖鄉,口湖村,227,198,287,485,4,489,0,489,522,"1,011",48.37
雲林縣口湖鄉水井村,雲林縣,口湖鄉,水井村,249,169,290,459,4,463,0,463,397,860,53.84
雲林縣口湖鄉台子村,雲林縣,口湖鄉,台子村,242,83,82,165,0,165,0,165,172,337,48.96
雲林縣口湖鄉台子村,雲林縣,口湖鄉,台子村,243,185,124,309,2,311,0,311,375,686,45.34
雲林縣口湖鄉台子村,雲林縣,口湖鄉,台子村,244,212,125,337,4,341,0,341,383,724,47.1
雲林縣口湖鄉成龍村,雲林縣,口湖鄉,成龍村,245,153,166,319,2,321,0,321,488,809,39.68
雲林縣口湖鄉青蚶村,雲林縣,口湖鄉,青蚶村,239,97,73,170,4,174,0,174,275,449,38.75
雲林縣口湖鄉後厝村,雲林縣,口湖鄉,後厝村,250,183,122,305,3,308,0,308,312,620,49.68
雲林縣口湖鄉埔北村,雲林縣,口湖鄉,埔北村,231,161,169,330,0,330,0,330,459,789,41.83
雲林縣口湖鄉埔南村,雲林縣,口湖鄉,埔南村,230,185,141,326,0,326,0,326,328,654,49.85
雲林縣口湖鄉崙中村,雲林縣,口湖鄉,崙中村,236,112,132,244,3,247,0,247,427,674,36.65
雲林縣口湖鄉崙中村,雲林縣,口湖鄉,崙中村,237,128,150,278,5,283,0,283,412,695,40.72
雲林縣口湖鄉崙東村,雲林縣,口湖鄉,崙東村,238,247,327,574,4,578,0,578,707,"1,285",44.98
雲林縣口湖鄉梧北村,雲林縣,口湖鄉,梧北村,248,356,180,536,3,539,0,539,539,"1,078",50
雲林縣口湖鄉梧南村,雲林縣,口湖鄉,梧南村,246,238,170,408,3,411,0,411,417,828,49.64
雲林縣口湖鄉梧南村,雲林縣,口湖鄉,梧南村,247,165,209,374,5,379,0,379,410,789,48.04
雲林縣口湖鄉蚵寮村,雲林縣,口湖鄉,蚵寮村,233,283,251,534,4,538,0,538,737,"1,275",42.2
雲林縣口湖鄉頂湖村,雲林縣,口湖鄉,頂湖村,229,97,157,254,3,257,0,257,311,568,45.25
雲林縣口湖鄉港西村,雲林縣,口湖鄉,港西村,241,146,192,338,3,341,0,341,425,766,44.52
雲林縣口湖鄉港東村,雲林縣,口湖鄉,港東村,240,228,307,535,4,539,0,539,778,"1,317",40.93
雲林縣口湖鄉湖口村,雲林縣,口湖鄉,湖口村,251,188,193,381,3,384,0,384,510,894,42.95
雲林縣口湖鄉湖東村,雲林縣,口湖鄉,湖東村,228,180,333,513,2,515,0,515,575,"1,090",47.25
雲林縣口湖鄉過港村,雲林縣,口湖鄉,過港村,252,104,135,239,5,244,0,244,293,537,45.44
雲林縣口湖鄉謝厝村,雲林縣,口湖鄉,謝厝村,232,255,202,457,2,459,0,459,460,919,49.95
雲林縣土庫鎮大荖里,雲林縣,土庫鎮,大荖里,112,197,239,436,6,442,0,442,364,806,54.84
雲林縣土庫鎮北平里,雲林縣,土庫鎮,北平里,119,209,198,407,1,408,0,408,356,764,53.4
雲林縣土庫鎮石廟里,雲林縣,土庫鎮,石廟里,99,204,297,501,3,504,0,504,463,967,52.12
雲林縣土庫鎮石廟里,雲林縣,土庫鎮,石廟里,100,223,342,565,8,573,0,573,487,"1,060",54.06
雲林縣土庫鎮石廟里,雲林縣,土庫鎮,石廟里,101,188,312,500,1,501,0,501,496,997,50.25
雲林縣土庫鎮西平里,雲林縣,土庫鎮,西平里,117,172,210,382,0,382,0,382,395,777,49.16
雲林縣土庫鎮西平里,雲林縣,土庫鎮,西平里,118,194,219,413,4,417,0,417,408,825,50.55
雲林縣土庫鎮忠正里,雲林縣,土庫鎮,忠正里,92,179,215,394,2,396,0,396,303,699,56.65
雲林縣土庫鎮東平里,雲林縣,土庫鎮,東平里,113,226,219,445,2,447,0,447,388,835,53.53
雲林縣土庫鎮東平里,雲林縣,土庫鎮,東平里,114,248,242,490,3,493,0,493,426,919,53.65
雲林縣土庫鎮南平里,雲林縣,土庫鎮,南平里,115,209,242,451,6,457,0,457,343,800,57.13
雲林縣土庫鎮南平里,雲林縣,土庫鎮,南平里,116,184,233,417,1,418,0,418,414,832,50.24
雲林縣土庫鎮後埔里,雲林縣,土庫鎮,後埔里,108,211,368,579,6,585,0,585,527,"1,112",52.61
雲林縣土庫鎮後埔里,雲林縣,土庫鎮,後埔里,109,236,342,578,4,582,0,582,528,"1,110",52.43
雲林縣土庫鎮宮北里,雲林縣,土庫鎮,宮北里,94,169,167,336,2,338,0,338,270,608,55.59
雲林縣土庫鎮宮北里,雲林縣,土庫鎮,宮北里,95,137,258,395,2,397,0,397,257,654,60.7
雲林縣土庫鎮埤腳里,雲林縣,土庫鎮,埤腳里,106,165,135,300,3,303,0,303,361,664,45.63
雲林縣土庫鎮埤腳里,雲林縣,土庫鎮,埤腳里,107,85,168,253,0,253,0,253,199,452,55.97
雲林縣土庫鎮崙內里,雲林縣,土庫鎮,崙內里,110,179,237,416,0,416,0,416,372,788,52.79
雲林縣土庫鎮崙內里,雲林縣,土庫鎮,崙內里,111,120,192,312,3,315,0,315,327,642,49.07
雲林縣土庫鎮越港里,雲林縣,土庫鎮,越港里,96,203,451,654,4,658,0,658,401,"1,059",62.13
雲林縣土庫鎮順天里,雲林縣,土庫鎮,順天里,93,201,255,456,4,460,0,460,339,799,57.57
雲林縣土庫鎮新庄里,雲林縣,土庫鎮,新庄里,120,180,188,368,1,369,0,369,312,681,54.19
雲林縣土庫鎮新庄里,雲林縣,土庫鎮,新庄里,121,131,169,300,1,301,0,301,300,601,50.08
雲林縣土庫鎮溪邊里,雲林縣,土庫鎮,溪邊里,97,161,198,359,7,366,0,366,281,647,56.57
雲林縣土庫鎮溪邊里,雲林縣,土庫鎮,溪邊里,98,78,134,212,3,215,0,215,202,417,51.56
雲林縣土庫鎮奮起里,雲林縣,土庫鎮,奮起里,104,146,152,298,2,300,0,300,350,650,46.15
雲林縣土庫鎮奮起里,雲林縣,土庫鎮,奮起里,105,82,169,251,1,252,0,252,266,518,48.65
雲林縣土庫鎮興新里,雲林縣,土庫鎮,興新里,102,142,168,310,1,311,0,311,302,613,50.73
雲林縣土庫鎮興新里,雲林縣,土庫鎮,興新里,103,165,213,378,4,382,0,382,342,724,52.76
雲林縣元長鄉下寮村,雲林縣,元長鄉,下寮村,216,116,136,252,1,253,0,253,262,515,49.13
雲林縣元長鄉下寮村,雲林縣,元長鄉,下寮村,217,187,251,438,6,444,0,444,422,866,51.27
雲林縣元長鄉子茂村,雲林縣,元長鄉,子茂村,206,274,355,629,3,632,0,632,551,"1,183",53.42
雲林縣元長鄉山內村,雲林縣,元長鄉,山內村,208,206,199,405,6,411,0,411,458,869,47.3
雲林縣元長鄉五塊村,雲林縣,元長鄉,五塊村,210,157,280,437,3,440,0,440,366,806,54.59
雲林縣元長鄉內寮村,雲林縣,元長鄉,內寮村,224,121,117,238,1,239,0,239,281,520,45.96
雲林縣元長鄉瓦磘村,雲林縣,元長鄉,瓦磘村,222,146,108,254,2,256,0,256,303,559,45.8
雲林縣元長鄉瓦磘村,雲林縣,元長鄉,瓦磘村,223,175,161,336,6,342,0,342,399,741,46.15
雲林縣元長鄉合和村,雲林縣,元長鄉,合和村,209,243,276,519,4,523,0,523,444,967,54.08
雲林縣元長鄉西莊村,雲林縣,元長鄉,西莊村,219,182,194,376,5,381,0,381,395,776,49.1
雲林縣元長鄉卓運村,雲林縣,元長鄉,卓運村,214,85,50,135,3,138,0,138,173,311,44.37
雲林縣元長鄉長北村,雲林縣,元長鄉,長北村,204,138,149,287,0,287,0,287,336,623,46.07
雲林縣元長鄉長北村,雲林縣,元長鄉,長北村,205,161,200,361,4,365,0,365,336,701,52.07
雲林縣元長鄉長南村,雲林縣,元長鄉,長南村,201,207,183,390,3,393,0,393,446,839,46.84
雲林縣元長鄉長南村,雲林縣,元長鄉,長南村,202,283,356,639,6,645,0,645,580,"1,225",52.65
雲林縣元長鄉長南村,雲林縣,元長鄉,長南村,203,231,228,459,2,461,0,461,538,999,46.15
雲林縣元長鄉客厝村,雲林縣,元長鄉,客厝村,213,154,207,361,3,364,0,364,395,759,47.96
雲林縣元長鄉後湖村,雲林縣,元長鄉,後湖村,207,177,125,302,4,306,0,306,322,628,48.73
雲林縣元長鄉崙仔村,雲林縣,元長鄉,崙仔村,225,132,180,312,5,317,0,317,415,732,43.31
雲林縣元長鄉頂寮村,雲林縣,元長鄉,頂寮村,215,235,254,489,0,489,0,489,552,"1,041",46.97
雲林縣元長鄉鹿北村,雲林縣,元長鄉,鹿北村,220,213,322,535,8,543,0,543,517,"1,060",51.23
雲林縣元長鄉鹿南村,雲林縣,元長鄉,鹿南村,221,135,240,375,1,376,0,376,387,763,49.28
雲林縣元長鄉新吉村,雲林縣,元長鄉,新吉村,226,136,180,316,4,320,0,320,305,625,51.2
雲林縣元長鄉潭西村,雲林縣,元長鄉,潭西村,211,189,99,288,3,291,0,291,363,654,44.5
雲林縣元長鄉潭東村,雲林縣,元長鄉,潭東村,212,117,158,275,4,279,0,279,240,519,53.76
雲林縣元長鄉龍岩村,雲林縣,元長鄉,龍岩村,218,219,182,401,1,402,0,402,470,872,46.1
雲林縣水林鄉土厝村,雲林縣,水林鄉,土厝村,277,333,184,517,7,524,0,524,569,"1,093",47.94
雲林縣水林鄉大山村,雲林縣,水林鄉,大山村,261,274,160,434,2,436,0,436,505,941,46.33
雲林縣水林鄉大溝村,雲林縣,水林鄉,大溝村,259,229,190,419,4,423,0,423,453,876,48.29
雲林縣水林鄉山腳村,雲林縣,水林鄉,山腳村,270,190,149,339,2,341,0,341,362,703,48.51
雲林縣水林鄉水北村,雲林縣,水林鄉,水北村,253,250,256,506,4,510,0,510,654,"1,164",43.81
雲林縣水林鄉水北村,雲林縣,水林鄉,水北村,254,198,190,388,0,388,0,388,436,824,47.09
雲林縣水林鄉水南村,雲林縣,水林鄉,水南村,255,321,304,625,6,631,0,631,598,"1,229",51.34
雲林縣水林鄉水南村,雲林縣,水林鄉,水南村,256,183,136,319,2,321,0,321,354,675,47.56
雲林縣水林鄉尖山村,雲林縣,水林鄉,尖山村,258,140,129,269,4,273,0,273,327,600,45.5
雲林縣水林鄉西井村,雲林縣,水林鄉,西井村,264,155,133,288,3,291,0,291,257,548,53.1
雲林縣水林鄉車港村,雲林縣,水林鄉,車港村,265,139,102,241,1,242,0,242,275,517,46.81
雲林縣水林鄉松中村,雲林縣,水林鄉,松中村,272,135,72,207,3,210,0,210,239,449,46.77
雲林縣水林鄉松北村,雲林縣,水林鄉,松北村,271,202,229,431,4,435,0,435,454,889,48.93
雲林縣水林鄉松西村,雲林縣,水林鄉,松西村,273,149,109,258,1,259,0,259,318,577,44.89
雲林縣水林鄉後寮村,雲林縣,水林鄉,後寮村,262,146,132,278,1,279,0,279,296,575,48.52
雲林縣水林鄉春埔村,雲林縣,水林鄉,春埔村,263,231,189,420,4,424,0,424,435,859,49.36
雲林縣水林鄉海埔村,雲林縣,水林鄉,海埔村,276,238,164,402,4,406,0,406,474,880,46.14
雲林縣水林鄉順興村,雲林縣,水林鄉,順興村,260,177,122,299,3,302,0,302,430,732,41.26
雲林縣水林鄉塭底村,雲林縣,水林鄉,塭底村,275,156,96,252,1,253,0,253,360,613,41.27
雲林縣水林鄉溪墘村,雲林縣,水林鄉,溪墘村,278,173,213,386,3,389,0,389,326,715,54.41
雲林縣水林鄉萬興村,雲林縣,水林鄉,萬興村,257,198,112,310,1,311,0,311,300,611,50.9
雲林縣水林鄉蕃薯村,雲林縣,水林鄉,蕃薯村,269,241,185,426,2,428,0,428,442,870,49.2
雲林縣水林鄉瓊埔村,雲林縣,水林鄉,瓊埔村,274,174,94,268,4,272,0,272,322,594,45.79
雲林縣水林鄉蘇秦村,雲林縣,水林鄉,蘇秦村,266,205,138,343,1,344,0,344,519,863,39.86
雲林縣水林鄉灣西村,雲林縣,水林鄉,灣西村,268,208,174,382,4,386,0,386,433,819,47.13
雲林縣水林鄉灣東村,雲林縣,水林鄉,灣東村,267,114,139,253,5,258,0,258,271,529,48.77
雲林縣北港鎮大北里,雲林縣,北港鎮,大北里,316,127,105,232,1,233,0,233,273,506,46.05
雲林縣北港鎮大同里,雲林縣,北港鎮,大同里,290,118,113,231,1,232,0,232,152,384,60.42
雲林縣北港鎮大同里,雲林縣,北港鎮,大同里,291,187,168,355,5,360,0,360,299,659,54.63
雲林縣北港鎮中和里,雲林縣,北港鎮,中和里,283,89,69,158,2,160,0,160,138,298,53.69
雲林縣北港鎮仁安里,雲林縣,北港鎮,仁安里,292,105,137,242,3,245,0,245,168,413,59.32
雲林縣北港鎮仁和里,雲林縣,北港鎮,仁和里,287,107,124,231,2,233,0,233,171,404,57.67
雲林縣北港鎮公舘里,雲林縣,北港鎮,公舘里,289,139,132,271,0,271,0,271,225,496,54.64
雲林縣北港鎮水埔里,雲林縣,北港鎮,水埔里,300,141,101,242,0,242,0,242,181,423,57.21
雲林縣北港鎮光民里,雲林縣,北港鎮,光民里,280,198,174,372,1,373,0,373,238,611,61.05
雲林縣北港鎮光復里,雲林縣,北港鎮,光復里,297,149,213,362,3,365,0,365,287,652,55.98
雲林縣北港鎮光復里,雲林縣,北港鎮,光復里,298,209,279,488,1,489,0,489,460,949,51.53
雲林縣北港鎮共榮里,雲林縣,北港鎮,共榮里,285,100,75,175,0,175,0,175,165,340,51.47
雲林縣北港鎮好收里,雲林縣,北港鎮,好收里,317,249,199,448,6,454,0,454,450,904,50.22
雲林縣北港鎮好收里,雲林縣,北港鎮,好收里,318,145,129,274,5,279,0,279,252,531,52.54
雲林縣北港鎮西勢里,雲林縣,北港鎮,西勢里,286,220,259,479,3,482,0,482,431,913,52.79
雲林縣北港鎮扶朝里,雲林縣,北港鎮,扶朝里,299,336,124,460,8,468,0,468,404,872,53.67
雲林縣北港鎮府番里,雲林縣,北港鎮,府番里,311,145,201,346,3,349,0,349,396,745,46.85
雲林縣北港鎮東華里,雲林縣,北港鎮,東華里,281,82,130,212,1,213,0,213,156,369,57.72
雲林縣北港鎮東陽里,雲林縣,北港鎮,東陽里,279,194,179,373,1,374,0,374,262,636,58.81
雲林縣北港鎮南安里,雲林縣,北港鎮,南安里,282,228,232,460,1,461,0,461,272,733,62.89
雲林縣北港鎮後溝里,雲林縣,北港鎮,後溝里,308,109,103,212,2,214,0,214,252,466,45.92
雲林縣北港鎮後溝里,雲林縣,北港鎮,後溝里,309,126,102,228,1,229,0,229,188,417,54.92
雲林縣北港鎮草湖里,雲林縣,北港鎮,草湖里,312,165,96,261,3,264,0,264,296,560,47.14
雲林縣北港鎮草湖里,雲林縣,北港鎮,草湖里,313,207,119,326,2,328,0,328,391,719,45.62
雲林縣北港鎮番溝里,雲林縣,北港鎮,番溝里,315,179,131,310,1,311,0,311,369,680,45.74
雲林縣北港鎮華勝里,雲林縣,北港鎮,華勝里,293,269,279,548,6,554,0,554,485,"1,039",53.32
雲林縣北港鎮華勝里,雲林縣,北港鎮,華勝里,294,326,339,665,1,666,0,666,459,"1,125",59.2
雲林縣北港鎮華勝里,雲林縣,北港鎮,華勝里,295,282,310,592,2,594,0,594,484,"1,078",55.1
雲林縣北港鎮華勝里,雲林縣,北港鎮,華勝里,296,360,343,703,5,708,0,708,553,"1,261",56.15
雲林縣北港鎮新厝里,雲林縣,北港鎮,新厝里,310,70,94,164,2,166,0,166,198,364,45.6
雲林縣北港鎮新街里,雲林縣,北港鎮,新街里,301,291,283,574,3,577,0,577,525,"1,102",52.36
雲林縣北港鎮新街里,雲林縣,北港鎮,新街里,302,318,458,776,2,778,0,778,613,"1,391",55.93
雲林縣北港鎮新街里,雲林縣,北港鎮,新街里,303,187,245,432,1,433,0,433,336,769,56.31
雲林縣北港鎮新街里,雲林縣,北港鎮,新街里,304,164,266,430,1,431,0,431,359,790,54.56
雲林縣北港鎮新街里,雲林縣,北港鎮,新街里,305,296,292,588,1,589,0,589,499,"1,088",54.14
雲林縣北港鎮新街里,雲林縣,北港鎮,新街里,306,317,299,616,5,621,0,621,592,"1,213",51.2
雲林縣北港鎮溝皂里,雲林縣,北港鎮,溝皂里,314,260,261,521,7,528,0,528,492,"1,020",51.76
雲林縣北港鎮義民里,雲林縣,北港鎮,義民里,284,95,102,197,1,198,0,198,136,334,59.28
雲林縣北港鎮劉厝里,雲林縣,北港鎮,劉厝里,307,303,253,556,4,560,0,560,485,"1,045",53.59
雲林縣北港鎮賜福里,雲林縣,北港鎮,賜福里,288,83,82,165,4,169,0,169,114,283,59.72
雲林縣北港鎮樹腳里,雲林縣,北港鎮,樹腳里,319,295,130,425,3,428,0,428,390,818,52.32
雲林縣北港鎮樹腳里,雲林縣,北港鎮,樹腳里,320,253,270,523,6,529,0,529,500,"1,029",51.41
雲林縣北港鎮樹腳里,雲林縣,北港鎮,樹腳里,321,275,257,532,3,535,0,535,467,"1,002",53.39
雲林縣四湖鄉三姓村,雲林縣,四湖鄉,三姓村,191,59,90,149,4,153,0,153,168,321,47.66
雲林縣四湖鄉內湖村,雲林縣,四湖鄉,內湖村,188,105,145,250,2,252,0,252,449,701,35.95
雲林縣四湖鄉四湖村,雲林縣,四湖鄉,四湖村,176,173,307,480,4,484,0,484,542,"1,026",47.17
雲林縣四湖鄉四湖村,雲林縣,四湖鄉,四湖村,177,120,211,331,3,334,0,334,301,635,52.6
雲林縣四湖鄉羊調村,雲林縣,四湖鄉,羊調村,187,135,228,363,4,367,0,367,433,800,45.88
雲林縣四湖鄉林東村,雲林縣,四湖鄉,林東村,199,121,218,339,3,342,0,342,516,858,39.86
雲林縣四湖鄉林厝村,雲林縣,四湖鄉,林厝村,198,194,186,380,5,385,0,385,537,922,41.76
雲林縣四湖鄉施湖村,雲林縣,四湖鄉,施湖村,186,155,313,468,8,476,0,476,612,"1,088",43.75
雲林縣四湖鄉飛沙村,雲林縣,四湖鄉,飛沙村,190,104,185,289,0,289,0,289,436,725,39.86
雲林縣四湖鄉飛東村,雲林縣,四湖鄉,飛東村,189,99,124,223,2,225,0,225,256,481,46.78
雲林縣四湖鄉崙北村,雲林縣,四湖鄉,崙北村,192,148,181,329,0,329,0,329,470,799,41.18
雲林縣四湖鄉崙北村,雲林縣,四湖鄉,崙北村,193,115,172,287,1,288,0,288,416,704,40.91
雲林縣四湖鄉崙南村,雲林縣,四湖鄉,崙南村,194,99,169,268,5,273,0,273,445,718,38.02
雲林縣四湖鄉鹿場村,雲林縣,四湖鄉,鹿場村,183,161,207,368,3,371,0,371,432,803,46.2
雲林縣四湖鄉湖西村,雲林縣,四湖鄉,湖西村,178,133,286,419,2,421,0,421,356,777,54.18
雲林縣四湖鄉湖西村,雲林縣,四湖鄉,湖西村,179,114,98,212,3,215,0,215,209,424,50.71
雲林縣四湖鄉湖西村,雲林縣,四湖鄉,湖西村,180,166,351,517,4,521,0,521,353,874,59.61
雲林縣四湖鄉湖寮村,雲林縣,四湖鄉,湖寮村,185,125,129,254,4,258,0,258,381,639,40.38
雲林縣四湖鄉萡子村,雲林縣,四湖鄉,萡子村,196,178,103,281,2,283,0,283,473,756,37.43
雲林縣四湖鄉萡東村,雲林縣,四湖鄉,萡東村,197,222,130,352,3,355,0,355,573,928,38.25
雲林縣四湖鄉新庄村,雲林縣,四湖鄉,新庄村,181,106,173,279,1,280,0,280,282,562,49.82
雲林縣四湖鄉溪尾村,雲林縣,四湖鄉,溪尾村,200,105,175,280,2,282,0,282,364,646,43.65
雲林縣四湖鄉溪底村,雲林縣,四湖鄉,溪底村,182,166,262,428,1,429,0,429,412,841,51.01
雲林縣四湖鄉廣溝村,雲林縣,四湖鄉,廣溝村,195,78,125,203,6,209,0,209,378,587,35.6
雲林縣四湖鄉蔡厝村,雲林縣,四湖鄉,蔡厝村,184,140,155,295,2,297,0,297,438,735,40.41
雲林縣東勢鄉月眉村,雲林縣,東勢鄉,月眉村,62,211,278,489,7,496,0,496,526,"1,022",48.53
雲林縣東勢鄉四美村,雲林縣,東勢鄉,四美村,75,76,145,221,0,221,0,221,314,535,41.31
雲林縣東勢鄉四美村,雲林縣,東勢鄉,四美村,76,97,66,163,2,165,0,165,204,369,44.72
雲林縣東勢鄉同安村,雲林縣,東勢鄉,同安村,73,168,235,403,3,406,0,406,423,829,48.97
雲林縣東勢鄉同安村,雲林縣,東勢鄉,同安村,74,193,231,424,5,429,0,429,468,897,47.83
雲林縣東勢鄉安南村,雲林縣,東勢鄉,安南村,72,144,169,313,1,314,0,314,413,727,43.19
雲林縣東勢鄉昌南村,雲林縣,東勢鄉,昌南村,71,183,236,419,4,423,1,424,355,779,54.3
雲林縣東勢鄉東北村,雲林縣,東勢鄉,東北村,68,205,354,559,4,563,0,563,571,"1,134",49.65
雲林縣東勢鄉東南村,雲林縣,東勢鄉,東南村,66,163,264,427,0,427,0,427,355,782,54.6
雲林縣東勢鄉東南村,雲林縣,東勢鄉,東南村,67,107,200,307,1,308,0,308,272,580,53.1
雲林縣東勢鄉復興村,雲林縣,東勢鄉,復興村,63,125,149,274,1,275,0,275,209,484,56.82
雲林縣東勢鄉程海村,雲林縣,東勢鄉,程海村,70,114,153,267,7,274,0,274,225,499,54.91
雲林縣東勢鄉新坤村,雲林縣,東勢鄉,新坤村,77,178,284,462,4,466,0,466,464,930,50.11
雲林縣東勢鄉嘉隆村,雲林縣,東勢鄉,嘉隆村,64,184,160,344,1,345,0,345,433,778,44.34
雲林縣東勢鄉嘉隆村,雲林縣,東勢鄉,嘉隆村,65,144,169,313,0,313,0,313,293,606,51.65
雲林縣東勢鄉龍潭村,雲林縣,東勢鄉,龍潭村,69,190,165,355,0,355,0,355,373,728,48.76
雲林縣虎尾鎮三合里,雲林縣,虎尾鎮,三合里,175,242,525,767,10,777,0,777,567,"1,344",57.81
雲林縣虎尾鎮下溪里,雲林縣,虎尾鎮,下溪里,167,108,219,327,3,330,0,330,201,531,62.15
雲林縣虎尾鎮下溪里,雲林縣,虎尾鎮,下溪里,168,154,393,547,4,551,0,551,337,888,62.05
雲林縣虎尾鎮中山里,雲林縣,虎尾鎮,中山里,131,183,277,460,0,460,0,460,359,819,56.17
雲林縣虎尾鎮中溪里,雲林縣,虎尾鎮,中溪里,166,284,462,746,7,753,0,753,491,"1,244",60.53
雲林縣虎尾鎮公安里,雲林縣,虎尾鎮,公安里,126,230,375,605,3,608,0,608,355,963,63.14
雲林縣虎尾鎮公安里,雲林縣,虎尾鎮,公安里,127,179,288,467,3,470,0,470,332,802,58.6
雲林縣虎尾鎮公安里,雲林縣,虎尾鎮,公安里,128,199,328,527,4,531,0,531,355,886,59.93
雲林縣虎尾鎮北溪里,雲林縣,虎尾鎮,北溪里,174,155,309,464,3,467,0,467,337,804,58.08
雲林縣虎尾鎮平和里,雲林縣,虎尾鎮,平和里,139,264,466,730,3,733,0,733,419,"1,152",63.63
雲林縣虎尾鎮平和里,雲林縣,虎尾鎮,平和里,140,203,373,576,3,579,0,579,479,"1,058",54.73
雲林縣虎尾鎮平和里,雲林縣,虎尾鎮,平和里,141,259,456,715,3,718,0,718,516,"1,234",58.18
雲林縣虎尾鎮平和里,雲林縣,虎尾鎮,平和里,142,256,397,653,1,654,0,654,497,"1,151",56.82
雲林縣虎尾鎮立仁里,雲林縣,虎尾鎮,立仁里,135,222,424,646,6,652,0,652,464,"1,116",58.42
雲林縣虎尾鎮立仁里,雲林縣,虎尾鎮,立仁里,136,268,430,698,2,700,0,700,442,"1,142",61.3
雲林縣虎尾鎮立仁里,雲林縣,虎尾鎮,立仁里,137,235,469,704,3,707,0,707,517,"1,224",57.76
雲林縣虎尾鎮安溪里,雲林縣,虎尾鎮,安溪里,155,160,250,410,10,420,0,420,394,814,51.6
雲林縣虎尾鎮安溪里,雲林縣,虎尾鎮,安溪里,156,198,266,464,1,465,0,465,372,837,55.56
雲林縣虎尾鎮安慶里,雲林縣,虎尾鎮,安慶里,138,231,446,677,0,677,0,677,544,"1,221",55.45
雲林縣虎尾鎮西屯里,雲林縣,虎尾鎮,西屯里,170,300,442,742,5,747,0,747,640,"1,387",53.86
雲林縣虎尾鎮西安里,雲林縣,虎尾鎮,西安里,132,190,331,521,4,525,0,525,386,911,57.63
雲林縣虎尾鎮西安里,雲林縣,虎尾鎮,西安里,133,184,354,538,4,542,0,542,421,963,56.28
雲林縣虎尾鎮西安里,雲林縣,虎尾鎮,西安里,134,229,342,571,2,573,0,573,533,"1,106",51.81
雲林縣虎尾鎮延平里,雲林縣,虎尾鎮,延平里,150,206,414,620,1,621,0,621,487,"1,108",56.05
雲林縣虎尾鎮東仁里,雲林縣,虎尾鎮,東仁里,122,251,483,734,6,740,0,740,491,"1,231",60.11
雲林縣虎尾鎮東仁里,雲林縣,虎尾鎮,東仁里,123,287,399,686,4,690,0,690,459,"1,149",60.05
雲林縣虎尾鎮東屯里,雲林縣,虎尾鎮,東屯里,169,230,395,625,2,627,0,627,549,"1,176",53.32
雲林縣虎尾鎮芳草里,雲林縣,虎尾鎮,芳草里,171,205,216,421,6,427,0,427,434,861,49.59
雲林縣虎尾鎮建國里,雲林縣,虎尾鎮,建國里,151,63,179,242,2,244,0,244,274,518,47.1
雲林縣虎尾鎮埒內里,雲林縣,虎尾鎮,埒內里,152,304,435,739,8,747,0,747,533,"1,280",58.36
雲林縣虎尾鎮埒內里,雲林縣,虎尾鎮,埒內里,153,320,337,657,3,660,0,660,548,"1,208",54.64
雲林縣虎尾鎮堀頭里,雲林縣,虎尾鎮,堀頭里,154,172,363,535,3,538,0,538,301,839,64.12
雲林縣虎尾鎮頂溪里,雲林縣,虎尾鎮,頂溪里,164,229,478,707,5,712,0,712,530,"1,242",57.33
雲林縣虎尾鎮頂溪里,雲林縣,虎尾鎮,頂溪里,165,284,367,651,4,655,0,655,515,"1,170",55.98
雲林縣虎尾鎮惠來里,雲林縣,虎尾鎮,惠來里,162,204,428,632,6,638,0,638,600,"1,238",51.53
雲林縣虎尾鎮惠來里,雲林縣,虎尾鎮,惠來里,163,247,300,547,0,547,0,547,452,999,54.75
雲林縣虎尾鎮廉使里,雲林縣,虎尾鎮,廉使里,159,253,322,575,3,578,0,578,516,"1,094",52.83
雲林縣虎尾鎮廉使里,雲林縣,虎尾鎮,廉使里,160,391,549,940,1,941,0,941,644,"1,585",59.37
雲林縣虎尾鎮廉使里,雲林縣,虎尾鎮,廉使里,161,258,411,669,2,671,0,671,524,"1,195",56.15
雲林縣虎尾鎮新吉里,雲林縣,虎尾鎮,新吉里,145,335,468,803,3,806,0,806,573,"1,379",58.45
雲林縣虎尾鎮新吉里,雲林縣,虎尾鎮,新吉里,146,258,441,699,2,701,0,701,608,"1,309",53.55
雲林縣虎尾鎮新吉里,雲林縣,虎尾鎮,新吉里,147,278,388,666,5,671,0,671,446,"1,117",60.07
雲林縣虎尾鎮新興里,雲林縣,虎尾鎮,新興里,124,164,227,391,0,391,0,391,272,663,58.97
雲林縣虎尾鎮新興里,雲林縣,虎尾鎮,新興里,125,149,290,439,0,439,0,439,557,996,44.08
雲林縣虎尾鎮德興里,雲林縣,虎尾鎮,德興里,129,253,436,689,4,693,0,693,585,"1,278",54.23
雲林縣虎尾鎮德興里,雲林縣,虎尾鎮,德興里,130,211,471,682,3,685,0,685,466,"1,151",59.51
雲林縣虎尾鎮墾地里,雲林縣,虎尾鎮,墾地里,172,166,276,442,5,447,0,447,377,824,54.25
雲林縣虎尾鎮墾地里,雲林縣,虎尾鎮,墾地里,173,354,579,933,4,937,0,937,"1,004","1,941",48.27
雲林縣虎尾鎮穎川里,雲林縣,虎尾鎮,穎川里,148,207,447,654,2,656,0,656,472,"1,128",58.16
雲林縣虎尾鎮穎川里,雲林縣,虎尾鎮,穎川里,149,190,311,501,4,505,0,505,372,877,57.58
雲林縣虎尾鎮興中里,雲林縣,虎尾鎮,興中里,157,134,310,444,5,449,0,449,354,803,55.92
雲林縣虎尾鎮興中里,雲林縣,虎尾鎮,興中里,158,178,280,458,1,459,0,459,356,815,56.32
雲林縣虎尾鎮興南里,雲林縣,虎尾鎮,興南里,143,214,413,627,1,628,0,628,406,"1,034",60.74
雲林縣虎尾鎮興南里,雲林縣,虎尾鎮,興南里,144,230,342,572,3,575,0,575,591,"1,166",49.31
雲林縣麥寮鄉三盛村,雲林縣,麥寮鄉,三盛村,24,180,254,434,3,437,0,437,638,"1,075",40.65
雲林縣麥寮鄉三盛村,雲林縣,麥寮鄉,三盛村,25,210,258,468,3,471,0,471,669,"1,140",41.32
雲林縣麥寮鄉中興村,雲林縣,麥寮鄉,中興村,22,93,194,287,1,288,0,288,419,707,40.74
雲林縣麥寮鄉中興村,雲林縣,麥寮鄉,中興村,23,114,231,345,2,347,0,347,448,795,43.65
雲林縣麥寮鄉瓦磘村,雲林縣,麥寮鄉,瓦磘村,12,162,139,301,2,303,0,303,409,712,42.56
雲林縣麥寮鄉瓦磘村,雲林縣,麥寮鄉,瓦磘村,13,245,285,530,5,535,0,535,684,"1,219",43.89
雲林縣麥寮鄉後安村,雲林縣,麥寮鄉,後安村,19,145,290,435,1,436,0,436,607,"1,043",41.8
雲林縣麥寮鄉後安村,雲林縣,麥寮鄉,後安村,20,67,226,293,4,297,0,297,618,915,32.46
雲林縣麥寮鄉後安村,雲林縣,麥寮鄉,後安村,21,111,285,396,5,401,0,401,572,973,41.21
雲林縣麥寮鄉施厝村,雲林縣,麥寮鄉,施厝村,33,217,278,495,2,497,0,497,627,"1,124",44.22
雲林縣麥寮鄉施厝村,雲林縣,麥寮鄉,施厝村,34,210,290,500,2,502,0,502,769,"1,271",39.5
雲林縣麥寮鄉施厝村,雲林縣,麥寮鄉,施厝村,35,187,313,500,5,505,0,505,597,"1,102",45.83
雲林縣麥寮鄉海豐村,雲林縣,麥寮鄉,海豐村,17,103,351,454,5,459,0,459,704,"1,163",39.47
雲林縣麥寮鄉海豐村,雲林縣,麥寮鄉,海豐村,18,153,280,433,7,440,0,440,537,977,45.04
雲林縣麥寮鄉崙後村,雲林縣,麥寮鄉,崙後村,26,174,381,555,2,557,0,557,785,"1,342",41.51
雲林縣麥寮鄉崙後村,雲林縣,麥寮鄉,崙後村,27,216,359,575,6,581,0,581,773,"1,354",42.91
雲林縣麥寮鄉麥津村,雲林縣,麥寮鄉,麥津村,8,192,304,496,4,500,0,500,590,"1,090",45.87
雲林縣麥寮鄉麥津村,雲林縣,麥寮鄉,麥津村,9,142,256,398,1,399,0,399,526,925,43.14
雲林縣麥寮鄉麥津村,雲林縣,麥寮鄉,麥津村,10,170,401,571,2,573,0,573,633,"1,206",47.51
雲林縣麥寮鄉麥津村,雲林縣,麥寮鄉,麥津村,11,113,298,411,6,417,0,417,584,"1,001",41.66
雲林縣麥寮鄉麥豐村,雲林縣,麥寮鄉,麥豐村,1,131,339,470,3,473,0,473,551,"1,024",46.19
雲林縣麥寮鄉麥豐村,雲林縣,麥寮鄉,麥豐村,2,130,276,406,1,407,0,407,590,997,40.82
雲林縣麥寮鄉麥豐村,雲林縣,麥寮鄉,麥豐村,3,173,261,434,3,437,0,437,531,968,45.14
雲林縣麥寮鄉麥豐村,雲林縣,麥寮鄉,麥豐村,4,200,401,601,4,605,0,605,651,"1,256",48.17
雲林縣麥寮鄉麥豐村,雲林縣,麥寮鄉,麥豐村,5,226,312,538,3,541,0,541,528,"1,069",50.61
雲林縣麥寮鄉麥豐村,雲林縣,麥寮鄉,麥豐村,6,142,291,433,1,434,0,434,575,"1,009",43.01
雲林縣麥寮鄉麥豐村,雲林縣,麥寮鄉,麥豐村,7,161,346,507,3,510,0,510,681,"1,191",42.82
雲林縣麥寮鄉新吉村,雲林縣,麥寮鄉,新吉村,32,174,342,516,5,521,0,521,646,"1,167",44.64
雲林縣麥寮鄉雷厝村,雲林縣,麥寮鄉,雷厝村,36,176,292,468,2,470,0,470,724,"1,194",39.36
雲林縣麥寮鄉雷厝村,雲林縣,麥寮鄉,雷厝村,37,178,242,420,2,422,0,422,604,"1,026",41.13
雲林縣麥寮鄉橋頭村,雲林縣,麥寮鄉,橋頭村,28,177,337,514,1,515,0,515,656,"1,171",43.98
雲林縣麥寮鄉橋頭村,雲林縣,麥寮鄉,橋頭村,29,147,264,411,3,414,0,414,518,932,44.42
雲林縣麥寮鄉橋頭村,雲林縣,麥寮鄉,橋頭村,30,180,252,432,0,432,0,432,553,985,43.86
雲林縣麥寮鄉橋頭村,雲林縣,麥寮鄉,橋頭村,31,130,253,383,7,390,0,390,527,917,42.53
雲林縣麥寮鄉興華村,雲林縣,麥寮鄉,興華村,14,226,316,542,2,544,0,544,751,"1,295",42.01
雲林縣麥寮鄉興華村,雲林縣,麥寮鄉,興華村,15,180,279,459,4,463,0,463,593,"1,056",43.84
雲林縣麥寮鄉興華村,雲林縣,麥寮鄉,興華村,16,111,173,284,2,286,0,286,389,675,42.37
雲林縣臺西鄉山寮村,雲林縣,臺西鄉,山寮村,43,86,240,326,2,328,0,328,407,735,44.63
雲林縣臺西鄉五港村,雲林縣,臺西鄉,五港村,51,190,335,525,5,530,0,530,591,"1,121",47.28
雲林縣臺西鄉五港村,雲林縣,臺西鄉,五港村,52,61,174,235,2,237,0,237,265,502,47.21
雲林縣臺西鄉五榔村,雲林縣,臺西鄉,五榔村,49,122,78,200,5,205,0,205,208,413,49.64
雲林縣臺西鄉牛厝村,雲林縣,臺西鄉,牛厝村,46,201,222,423,5,428,0,428,596,"1,024",41.8
雲林縣臺西鄉牛厝村,雲林縣,臺西鄉,牛厝村,47,81,189,270,4,274,0,274,372,646,42.41
雲林縣臺西鄉台西村,雲林縣,臺西鄉,台西村,38,159,438,597,4,601,0,601,491,"1,092",55.04
雲林縣臺西鄉永豐村,雲林縣,臺西鄉,永豐村,55,85,265,350,4,354,0,354,342,696,50.86
雲林縣臺西鄉永豐村,雲林縣,臺西鄉,永豐村,56,78,176,254,3,257,0,257,248,505,50.89
雲林縣臺西鄉光華村,雲林縣,臺西鄉,光華村,50,133,180,313,7,320,0,320,301,621,51.53
雲林縣臺西鄉和豐村,雲林縣,臺西鄉,和豐村,57,135,302,437,2,439,0,439,493,932,47.1
雲林縣臺西鄉和豐村,雲林縣,臺西鄉,和豐村,58,147,270,417,3,420,0,420,482,902,46.56
雲林縣臺西鄉和豐村,雲林縣,臺西鄉,和豐村,59,111,216,327,3,330,0,330,500,830,39.76
雲林縣臺西鄉泉州村,雲林縣,臺西鄉,泉州村,48,83,158,241,3,244,0,244,292,536,45.52
雲林縣臺西鄉海口村,雲林縣,臺西鄉,海口村,41,114,275,389,3,392,0,392,511,903,43.41
雲林縣臺西鄉海口村,雲林縣,臺西鄉,海口村,42,108,313,421,5,426,0,426,500,926,46
雲林縣臺西鄉海北村,雲林縣,臺西鄉,海北村,40,138,290,428,0,428,0,428,547,975,43.9
雲林縣臺西鄉海南村,雲林縣,臺西鄉,海南村,39,152,342,494,5,499,0,499,510,"1,009",49.45
雲林縣臺西鄉蚊港村,雲林縣,臺西鄉,蚊港村,60,122,335,457,9,466,0,466,532,998,46.69
雲林縣臺西鄉蚊港村,雲林縣,臺西鄉,蚊港村,61,48,193,241,0,241,0,241,286,527,45.73
雲林縣臺西鄉富琦村,雲林縣,臺西鄉,富琦村,53,159,354,513,2,515,0,515,457,972,52.98
雲林縣臺西鄉富琦村,雲林縣,臺西鄉,富琦村,54,54,161,215,1,216,0,216,206,422,51.18
雲林縣臺西鄉溪頂村,雲林縣,臺西鄉,溪頂村,44,95,191,286,6,292,0,292,364,656,44.51
雲林縣臺西鄉溪頂村,雲林縣,臺西鄉,溪頂村,45,104,158,262,0,262,0,262,414,676,38.76
雲林縣褒忠鄉中民村,雲林縣,褒忠鄉,中民村,78,200,233,433,5,438,0,438,353,791,55.37
雲林縣褒忠鄉中民村,雲林縣,褒忠鄉,中民村,79,231,319,550,7,557,0,557,402,959,58.08
雲林縣褒忠鄉中勝村,雲林縣,褒忠鄉,中勝村,82,169,188,357,2,359,0,359,299,658,54.56
雲林縣褒忠鄉中勝村,雲林縣,褒忠鄉,中勝村,83,182,191,373,7,380,0,380,287,667,56.97
雲林縣褒忠鄉田洋村,雲林縣,褒忠鄉,田洋村,89,163,206,369,2,371,0,371,330,701,52.92
雲林縣褒忠鄉有才村,雲林縣,褒忠鄉,有才村,88,149,216,365,1,366,0,366,404,770,47.53
雲林縣褒忠鄉埔姜村,雲林縣,褒忠鄉,埔姜村,80,154,222,376,3,379,0,379,318,697,54.38
雲林縣褒忠鄉埔姜村,雲林縣,褒忠鄉,埔姜村,81,137,227,364,2,366,0,366,323,689,53.12
雲林縣褒忠鄉馬鳴村,雲林縣,褒忠鄉,馬鳴村,84,104,138,242,1,243,0,243,202,445,54.61
雲林縣褒忠鄉馬鳴村,雲林縣,褒忠鄉,馬鳴村,85,233,240,473,1,474,0,474,410,884,53.62
雲林縣褒忠鄉新湖村,雲林縣,褒忠鄉,新湖村,86,106,111,217,1,218,0,218,192,410,53.17
雲林縣褒忠鄉新湖村,雲林縣,褒忠鄉,新湖村,87,163,144,307,2,309,0,309,315,624,49.52
雲林縣褒忠鄉潮厝村,雲林縣,褒忠鄉,潮厝村,91,181,176,357,4,361,0,361,416,777,46.46
雲林縣褒忠鄉龍岩村,雲林縣,褒忠鄉,龍岩村,90,196,331,527,2,529,0,529,533,"1,062",49.81
新北市八里區下罟里,新北市,八里區,下罟里,178,246,542,788,6,794,0,794,599,"1,393",57
新北市八里區大崁里,新北市,八里區,大崁里,159,257,283,540,3,543,0,543,452,995,54.57
新北市八里區大崁里,新北市,八里區,大崁里,160,274,345,619,1,620,0,620,542,"1,162",53.36
新北市八里區大崁里,新北市,八里區,大崁里,161,292,315,607,2,609,0,609,493,"1,102",55.26
新北市八里區米倉里,新北市,八里區,米倉里,156,246,351,597,3,600,0,600,618,"1,218",49.26
新北市八里區米倉里,新北市,八里區,米倉里,157,255,300,555,1,556,0,556,499,"1,055",52.7
新北市八里區米倉里,新北市,八里區,米倉里,158,284,371,655,3,658,0,658,570,"1,228",53.58
新北市八里區長坑里,新北市,八里區,長坑里,177,283,446,729,4,733,0,733,655,"1,388",52.81
新北市八里區荖阡里,新北市,八里區,荖阡里,176,346,420,766,1,767,0,767,753,"1,520",50.46
新北市八里區訊塘里,新北市,八里區,訊塘里,172,289,414,703,7,710,0,710,626,"1,336",53.14
新北市八里區訊塘里,新北市,八里區,訊塘里,173,247,404,651,3,654,0,654,659,"1,313",49.81
新北市八里區訊塘里,新北市,八里區,訊塘里,174,295,446,741,4,745,0,745,655,"1,400",53.21
新北市八里區訊塘里,新北市,八里區,訊塘里,175,268,358,626,4,630,0,630,541,"1,171",53.8
新北市八里區埤頭里,新北市,八里區,埤頭里,162,373,364,737,3,740,0,740,723,"1,463",50.58
新北市八里區埤頭里,新北市,八里區,埤頭里,163,378,364,742,6,748,0,748,673,"1,421",52.64
新北市八里區埤頭里,新北市,八里區,埤頭里,164,306,455,761,8,769,0,769,687,"1,456",52.82
新北市八里區頂罟里,新北市,八里區,頂罟里,165,251,283,534,1,535,0,535,465,"1,000",53.5
新北市八里區頂罟里,新北市,八里區,頂罟里,166,225,304,529,1,530,0,530,665,"1,195",44.35
新北市八里區龍源里,新北市,八里區,龍源里,151,391,389,780,9,789,0,789,660,"1,449",54.45
新北市八里區龍源里,新北市,八里區,龍源里,152,320,426,746,2,748,0,748,727,"1,475",50.71
新北市八里區龍源里,新北市,八里區,龍源里,153,328,438,766,3,769,0,769,598,"1,367",56.25
新北市八里區龍源里,新北市,八里區,龍源里,154,340,445,785,3,788,0,788,685,"1,473",53.5
新北市八里區龍源里,新北市,八里區,龍源里,155,341,452,793,3,796,0,796,526,"1,322",60.21
新北市八里區舊城里,新北市,八里區,舊城里,167,284,345,629,3,632,0,632,575,"1,207",52.36
新北市八里區舊城里,新北市,八里區,舊城里,168,278,398,676,5,681,0,681,598,"1,279",53.24
新北市八里區舊城里,新北市,八里區,舊城里,169,287,293,580,8,588,0,588,587,"1,175",50.04
新北市八里區舊城里,新北市,八里區,舊城里,170,278,420,698,4,702,0,702,634,"1,336",52.54
新北市八里區舊城里,新北市,八里區,舊城里,171,273,380,653,4,657,0,657,655,"1,312",50.08
新北市三芝區八賢里,新北市,三芝區,八賢里,11,82,85,167,1,168,0,168,117,285,58.95
新北市三芝區古庄里,新北市,三芝區,古庄里,16,225,322,547,3,550,0,550,596,"1,146",47.99
新北市三芝區店子里,新北市,三芝區,店子里,30,128,125,253,2,255,0,255,258,513,49.71
新北市三芝區後厝里,新北市,三芝區,後厝里,26,173,270,443,6,449,0,449,333,782,57.42
新北市三芝區後厝里,新北市,三芝區,後厝里,27,238,409,647,2,649,0,649,701,"1,350",48.07
新北市三芝區茂長里,新北市,三芝區,茂長里,23,143,210,353,1,354,0,354,219,573,61.78
新北市三芝區埔坪里,新北市,三芝區,埔坪里,18,231,375,606,4,610,0,610,671,"1,281",47.62
新北市三芝區埔坪里,新北市,三芝區,埔坪里,19,262,371,633,5,638,0,638,666,"1,304",48.93
新北市三芝區埔坪里,新北市,三芝區,埔坪里,20,198,382,580,4,584,1,585,561,"1,146",50.96
新北市三芝區埔坪里,新北市,三芝區,埔坪里,21,228,370,598,4,602,0,602,621,"1,223",49.22
新北市三芝區埔坪里,新北市,三芝區,埔坪里,22,187,394,581,3,584,0,584,534,"1,118",52.24
新北市三芝區埔頭里,新北市,三芝區,埔頭里,12,206,430,636,1,637,0,637,554,"1,191",53.48
新北市三芝區埔頭里,新北市,三芝區,埔頭里,13,253,391,644,2,646,0,646,555,"1,201",53.79
新北市三芝區埔頭里,新北市,三芝區,埔頭里,14,220,352,572,2,574,0,574,606,"1,180",48.64
新北市三芝區埔頭里,新北市,三芝區,埔頭里,15,210,309,519,6,525,0,525,512,"1,037",50.63
新北市三芝區圓山里,新北市,三芝區,圓山里,29,78,153,231,2,233,0,233,233,466,50
新北市三芝區新庄里,新北市,三芝區,新庄里,17,154,238,392,2,394,0,394,306,700,56.29
新北市三芝區福德里,新北市,三芝區,福德里,28,166,247,413,1,414,0,414,319,733,56.48
新北市三芝區橫山里,新北市,三芝區,橫山里,24,80,157,237,1,238,0,238,192,430,55.35
新北市三芝區興華里,新北市,三芝區,興華里,31,267,312,579,4,583,0,583,527,"1,110",52.52
新北市三芝區錫板里,新北市,三芝區,錫板里,25,157,185,342,1,343,0,343,232,575,59.65
新北市中和區力行里,新北市,中和區,力行里,502,452,684,"1,136",8,"1,144",0,"1,144",743,"1,887",60.63
新北市中和區力行里,新北市,中和區,力行里,503,437,540,977,5,982,0,982,624,"1,606",61.15
新北市中和區力行里,新北市,中和區,力行里,504,454,555,"1,009",7,"1,016",0,"1,016",713,"1,729",58.76
新北市中和區中山里,新北市,中和區,中山里,561,319,338,657,5,662,0,662,487,"1,149",57.62
新北市中和區中山里,新北市,中和區,中山里,562,248,343,591,2,593,0,593,549,"1,142",51.93
新北市中和區中正里,新北市,中和區,中正里,557,402,496,898,4,902,0,902,739,"1,641",54.97
新北市中和區中正里,新北市,中和區,中正里,558,379,505,884,8,892,0,892,726,"1,618",55.13
新北市中和區中安里,新北市,中和區,中安里,714,254,536,790,3,793,0,793,532,"1,325",59.85
新北市中和區中安里,新北市,中和區,中安里,715,240,528,768,5,773,0,773,465,"1,238",62.44
新北市中和區中安里,新北市,中和區,中安里,716,289,538,827,6,833,0,833,450,"1,283",64.93
新北市中和區中原里,新北市,中和區,中原里,491,367,594,961,6,967,0,967,653,"1,620",59.69
新北市中和區中原里,新北市,中和區,中原里,492,367,412,779,7,786,0,786,868,"1,654",47.52
新北市中和區中原里,新北市,中和區,中原里,493,398,448,846,2,848,0,848,764,"1,612",52.61
新北市中和區中原里,新北市,中和區,中原里,494,479,646,"1,125",3,"1,128",0,"1,128",849,"1,977",57.06
新北市中和區中原里,新北市,中和區,中原里,495,398,454,852,6,858,0,858,727,"1,585",54.13
新北市中和區中興里,新北市,中和區,中興里,605,313,451,764,3,767,0,767,615,"1,382",55.5
新北市中和區中興里,新北市,中和區,中興里,606,294,596,890,8,898,0,898,625,"1,523",58.96
新北市中和區中興里,新北市,中和區,中興里,607,322,475,797,4,801,0,801,552,"1,353",59.2
新北市中和區中興里,新北市,中和區,中興里,608,307,482,789,3,792,0,792,513,"1,305",60.69
新北市中和區仁和里,新北市,中和區,仁和里,554,225,307,532,11,543,0,543,449,992,54.74
新北市中和區仁和里,新北市,中和區,仁和里,555,280,310,590,2,592,0,592,489,"1,081",54.76
新北市中和區仁和里,新北市,中和區,仁和里,556,327,396,723,7,730,0,730,456,"1,186",61.55
新北市中和區內南里,新北市,中和區,內南里,594,254,433,687,6,693,0,693,584,"1,277",54.27
新北市中和區內南里,新北市,中和區,內南里,595,254,510,764,9,773,0,773,613,"1,386",55.77
新北市中和區內南里,新北市,中和區,內南里,596,316,487,803,6,809,0,809,627,"1,436",56.34
新北市中和區文元里,新北市,中和區,文元里,651,319,390,709,2,711,0,711,655,"1,366",52.05
新北市中和區文元里,新北市,中和區,文元里,652,428,363,791,10,801,0,801,592,"1,393",57.5
新北市中和區文元里,新北市,中和區,文元里,653,380,462,842,4,846,0,846,599,"1,445",58.55
新北市中和區外南里,新北市,中和區,外南里,602,270,493,763,3,766,0,766,566,"1,332",57.51
新北市中和區外南里,新北市,中和區,外南里,603,300,415,715,4,719,0,719,622,"1,341",53.62
新北市中和區外南里,新北市,中和區,外南里,604,274,270,544,3,547,0,547,"3,633","4,180",13.09
新北市中和區平河里,新北市,中和區,平河里,546,435,440,875,7,882,0,882,803,"1,685",52.34
新北市中和區平河里,新北市,中和區,平河里,547,499,574,"1,073",10,"1,083",0,"1,083",760,"1,843",58.76
新北市中和區平河里,新北市,中和區,平河里,548,259,400,659,0,659,0,659,554,"1,213",54.33
新北市中和區平河里,新北市,中和區,平河里,549,426,715,"1,141",2,"1,143",0,"1,143",789,"1,932",59.16
新北市中和區平河里,新北市,中和區,平河里,550,315,538,853,8,861,0,861,448,"1,309",65.78
新北市中和區正行里,新北市,中和區,正行里,505,281,346,627,3,630,0,630,461,"1,091",57.75
新北市中和區正行里,新北市,中和區,正行里,506,293,467,760,2,762,0,762,561,"1,323",57.6
新北市中和區正南里,新北市,中和區,正南里,566,241,544,785,6,791,2,793,754,"1,547",51.13
新北市中和區正南里,新北市,中和區,正南里,567,246,493,739,12,751,0,751,627,"1,378",54.5
新北市中和區民生里,新北市,中和區,民生里,675,455,536,991,7,998,0,998,721,"1,719",58.06
新北市中和區民生里,新北市,中和區,民生里,676,328,351,679,2,681,0,681,415,"1,096",62.14
新北市中和區民生里,新北市,中和區,民生里,677,192,256,448,5,453,0,453,368,821,55.18
新北市中和區民安里,新北市,中和區,民安里,656,416,368,784,7,791,0,791,640,"1,431",55.28
新北市中和區民安里,新北市,中和區,民安里,657,359,432,791,3,794,0,794,703,"1,497",53.04
新北市中和區民安里,新北市,中和區,民安里,658,370,519,889,3,892,0,892,591,"1,483",60.15
新北市中和區民有里,新北市,中和區,民有里,691,297,352,649,5,654,0,654,468,"1,122",58.29
新北市中和區民有里,新北市,中和區,民有里,692,307,393,700,7,707,0,707,505,"1,212",58.33
新北市中和區民享里,新北市,中和區,民享里,643,292,335,627,1,628,0,628,355,983,63.89
新北市中和區民享里,新北市,中和區,民享里,644,320,323,643,4,647,0,647,441,"1,088",59.47
新北市中和區瓦磘里,新北市,中和區,瓦磘里,529,335,462,797,7,804,0,804,721,"1,525",52.72
新北市中和區瓦磘里,新北市,中和區,瓦磘里,530,429,501,930,6,936,0,936,708,"1,644",56.93
新北市中和區瓦磘里,新北市,中和區,瓦磘里,531,369,477,846,4,850,0,850,638,"1,488",57.12
新北市中和區吉興里,新北市,中和區,吉興里,609,244,477,721,3,724,0,724,581,"1,305",55.48
新北市中和區吉興里,新北市,中和區,吉興里,610,238,437,675,2,677,0,677,572,"1,249",54.2
新北市中和區安平里,新北市,中和區,安平里,711,375,706,"1,081",4,"1,085",0,"1,085",660,"1,745",62.18
新北市中和區安平里,新北市,中和區,安平里,712,346,642,988,2,990,0,990,675,"1,665",59.46
新北市中和區安平里,新北市,中和區,安平里,713,352,708,"1,060",6,"1,066",0,"1,066",621,"1,687",63.19
新北市中和區安和里,新北市,中和區,安和里,706,359,433,792,2,794,1,795,485,"1,280",62.03
新北市中和區安和里,新北市,中和區,安和里,707,327,524,851,7,858,0,858,514,"1,372",62.54
新北市中和區安順里,新北市,中和區,安順里,708,233,415,648,2,650,0,650,430,"1,080",60.19
新北市中和區安順里,新北市,中和區,安順里,709,333,517,850,1,851,0,851,539,"1,390",61.22
新北市中和區安順里,新北市,中和區,安順里,710,280,533,813,5,818,0,818,548,"1,366",59.88
新北市中和區安樂里,新北市,中和區,安樂里,703,292,466,758,5,763,0,763,498,"1,261",60.51
新北市中和區安樂里,新北市,中和區,安樂里,704,196,350,546,3,549,0,549,388,937,58.59
新北市中和區安樂里,新北市,中和區,安樂里,705,199,396,595,4,599,0,599,403,"1,002",59.78
新北市中和區安穗里,新北市,中和區,安穗里,659,384,352,736,7,743,0,743,475,"1,218",61
新北市中和區安穗里,新北市,中和區,安穗里,660,300,412,712,4,716,0,716,603,"1,319",54.28
新北市中和區安穗里,新北市,中和區,安穗里,661,324,346,670,8,678,0,678,549,"1,227",55.26
新北市中和區灰磘里,新北市,中和區,灰磘里,637,171,198,369,5,374,0,374,328,702,53.28
新北市中和區自強里,新北市,中和區,自強里,669,380,425,805,7,812,0,812,630,"1,442",56.31
新北市中和區自強里,新北市,中和區,自強里,670,406,361,767,6,773,0,773,651,"1,424",54.28
新北市中和區自強里,新北市,中和區,自強里,671,324,390,714,2,716,0,716,572,"1,288",55.59
新北市中和區秀士里,新北市,中和區,秀士里,740,141,394,535,4,539,0,539,484,"1,023",52.69
新北市中和區秀士里,新北市,中和區,秀士里,741,233,403,636,5,641,0,641,499,"1,140",56.23
新北市中和區秀山里,新北市,中和區,秀山里,720,246,427,673,3,676,0,676,544,"1,220",55.41
新北市中和區秀山里,新北市,中和區,秀山里,721,276,421,697,3,700,0,700,606,"1,306",53.6
新北市中和區秀山里,新北市,中和區,秀山里,722,256,487,743,6,749,0,749,539,"1,288",58.15
新北市中和區秀仁里,新北市,中和區,秀仁里,745,269,456,725,6,731,0,731,607,"1,338",54.63
新北市中和區秀仁里,新北市,中和區,秀仁里,746,274,440,714,9,723,0,723,606,"1,329",54.4
新北市中和區秀水里,新北市,中和區,秀水里,742,208,420,628,1,629,0,629,474,"1,103",57.03
新北市中和區秀水里,新北市,中和區,秀水里,743,188,399,587,1,588,0,588,474,"1,062",55.37
新北市中和區秀水里,新北市,中和區,秀水里,744,187,429,616,3,619,0,619,436,"1,055",58.67
新北市中和區秀成里,新北市,中和區,秀成里,723,334,468,802,1,803,0,803,546,"1,349",59.53
新北市中和區秀成里,新北市,中和區,秀成里,724,333,557,890,1,891,0,891,646,"1,537",57.97
新北市中和區秀明里,新北市,中和區,秀明里,734,245,585,830,5,835,0,835,653,"1,488",56.12
新北市中和區秀明里,新北市,中和區,秀明里,735,288,630,918,5,923,0,923,771,"1,694",54.49
新北市中和區秀明里,新北市,中和區,秀明里,736,356,518,874,7,881,0,881,486,"1,367",64.45
新北市中和區秀峰里,新北市,中和區,秀峰里,737,195,412,607,8,615,0,615,457,"1,072",57.37
新北市中和區秀峰里,新北市,中和區,秀峰里,738,337,578,915,3,918,0,918,746,"1,664",55.17
新北市中和區秀峰里,新北市,中和區,秀峰里,739,292,588,880,3,883,0,883,665,"1,548",57.04
新北市中和區秀景里,新北市,中和區,秀景里,730,348,664,"1,012",10,"1,022",0,"1,022",711,"1,733",58.97
新北市中和區秀景里,新北市,中和區,秀景里,731,378,625,"1,003",11,"1,014",0,"1,014",836,"1,850",54.81
新北市中和區秀景里,新北市,中和區,秀景里,732,166,313,479,3,482,0,482,381,863,55.85
新北市中和區秀景里,新北市,中和區,秀景里,733,244,446,690,6,696,0,696,434,"1,130",61.59
新北市中和區秀義里,新北市,中和區,秀義里,725,322,440,762,8,770,0,770,512,"1,282",60.06
新北市中和區秀義里,新北市,中和區,秀義里,726,217,365,582,1,583,0,583,449,"1,032",56.49
新北市中和區秀福里,新北市,中和區,秀福里,727,322,437,759,4,763,0,763,673,"1,436",53.13
新北市中和區秀福里,新北市,中和區,秀福里,728,313,484,797,1,798,0,798,581,"1,379",57.87
新北市中和區秀福里,新北市,中和區,秀福里,729,356,477,833,8,841,0,841,557,"1,398",60.16
新北市中和區佳和里,新北市,中和區,佳和里,535,315,482,797,7,804,0,804,696,"1,500",53.6
新北市中和區佳和里,新北市,中和區,佳和里,536,358,471,829,10,839,0,839,561,"1,400",59.93
新北市中和區佳和里,新北市,中和區,佳和里,537,355,447,802,3,805,1,806,604,"1,410",57.09
新北市中和區和興里,新北市,中和區,和興里,614,224,366,590,10,600,0,600,389,989,60.67
新北市中和區和興里,新北市,中和區,和興里,615,403,530,933,8,941,0,941,688,"1,629",57.77
新北市中和區和興里,新北市,中和區,和興里,616,245,455,700,4,704,0,704,533,"1,237",56.91
新北市中和區宜安里,新北市,中和區,宜安里,702,388,690,"1,078",6,"1,084",0,"1,084",721,"1,805",60.06
新北市中和區忠孝里,新北市,中和區,忠孝里,581,261,482,743,8,751,0,751,580,"1,331",56.42
新北市中和區忠孝里,新北市,中和區,忠孝里,582,224,504,728,7,735,0,735,571,"1,306",56.28
新北市中和區忠孝里,新北市,中和區,忠孝里,583,226,481,707,5,712,0,712,567,"1,279",55.67
新北市中和區明德里,新北市,中和區,明德里,683,268,266,534,7,541,0,541,423,964,56.12
新北市中和區明德里,新北市,中和區,明德里,684,278,320,598,7,605,0,605,514,"1,119",54.07
新北市中和區明德里,新北市,中和區,明德里,685,278,362,640,4,644,0,644,524,"1,168",55.14
新北市中和區明穗里,新北市,中和區,明穗里,664,331,352,683,5,688,0,688,479,"1,167",58.95
新北市中和區明穗里,新北市,中和區,明穗里,665,325,403,728,9,737,0,737,471,"1,208",61.01
新北市中和區明穗里,新北市,中和區,明穗里,666,381,324,705,3,708,0,708,570,"1,278",55.4
新北市中和區東南里,新北市,中和區,東南里,575,102,498,600,5,605,0,605,459,"1,064",56.86
新北市中和區東南里,新北市,中和區,東南里,576,231,472,703,2,705,0,705,541,"1,246",56.58
新北市中和區東南里,新北市,中和區,東南里,577,173,580,753,3,756,0,756,532,"1,288",58.7
新北市中和區枋寮里,新北市,中和區,枋寮里,511,401,538,939,5,944,0,944,666,"1,610",58.63
新北市中和區枋寮里,新北市,中和區,枋寮里,512,346,483,829,5,834,0,834,701,"1,535",54.33
新北市中和區信和里,新北市,中和區,信和里,551,302,288,590,3,593,0,593,467,"1,060",55.94
新北市中和區信和里,新北市,中和區,信和里,552,305,349,654,4,658,0,658,497,"1,155",56.97
新北市中和區信和里,新北市,中和區,信和里,553,303,395,698,5,703,0,703,569,"1,272",55.27
新北市中和區冠穗里,新北市,中和區,冠穗里,698,440,432,872,8,880,0,880,600,"1,480",59.46
新北市中和區冠穗里,新北市,中和區,冠穗里,699,335,444,779,4,783,0,783,489,"1,272",61.56
新北市中和區南山里,新北市,中和區,南山里,543,359,559,918,7,925,0,925,681,"1,606",57.6
新北市中和區南山里,新北市,中和區,南山里,544,310,485,795,4,799,0,799,579,"1,378",57.98
新北市中和區南山里,新北市,中和區,南山里,545,372,553,925,3,928,0,928,532,"1,460",63.56
新北市中和區建和里,新北市,中和區,建和里,559,280,701,981,5,986,0,986,638,"1,624",60.71
新北市中和區建和里,新北市,中和區,建和里,560,372,460,832,6,838,0,838,626,"1,464",57.24
新北市中和區員山里,新北市,中和區,員山里,645,349,357,706,7,713,0,713,507,"1,220",58.44
新北市中和區員山里,新北市,中和區,員山里,646,403,441,844,6,850,0,850,671,"1,521",55.88
新北市中和區員山里,新北市,中和區,員山里,647,322,470,792,7,799,0,799,596,"1,395",57.28
新北市中和區員山里,新北市,中和區,員山里,648,301,401,702,3,705,0,705,539,"1,244",56.67
新北市中和區員富里,新北市,中和區,員富里,693,346,393,739,2,741,0,741,671,"1,412",52.48
新北市中和區員富里,新北市,中和區,員富里,694,437,504,941,4,945,0,945,810,"1,755",53.85
新北市中和區泰安里,新北市,中和區,泰安里,717,256,358,614,5,619,0,619,449,"1,068",57.96
新北市中和區泰安里,新北市,中和區,泰安里,718,186,264,450,1,451,0,451,301,752,59.97
新北市中和區泰安里,新北市,中和區,泰安里,719,280,350,630,4,634,0,634,496,"1,130",56.11
新北市中和區國光里,新北市,中和區,國光里,678,437,464,901,6,907,0,907,667,"1,574",57.62
新北市中和區國光里,新北市,中和區,國光里,679,409,584,993,5,998,0,998,717,"1,715",58.19
新北市中和區國華里,新北市,中和區,國華里,700,327,336,663,3,666,0,666,480,"1,146",58.12
新北市中和區國華里,新北市,中和區,國華里,701,456,508,964,4,968,0,968,734,"1,702",56.87
新北市中和區崇南里,新北市,中和區,崇南里,584,310,520,830,3,833,0,833,617,"1,450",57.45
新北市中和區崇南里,新北市,中和區,崇南里,585,232,468,700,5,705,0,705,520,"1,225",57.55
新北市中和區崇南里,新北市,中和區,崇南里,586,199,475,674,5,679,0,679,471,"1,150",59.04
新北市中和區清穗里,新北市,中和區,清穗里,667,411,454,865,3,868,0,868,625,"1,493",58.14
新北市中和區清穗里,新北市,中和區,清穗里,668,370,439,809,5,814,0,814,577,"1,391",58.52
新北市中和區連和里,新北市,中和區,連和里,496,222,351,573,1,574,0,574,391,965,59.48
新北市中和區連和里,新北市,中和區,連和里,497,276,655,931,5,936,0,936,733,"1,669",56.08
新北市中和區連城里,新北市,中和區,連城里,498,375,643,"1,018",10,"1,028",0,"1,028",653,"1,681",61.15
新北市中和區連城里,新北市,中和區,連城里,499,202,466,668,3,671,0,671,379,"1,050",63.9
新北市中和區連城里,新北市,中和區,連城里,500,420,508,928,8,936,0,936,619,"1,555",60.19
新北市中和區連城里,新北市,中和區,連城里,501,268,400,668,3,671,0,671,509,"1,180",56.86
新北市中和區頂南里,新北市,中和區,頂南里,568,201,460,661,3,664,0,664,469,"1,133",58.61
新北市中和區頂南里,新北市,中和區,頂南里,569,247,543,790,2,792,0,792,465,"1,257",63.01
新北市中和區復興里,新北市,中和區,復興里,611,274,569,843,7,850,0,850,623,"1,473",57.71
新北市中和區復興里,新北市,中和區,復興里,612,373,460,833,3,836,0,836,610,"1,446",57.81
新北市中和區復興里,新北市,中和區,復興里,613,295,438,733,2,735,0,735,545,"1,280",57.42
新北市中和區景文里,新北市,中和區,景文里,630,391,661,"1,052",9,"1,061",0,"1,061",688,"1,749",60.66
新北市中和區景文里,新北市,中和區,景文里,631,432,612,"1,044",8,"1,052",0,"1,052",756,"1,808",58.19
新北市中和區景平里,新北市,中和區,景平里,617,234,407,641,9,650,0,650,499,"1,149",56.57
新北市中和區景平里,新北市,中和區,景平里,618,473,847,"1,320",10,"1,330",0,"1,330","1,102","2,432",54.69
新北市中和區景平里,新北市,中和區,景平里,619,194,387,581,4,585,0,585,351,936,62.5
新北市中和區景平里,新北市,中和區,景平里,620,240,339,579,3,582,0,582,461,"1,043",55.8
新北市中和區景本里,新北市,中和區,景本里,591,179,287,466,2,468,0,468,325,793,59.02
新北市中和區景本里,新北市,中和區,景本里,592,207,348,555,7,562,0,562,376,938,59.91
新北市中和區景安里,新北市,中和區,景安里,626,225,342,567,4,571,0,571,342,913,62.54
新北市中和區景安里,新北市,中和區,景安里,627,213,482,695,5,700,0,700,433,"1,133",61.78
新北市中和區景安里,新北市,中和區,景安里,628,293,456,749,5,754,0,754,485,"1,239",60.86
新北市中和區景安里,新北市,中和區,景安里,629,226,323,549,2,551,0,551,355,906,60.82
新北市中和區景南里,新北市,中和區,景南里,589,220,441,661,5,666,0,666,556,"1,222",54.5
新北市中和區景南里,新北市,中和區,景南里,590,291,537,828,3,831,0,831,583,"1,414",58.77
新北市中和區景新里,新北市,中和區,景新里,621,362,528,890,3,893,0,893,604,"1,497",59.65
新北市中和區景新里,新北市,中和區,景新里,622,367,548,915,3,918,0,918,617,"1,535",59.8
新北市中和區景福里,新北市,中和區,景福里,623,422,701,"1,123",4,"1,127",0,"1,127",870,"1,997",56.43
新北市中和區景福里,新北市,中和區,景福里,624,307,494,801,3,804,0,804,662,"1,466",54.84
新北市中和區景福里,新北市,中和區,景福里,625,451,730,"1,181",6,"1,187",0,"1,187",917,"2,104",56.42
新北市中和區華南里,新北市,中和區,華南里,578,302,571,873,6,879,0,879,652,"1,531",57.41
新北市中和區華南里,新北市,中和區,華南里,579,244,603,847,12,859,0,859,678,"1,537",55.89
新北市中和區華南里,新北市,中和區,華南里,580,255,470,725,6,731,0,731,506,"1,237",59.09
新北市中和區華新里,新北市,中和區,華新里,570,548,240,788,6,794,0,794,645,"1,439",55.18
新北市中和區華新里,新北市,中和區,華新里,571,287,608,895,5,900,0,900,676,"1,576",57.11
新北市中和區華新里,新北市,中和區,華新里,572,293,520,813,5,818,0,818,634,"1,452",56.34
新北市中和區華新里,新北市,中和區,華新里,573,213,418,631,3,634,1,635,509,"1,144",55.42
新北市中和區華新里,新北市,中和區,華新里,574,217,452,669,5,674,0,674,558,"1,232",54.71
新北市中和區新南里,新北市,中和區,新南里,538,304,458,762,8,770,0,770,649,"1,419",54.26
新北市中和區新南里,新北市,中和區,新南里,539,298,468,766,4,770,0,770,551,"1,321",58.29
新北市中和區新南里,新北市,中和區,新南里,540,293,501,794,5,799,0,799,574,"1,373",58.19
新北市中和區新南里,新北市,中和區,新南里,541,326,540,866,5,871,0,871,552,"1,423",61.21
新北市中和區新南里,新北市,中和區,新南里,542,306,504,810,4,814,0,814,650,"1,464",55.6
新北市中和區瑞穗里,新北市,中和區,瑞穗里,662,279,317,596,3,599,0,599,521,"1,120",53.48
新北市中和區瑞穗里,新北市,中和區,瑞穗里,663,183,333,516,4,520,0,520,358,878,59.23
新北市中和區嘉新里,新北市,中和區,嘉新里,654,384,482,866,7,873,0,873,785,"1,658",52.65
新北市中和區嘉新里,新北市,中和區,嘉新里,655,429,514,943,4,947,0,947,780,"1,727",54.83
新北市中和區嘉慶里,新北市,中和區,嘉慶里,695,266,293,559,6,565,0,565,544,"1,109",50.95
新北市中和區嘉慶里,新北市,中和區,嘉慶里,696,295,395,690,5,695,0,695,562,"1,257",55.29
新北市中和區嘉慶里,新北市,中和區,嘉慶里,697,260,327,587,3,590,0,590,503,"1,093",53.98
新北市中和區嘉穗里,新北市,中和區,嘉穗里,649,413,471,884,8,892,0,892,647,"1,539",57.96
新北市中和區嘉穗里,新北市,中和區,嘉穗里,650,259,265,524,1,525,0,525,432,957,54.86
新北市中和區壽南里,新北市,中和區,壽南里,597,251,383,634,3,637,0,637,451,"1,088",58.55
新北市中和區壽南里,新北市,中和區,壽南里,598,303,400,703,10,713,0,713,587,"1,300",54.85
新北市中和區壽德里,新北市,中和區,壽德里,680,247,552,799,7,806,0,806,518,"1,324",60.88
新北市中和區壽德里,新北市,中和區,壽德里,681,286,362,648,4,652,0,652,454,"1,106",58.95
新北市中和區壽德里,新北市,中和區,壽德里,682,212,687,899,4,903,0,903,465,"1,368",66.01
新北市中和區漳和里,新北市,中和區,漳和里,513,398,494,892,5,897,0,897,739,"1,636",54.83
新北市中和區漳和里,新北市,中和區,漳和里,514,431,509,940,1,941,0,941,755,"1,696",55.48
新北市中和區碧河里,新北市,中和區,碧河里,563,478,571,"1,049",6,"1,055",0,"1,055",663,"1,718",61.41
新北市中和區碧河里,新北市,中和區,碧河里,564,326,331,657,5,662,0,662,441,"1,103",60.02
新北市中和區碧河里,新北市,中和區,碧河里,565,355,606,961,4,965,0,965,750,"1,715",56.27
新北市中和區福和里,新北市,中和區,福和里,532,210,285,495,3,498,0,498,400,898,55.46
新北市中和區福和里,新北市,中和區,福和里,533,303,331,634,2,636,0,636,459,"1,095",58.08
新北市中和區福和里,新北市,中和區,福和里,534,237,384,621,4,625,0,625,453,"1,078",57.98
新北市中和區福南里,新北市,中和區,福南里,599,225,501,726,1,727,0,727,545,"1,272",57.15
新北市中和區福南里,新北市,中和區,福南里,600,277,536,813,8,821,0,821,522,"1,343",61.13
新北市中和區福南里,新北市,中和區,福南里,601,172,426,598,1,599,0,599,364,963,62.2
新北市中和區福美里,新北市,中和區,福美里,523,250,430,680,3,683,0,683,387,"1,070",63.83
新北市中和區福美里,新北市,中和區,福美里,524,316,430,746,3,749,0,749,516,"1,265",59.21
新北市中和區福美里,新北市,中和區,福美里,525,352,359,711,1,712,0,712,572,"1,284",55.45
新北市中和區福真里,新北市,中和區,福真里,518,437,608,"1,045",4,"1,049",0,"1,049",831,"1,880",55.8
新北市中和區福真里,新北市,中和區,福真里,519,465,495,960,8,968,0,968,745,"1,713",56.51
新北市中和區福祥里,新北市,中和區,福祥里,526,373,411,784,7,791,0,791,501,"1,292",61.22
新北市中和區福祥里,新北市,中和區,福祥里,527,414,491,905,7,912,0,912,566,"1,478",61.71
新北市中和區福祥里,新北市,中和區,福祥里,528,388,472,860,5,865,0,865,603,"1,468",58.92
新北市中和區福善里,新北市,中和區,福善里,520,282,392,674,3,677,0,677,511,"1,188",56.99
新北市中和區福善里,新北市,中和區,福善里,521,332,399,731,2,733,0,733,587,"1,320",55.53
新北市中和區福善里,新北市,中和區,福善里,522,306,408,714,6,720,0,720,551,"1,271",56.65
新北市中和區廟美里,新北市,中和區,廟美里,515,314,365,679,2,681,0,681,508,"1,189",57.28
新北市中和區廟美里,新北市,中和區,廟美里,516,274,368,642,3,645,0,645,471,"1,116",57.8
新北市中和區廟美里,新北市,中和區,廟美里,517,350,470,820,5,825,0,825,588,"1,413",58.39
新北市中和區德行里,新北市,中和區,德行里,507,316,509,825,4,829,0,829,598,"1,427",58.09
新北市中和區德行里,新北市,中和區,德行里,508,375,477,852,5,857,0,857,561,"1,418",60.44
新北市中和區德行里,新北市,中和區,德行里,509,261,426,687,4,691,0,691,417,"1,108",62.36
新北市中和區德行里,新北市,中和區,德行里,510,434,526,960,2,962,0,962,647,"1,609",59.79
新北市中和區德穗里,新北市,中和區,德穗里,672,329,432,761,6,767,0,767,562,"1,329",57.71
新北市中和區德穗里,新北市,中和區,德穗里,673,375,403,778,6,784,0,784,595,"1,379",56.85
新北市中和區德穗里,新北市,中和區,德穗里,674,259,451,710,5,715,0,715,480,"1,195",59.83
新北市中和區橫路里,新北市,中和區,橫路里,593,75,85,160,0,160,0,160,125,285,56.14
新北市中和區積穗里,新北市,中和區,積穗里,638,433,407,840,8,848,0,848,615,"1,463",57.96
新北市中和區積穗里,新北市,中和區,積穗里,639,309,418,727,2,729,0,729,582,"1,311",55.61
新北市中和區積穗里,新北市,中和區,積穗里,640,337,495,832,3,835,0,835,632,"1,467",56.92
新北市中和區積穗里,新北市,中和區,積穗里,641,310,549,859,4,863,0,863,561,"1,424",60.6
新北市中和區積穗里,新北市,中和區,積穗里,642,339,454,793,1,794,0,794,562,"1,356",58.55
新北市中和區興南里,新北市,中和區,興南里,587,308,414,722,4,726,3,729,574,"1,303",55.72
新北市中和區興南里,新北市,中和區,興南里,588,214,491,705,6,711,0,711,542,"1,253",56.74
新北市中和區錦中里,新北市,中和區,錦中里,686,249,382,631,5,636,0,636,516,"1,152",55.21
新北市中和區錦中里,新北市,中和區,錦中里,687,267,309,576,7,583,0,583,509,"1,092",53.39
新北市中和區錦中里,新北市,中和區,錦中里,688,300,379,679,5,684,0,684,552,"1,236",55.34
新北市中和區錦和里,新北市,中和區,錦和里,632,413,485,898,5,903,0,903,537,"1,440",62.71
新北市中和區錦和里,新北市,中和區,錦和里,633,329,554,883,1,884,0,884,708,"1,592",55.53
新北市中和區錦和里,新北市,中和區,錦和里,634,354,438,792,4,796,0,796,705,"1,501",53.03
新北市中和區錦昌里,新北市,中和區,錦昌里,635,176,338,514,5,519,0,519,418,937,55.39
新北市中和區錦昌里,新北市,中和區,錦昌里,636,254,359,613,3,616,0,616,427,"1,043",59.06
新北市中和區錦盛里,新北市,中和區,錦盛里,689,412,468,880,4,884,0,884,715,"1,599",55.28
新北市中和區錦盛里,新北市,中和區,錦盛里,690,395,530,925,10,935,0,935,644,"1,579",59.21
新北市平溪區十分里,新北市,平溪區,十分里,1063,130,172,302,1,303,0,303,439,742,40.84
新北市平溪區平湖里,新北市,平溪區,平湖里,1067,40,27,67,1,68,0,68,71,139,48.92
新北市平溪區平溪里,新北市,平溪區,平溪里,1060,41,63,104,1,105,0,105,114,219,47.95
新北市平溪區白石里,新北市,平溪區,白石里,1058,44,52,96,0,96,0,96,110,206,46.6
新北市平溪區石底里,新北市,平溪區,石底里,1059,109,81,190,3,193,0,193,180,373,51.74
新北市平溪區東勢里,新北市,平溪區,東勢里,1062,90,103,193,1,194,0,194,192,386,50.26
新北市平溪區南山里,新北市,平溪區,南山里,1065,48,72,120,1,121,0,121,177,298,40.6
新北市平溪區望古里,新北市,平溪區,望古里,1064,27,53,80,1,81,0,81,65,146,55.48
新北市平溪區菁桐里,新北市,平溪區,菁桐里,1057,40,54,94,0,94,0,94,133,227,41.41
新北市平溪區新寮里,新北市,平溪區,新寮里,1066,29,39,68,0,68,0,68,73,141,48.23
新北市平溪區嶺腳里,新北市,平溪區,嶺腳里,1061,89,128,217,1,218,0,218,289,507,43
新北市平溪區薯榔里,新北市,平溪區,薯榔里,1056,80,67,147,0,147,0,147,167,314,46.82
新北市永和區上林里,新北市,永和區,上林里,755,302,564,866,2,868,0,868,573,"1,441",60.24
新北市永和區上林里,新北市,永和區,上林里,756,265,523,788,5,793,0,793,649,"1,442",54.99
新北市永和區上溪里,新北市,永和區,上溪里,881,197,266,463,4,467,0,467,354,821,56.88
新北市永和區上溪里,新北市,永和區,上溪里,882,200,286,486,2,488,0,488,379,867,56.29
新北市永和區下溪里,新北市,永和區,下溪里,866,326,442,768,4,772,0,772,509,"1,281",60.27
新北市永和區下溪里,新北市,永和區,下溪里,867,306,448,754,1,755,0,755,588,"1,343",56.22
新北市永和區下溪里,新北市,永和區,下溪里,868,274,504,778,1,779,0,779,549,"1,328",58.66
新北市永和區大同里,新北市,永和區,大同里,869,120,346,466,1,467,0,467,372,839,55.66
新北市永和區大新里,新北市,永和區,大新里,828,231,372,603,5,608,0,608,485,"1,093",55.63
新北市永和區大新里,新北市,永和區,大新里,829,225,466,691,1,692,0,692,447,"1,139",60.76
新北市永和區中溪里,新北市,永和區,中溪里,852,350,544,894,5,899,0,899,573,"1,472",61.07
新北市永和區中溪里,新北市,永和區,中溪里,853,291,462,753,6,759,0,759,626,"1,385",54.8
新北市永和區中溪里,新北市,永和區,中溪里,854,385,419,804,5,809,0,809,587,"1,396",57.95
新北市永和區中興里,新北市,永和區,中興里,760,277,433,710,2,712,0,712,564,"1,276",55.8
新北市永和區中興里,新北市,永和區,中興里,761,301,510,811,1,812,0,812,672,"1,484",54.72
新北市永和區仁愛里,新北市,永和區,仁愛里,873,289,441,730,5,735,0,735,468,"1,203",61.1
新北市永和區仁愛里,新北市,永和區,仁愛里,874,281,410,691,1,692,0,692,445,"1,137",60.86
新北市永和區文化里,新北市,永和區,文化里,875,230,429,659,0,659,0,659,477,"1,136",58.01
新北市永和區文化里,新北市,永和區,文化里,876,234,415,649,5,654,0,654,527,"1,181",55.38
新北市永和區水源里,新北市,永和區,水源里,835,224,427,651,2,653,0,653,453,"1,106",59.04
新北市永和區水源里,新北市,永和區,水源里,836,242,378,620,7,627,0,627,442,"1,069",58.65
新北市永和區水源里,新北市,永和區,水源里,837,262,391,653,3,656,0,656,422,"1,078",60.85
新北市永和區正興里,新北市,永和區,正興里,764,234,355,589,0,589,0,589,462,"1,051",56.04
新北市永和區正興里,新北市,永和區,正興里,765,167,282,449,3,452,0,452,386,838,53.94
新北市永和區民本里,新北市,永和區,民本里,807,368,497,865,7,872,0,872,690,"1,562",55.83
新北市永和區民本里,新北市,永和區,民本里,808,358,545,903,4,907,0,907,817,"1,724",52.61
新北市永和區民生里,新北市,永和區,民生里,804,207,356,563,4,567,0,567,424,991,57.21
新北市永和區民生里,新北市,永和區,民生里,805,246,369,615,2,617,0,617,434,"1,051",58.71
新北市永和區民生里,新北市,永和區,民生里,806,265,372,637,4,641,0,641,450,"1,091",58.75
新北市永和區民治里,新北市,永和區,民治里,814,218,426,644,7,651,0,651,569,"1,220",53.36
新北市永和區民治里,新北市,永和區,民治里,815,219,398,617,0,617,0,617,533,"1,150",53.65
新北市永和區民族里,新北市,永和區,民族里,791,259,464,723,4,727,0,727,513,"1,240",58.63
新北市永和區民族里,新北市,永和區,民族里,792,299,432,731,5,736,0,736,502,"1,238",59.45
新北市永和區民族里,新北市,永和區,民族里,793,255,458,713,7,720,0,720,609,"1,329",54.18
新北市永和區民富里,新北市,永和區,民富里,809,247,381,628,2,630,0,630,546,"1,176",53.57
新北市永和區民富里,新北市,永和區,民富里,810,267,408,675,1,676,0,676,502,"1,178",57.39
新北市永和區民樂里,新北市,永和區,民樂里,811,246,466,712,3,715,0,715,470,"1,185",60.34
新北市永和區民樂里,新北市,永和區,民樂里,812,255,557,812,1,813,0,813,525,"1,338",60.76
新北市永和區民樂里,新北市,永和區,民樂里,813,280,470,750,3,753,0,753,484,"1,237",60.87
新北市永和區民權里,新北市,永和區,民權里,788,256,480,736,1,737,0,737,509,"1,246",59.15
新北市永和區民權里,新北市,永和區,民權里,789,275,511,786,2,788,0,788,596,"1,384",56.94
新北市永和區民權里,新北市,永和區,民權里,790,264,329,593,3,596,0,596,423,"1,019",58.49
新北市永和區永元里,新北市,永和區,永元里,785,361,453,814,8,822,1,823,549,"1,372",59.91
新北市永和區永元里,新北市,永和區,永元里,786,270,429,699,3,702,0,702,486,"1,188",59.09
新北市永和區永元里,新北市,永和區,永元里,787,297,426,723,4,727,0,727,534,"1,261",57.65
新北市永和區永安里,新北市,永和區,永安里,830,291,443,734,2,736,0,736,451,"1,187",62.01
新北市永和區永安里,新北市,永和區,永安里,831,243,440,683,3,686,0,686,429,"1,115",61.52
新北市永和區永安里,新北市,永和區,永安里,832,266,440,706,2,708,0,708,529,"1,237",57.24
新北市永和區永成里,新北市,永和區,永成里,871,74,341,415,3,418,0,418,363,781,53.52
新北市永和區永貞里,新北市,永和區,永貞里,776,305,524,829,5,834,0,834,607,"1,441",57.88
新北市永和區永貞里,新北市,永和區,永貞里,777,308,479,787,3,790,0,790,555,"1,345",58.74
新北市永和區永福里,新北市,永和區,永福里,778,285,442,727,4,731,0,731,459,"1,190",61.43
新北市永和區永福里,新北市,永和區,永福里,779,252,393,645,4,649,0,649,458,"1,107",58.63
新北市永和區永樂里,新北市,永和區,永樂里,833,232,315,547,2,549,0,549,444,993,55.29
新北市永和區永樂里,新北市,永和區,永樂里,834,238,266,504,1,505,0,505,414,919,54.95
新北市永和區永興里,新北市,永和區,永興里,762,236,431,667,5,672,2,674,596,"1,270",52.91
新北市永和區永興里,新北市,永和區,永興里,763,254,464,718,7,725,0,725,590,"1,315",55.13
新北市永和區光明里,新北市,永和區,光明里,768,246,413,659,3,662,0,662,453,"1,115",59.37
新北市永和區光明里,新北市,永和區,光明里,769,284,524,808,3,811,3,814,557,"1,371",59.15
新北市永和區光復里,新北市,永和區,光復里,747,504,308,812,1,813,0,813,616,"1,429",56.89
新北市永和區安和里,新北市,永和區,安和里,842,274,367,641,6,647,0,647,471,"1,118",57.87
新北市永和區安和里,新北市,永和區,安和里,843,246,419,665,2,667,0,667,429,"1,096",60.86
新北市永和區安和里,新北市,永和區,安和里,844,216,419,635,3,638,0,638,414,"1,052",60.65
新北市永和區竹林里,新北市,永和區,竹林里,751,308,551,859,5,864,0,864,729,"1,593",54.24
新北市永和區竹林里,新北市,永和區,竹林里,752,297,489,786,5,791,0,791,630,"1,421",55.67
新北市永和區秀元里,新北市,永和區,秀元里,802,292,415,707,6,713,0,713,560,"1,273",56.01
新北市永和區秀元里,新北市,永和區,秀元里,803,298,422,720,1,721,0,721,511,"1,232",58.52
新北市永和區秀成里,新北市,永和區,秀成里,796,258,372,630,6,636,0,636,539,"1,175",54.13
新北市永和區秀成里,新北市,永和區,秀成里,797,251,410,661,3,664,0,664,492,"1,156",57.44
新北市永和區秀和里,新北市,永和區,秀和里,782,350,523,873,5,878,1,879,673,"1,552",56.57
新北市永和區秀和里,新北市,永和區,秀和里,783,261,382,643,7,650,0,650,463,"1,113",58.4
新北市永和區秀和里,新北市,永和區,秀和里,784,315,489,804,2,806,0,806,624,"1,430",56.36
新北市永和區秀林里,新北市,永和區,秀林里,798,419,551,970,11,981,0,981,615,"1,596",61.47
新北市永和區秀林里,新北市,永和區,秀林里,799,435,591,"1,026",5,"1,031",0,"1,031",721,"1,752",58.85
新北市永和區秀朗里,新北市,永和區,秀朗里,794,342,589,931,1,932,0,932,636,"1,568",59.44
新北市永和區秀朗里,新北市,永和區,秀朗里,795,419,523,942,8,950,0,950,723,"1,673",56.78
新北市永和區秀得里,新北市,永和區,秀得里,800,226,456,682,5,687,0,687,467,"1,154",59.53
新北市永和區秀得里,新北市,永和區,秀得里,801,224,345,569,3,572,0,572,468,"1,040",55
新北市永和區協和里,新北市,永和區,協和里,838,289,378,667,5,672,0,672,559,"1,231",54.59
新北市永和區協和里,新北市,永和區,協和里,839,279,430,709,5,714,0,714,489,"1,203",59.35
新北市永和區和平里,新北市,永和區,和平里,846,356,424,780,2,782,0,782,580,"1,362",57.42
新北市永和區和平里,新北市,永和區,和平里,847,243,403,646,8,654,0,654,576,"1,230",53.17
新北市永和區和平里,新北市,永和區,和平里,848,300,442,742,0,742,0,742,633,"1,375",53.96
新北市永和區店街里,新北市,永和區,店街里,825,264,368,632,4,636,0,636,533,"1,169",54.41
新北市永和區店街里,新北市,永和區,店街里,826,224,420,644,2,646,0,646,541,"1,187",54.42
新北市永和區店街里,新北市,永和區,店街里,827,256,399,655,2,657,0,657,557,"1,214",54.12
新北市永和區忠義里,新北市,永和區,忠義里,872,73,318,391,2,393,0,393,250,643,61.12
新北市永和區河堤里,新北市,永和區,河堤里,885,317,526,843,5,848,0,848,684,"1,532",55.35
新北市永和區河堤里,新北市,永和區,河堤里,886,273,474,747,3,750,0,750,621,"1,371",54.7
新北市永和區河濱里,新北市,永和區,河濱里,780,274,469,743,6,749,0,749,576,"1,325",56.53
新北市永和區河濱里,新北市,永和區,河濱里,781,288,497,785,1,786,0,786,569,"1,355",58.01
新北市永和區保平里,新北市,永和區,保平里,849,301,440,741,2,743,0,743,625,"1,368",54.31
新北市永和區保平里,新北市,永和區,保平里,850,352,395,747,3,750,0,750,555,"1,305",57.47
新北市永和區保平里,新北市,永和區,保平里,851,410,456,866,4,870,0,870,551,"1,421",61.22
新北市永和區保安里,新北市,永和區,保安里,855,395,439,834,3,837,0,837,649,"1,486",56.33
新北市永和區保安里,新北市,永和區,保安里,856,327,510,837,1,838,0,838,597,"1,435",58.4
新北市永和區保安里,新北市,永和區,保安里,857,339,473,812,4,816,0,816,621,"1,437",56.78
新北市永和區保安里,新北市,永和區,保安里,858,374,533,907,11,918,0,918,614,"1,532",59.92
新北市永和區保順里,新北市,永和區,保順里,859,264,296,560,5,565,0,565,519,"1,084",52.12
新北市永和區保順里,新北市,永和區,保順里,860,308,480,788,3,791,0,791,611,"1,402",56.42
新北市永和區保順里,新北市,永和區,保順里,861,330,504,834,2,836,0,836,586,"1,422",58.79
新北市永和區保順里,新北市,永和區,保順里,862,252,416,668,1,669,0,669,518,"1,187",56.36
新北市永和區保順里,新北市,永和區,保順里,863,254,448,702,3,705,0,705,602,"1,307",53.94
新北市永和區保順里,新北市,永和區,保順里,864,299,557,856,3,859,0,859,623,"1,482",57.96
新北市永和區保順里,新北市,永和區,保順里,865,252,401,653,6,659,0,659,544,"1,203",54.78
新北市永和區信義里,新北市,永和區,信義里,877,268,433,701,6,707,0,707,518,"1,225",57.71
新北市永和區信義里,新北市,永和區,信義里,878,252,328,580,0,580,0,580,396,976,59.43
新北市永和區前溪里,新北市,永和區,前溪里,845,375,662,"1,037",3,"1,040",0,"1,040",742,"1,782",58.36
新北市永和區後溪里,新北市,永和區,後溪里,879,264,272,536,1,537,0,537,401,938,57.25
新北市永和區後溪里,新北市,永和區,後溪里,880,213,327,540,3,543,0,543,393,936,58.01
新北市永和區桂林里,新北市,永和區,桂林里,753,335,587,922,6,928,0,928,717,"1,645",56.41
新北市永和區桂林里,新北市,永和區,桂林里,754,234,538,772,5,777,0,777,696,"1,473",52.75
新北市永和區得和里,新北市,永和區,得和里,773,265,470,735,6,741,0,741,496,"1,237",59.9
新北市永和區得和里,新北市,永和區,得和里,774,196,370,566,3,569,0,569,398,967,58.84
新北市永和區得和里,新北市,永和區,得和里,775,245,432,677,4,681,0,681,512,"1,193",57.08
新北市永和區頂溪里,新北市,永和區,頂溪里,883,257,391,648,5,653,0,653,462,"1,115",58.57
新北市永和區頂溪里,新北市,永和區,頂溪里,884,225,346,571,8,579,0,579,348,927,62.46
新北市永和區復興里,新北市,永和區,復興里,749,226,330,556,1,557,0,557,441,998,55.81
新北市永和區復興里,新北市,永和區,復興里,750,209,430,639,2,641,0,641,404,"1,045",61.34
新北市永和區智光里,新北市,永和區,智光里,816,263,485,748,2,750,0,750,602,"1,352",55.47
新北市永和區智光里,新北市,永和區,智光里,817,260,412,672,7,679,0,679,625,"1,304",52.07
新北市永和區新生里,新北市,永和區,新生里,870,126,318,444,0,444,0,444,342,786,56.49
新北市永和區新廍里,新北市,永和區,新廍里,887,245,367,612,4,616,0,616,360,976,63.11
新北市永和區新廍里,新北市,永和區,新廍里,888,184,365,549,4,553,0,553,366,919,60.17
新北市永和區福和里,新北市,永和區,福和里,770,303,494,797,3,800,0,800,604,"1,404",56.98
新北市永和區福和里,新北市,永和區,福和里,771,315,508,823,6,829,0,829,574,"1,403",59.09
新北市永和區福和里,新北市,永和區,福和里,772,341,541,882,2,884,0,884,661,"1,545",57.22
新北市永和區福林里,新北市,永和區,福林里,757,340,451,791,2,793,0,793,594,"1,387",57.17
新北市永和區福林里,新北市,永和區,福林里,758,318,482,800,3,803,0,803,589,"1,392",57.69
新北市永和區網溪里,新北市,永和區,網溪里,748,188,337,525,2,527,0,527,444,971,54.27
新北市永和區潭安里,新北市,永和區,潭安里,818,171,371,542,7,549,0,549,407,956,57.43
新北市永和區潭安里,新北市,永和區,潭安里,819,169,391,560,1,561,0,561,399,960,58.44
新北市永和區潭安里,新北市,永和區,潭安里,820,220,417,637,5,642,0,642,463,"1,105",58.1
新北市永和區潭安里,新北市,永和區,潭安里,821,184,371,555,0,555,0,555,432,987,56.23
新北市永和區潭墘里,新北市,永和區,潭墘里,822,257,484,741,3,744,0,744,509,"1,253",59.38
新北市永和區潭墘里,新北市,永和區,潭墘里,823,279,451,730,5,735,0,735,566,"1,301",56.5
新北市永和區潭墘里,新北市,永和區,潭墘里,824,253,497,750,5,755,0,755,503,"1,258",60.02
新北市永和區豫溪里,新北市,永和區,豫溪里,766,339,550,889,5,894,0,894,615,"1,509",59.24
新北市永和區豫溪里,新北市,永和區,豫溪里,767,337,548,885,5,890,0,890,"2,202","3,092",28.78
新北市永和區勵行里,新北市,永和區,勵行里,759,271,298,569,6,575,0,575,472,"1,047",54.92
新北市永和區雙和里,新北市,永和區,雙和里,840,369,653,"1,022",10,"1,032",0,"1,032",626,"1,658",62.24
新北市永和區雙和里,新北市,永和區,雙和里,841,412,566,978,4,982,0,982,641,"1,623",60.51
新北市石門區山溪里,新北市,石門區,山溪里,5,126,247,373,1,374,0,374,388,762,49.08
新北市石門區石門里,新北市,石門區,石門里,6,246,454,700,2,702,0,702,660,"1,362",51.54
新北市石門區尖鹿里,新北市,石門區,尖鹿里,7,231,396,627,5,632,0,632,681,"1,313",48.13
新北市石門區老梅里,新北市,石門區,老梅里,3,152,249,401,4,405,0,405,383,788,51.4
新北市石門區老梅里,新北市,石門區,老梅里,4,202,252,454,6,460,0,460,568,"1,028",44.75
新北市石門區茂林里,新北市,石門區,茂林里,9,104,147,251,2,253,0,253,229,482,52.49
新北市石門區草里里,新北市,石門區,草里里,10,141,233,374,4,378,0,378,460,838,45.11
新北市石門區乾華里,新北市,石門區,乾華里,8,34,69,103,2,105,0,105,140,245,42.86
新北市石門區富基里,新北市,石門區,富基里,2,251,349,600,0,600,0,600,581,"1,181",50.8
新北市石門區德茂里,新北市,石門區,德茂里,1,193,296,489,4,493,0,493,521,"1,014",48.62
新北市汐止區八連里,新北市,汐止區,八連里,997,262,249,511,0,511,0,511,403,914,55.91
新北市汐止區大同里,新北市,汐止區,大同里,936,302,366,668,2,670,0,670,538,"1,208",55.46
新北市汐止區大同里,新北市,汐止區,大同里,937,295,416,711,3,714,0,714,607,"1,321",54.05
新北市汐止區山光里,新北市,汐止區,山光里,1015,283,451,734,1,735,0,735,689,"1,424",51.62
新北市汐止區山光里,新北市,汐止區,山光里,1016,293,452,745,4,749,0,749,631,"1,380",54.28
新北市汐止區中興里,新北市,汐止區,中興里,1017,456,539,995,6,"1,001",0,"1,001",858,"1,859",53.85
新北市汐止區中興里,新北市,汐止區,中興里,1018,328,400,728,3,731,0,731,633,"1,364",53.59
新北市汐止區中興里,新北市,汐止區,中興里,1019,135,171,306,3,309,0,309,329,638,48.43
新北市汐止區中興里,新北市,汐止區,中興里,1020,401,514,915,0,915,0,915,698,"1,613",56.73
新北市汐止區中興里,新北市,汐止區,中興里,1021,342,463,805,4,809,0,809,708,"1,517",53.33
新北市汐止區仁德里,新北市,汐止區,仁德里,930,416,525,941,5,946,0,946,683,"1,629",58.07
新北市汐止區文化里,新北市,汐止區,文化里,959,325,412,737,4,741,0,741,627,"1,368",54.17
新北市汐止區文化里,新北市,汐止區,文化里,960,270,398,668,7,675,0,675,525,"1,200",56.25
新北市汐止區文化里,新北市,汐止區,文化里,961,349,580,929,11,940,0,940,587,"1,527",61.56
新北市汐止區北山里,新北市,汐止區,北山里,1039,362,485,847,3,850,0,850,683,"1,533",55.45
新北市汐止區北山里,新北市,汐止區,北山里,1040,323,458,781,4,785,0,785,563,"1,348",58.23
新北市汐止區北山里,新北市,汐止區,北山里,1041,367,391,758,5,763,0,763,526,"1,289",59.19
新北市汐止區北山里,新北市,汐止區,北山里,1042,286,327,613,4,617,0,617,471,"1,088",56.71
新北市汐止區北峰里,新北市,汐止區,北峰里,999,483,481,964,5,969,0,969,778,"1,747",55.47
新北市汐止區北峰里,新北市,汐止區,北峰里,1000,315,388,703,3,706,0,706,691,"1,397",50.54
新北市汐止區北峰里,新北市,汐止區,北峰里,1001,339,354,693,3,696,0,696,620,"1,316",52.89
新北市汐止區白雲里,新北市,汐止區,白雲里,962,290,366,656,5,661,0,661,512,"1,173",56.35
新北市汐止區白雲里,新北市,汐止區,白雲里,963,390,513,903,7,910,0,910,803,"1,713",53.12
新北市汐止區白雲里,新北市,汐止區,白雲里,964,294,431,725,0,725,0,725,583,"1,308",55.43
新北市汐止區江北里,新北市,汐止區,江北里,989,456,263,719,2,721,0,721,520,"1,241",58.1
新北市汐止區江北里,新北市,汐止區,江北里,990,353,391,744,4,748,0,748,703,"1,451",51.55
新北市汐止區江北里,新北市,汐止區,江北里,991,335,402,737,7,744,0,744,820,"1,564",47.57
新北市汐止區江北里,新北市,汐止區,江北里,992,333,364,697,1,698,0,698,523,"1,221",57.17
新北市汐止區自強里,新北市,汐止區,自強里,956,444,574,"1,018",8,"1,026",0,"1,026",748,"1,774",57.84
新北市汐止區自強里,新北市,汐止區,自強里,957,393,497,890,5,895,0,895,750,"1,645",54.41
新北市汐止區自強里,新北市,汐止區,自強里,958,408,581,989,4,993,0,993,729,"1,722",57.67
新北市汐止區秀山里,新北市,汐止區,秀山里,949,355,470,825,2,827,0,827,550,"1,377",60.06
新北市汐止區秀山里,新北市,汐止區,秀山里,950,289,402,691,7,698,0,698,543,"1,241",56.24
新北市汐止區秀山里,新北市,汐止區,秀山里,951,281,481,762,8,770,0,770,647,"1,417",54.34
新北市汐止區秀峰里,新北市,汐止區,秀峰里,946,208,189,397,2,399,0,399,"1,652","2,051",19.45
新北市汐止區秀峰里,新北市,汐止區,秀峰里,947,356,423,779,2,781,0,781,672,"1,453",53.75
新北市汐止區秀峰里,新北市,汐止區,秀峰里,948,315,411,726,7,733,0,733,592,"1,325",55.32
新北市汐止區宜興里,新北市,汐止區,宜興里,1051,244,472,716,2,718,0,718,538,"1,256",57.17
新北市汐止區宜興里,新北市,汐止區,宜興里,1052,305,487,792,3,795,0,795,536,"1,331",59.73
新北市汐止區忠山里,新北市,汐止區,忠山里,1043,261,533,794,3,797,0,797,634,"1,431",55.7
新北市汐止區忠山里,新北市,汐止區,忠山里,1044,371,635,"1,006",5,"1,011",0,"1,011",619,"1,630",62.02
新北市汐止區忠孝里,新北市,汐止區,忠孝里,1006,276,420,696,5,701,0,701,567,"1,268",55.28
新北市汐止區忠孝里,新北市,汐止區,忠孝里,1007,340,396,736,3,739,0,739,638,"1,377",53.67
新北市汐止區忠孝里,新北市,汐止區,忠孝里,1008,306,485,791,2,793,1,794,707,"1,501",52.83
新北市汐止區忠孝里,新北市,汐止區,忠孝里,1009,338,433,771,3,774,0,774,558,"1,332",58.11
新北市汐止區忠孝里,新北市,汐止區,忠孝里,1010,365,525,890,5,895,0,895,817,"1,712",52.28
新北市汐止區東山里,新北市,汐止區,東山里,981,128,125,253,1,254,0,254,276,530,47.92
新北市汐止區東勢里,新北市,汐止區,東勢里,1053,330,372,702,3,705,0,705,505,"1,210",58.26
新北市汐止區東勢里,新北市,汐止區,東勢里,1054,310,513,823,2,825,0,825,562,"1,387",59.48
新北市汐止區東勢里,新北市,汐止區,東勢里,1055,395,720,"1,115",8,"1,123",0,"1,123",931,"2,054",54.67
新北市汐止區金龍里,新北市,汐止區,金龍里,1002,325,516,841,0,841,0,841,768,"1,609",52.27
新北市汐止區金龍里,新北市,汐止區,金龍里,1003,414,565,979,1,980,0,980,753,"1,733",56.55
新北市汐止區金龍里,新北市,汐止區,金龍里,1004,429,517,946,10,956,0,956,657,"1,613",59.27
新北市汐止區長安里,新北市,汐止區,長安里,979,358,415,773,4,777,0,777,608,"1,385",56.1
新北市汐止區長青里,新北市,汐止區,長青里,998,221,297,518,5,523,0,523,357,880,59.43
新北市汐止區保安里,新北市,汐止區,保安里,980,309,416,725,3,728,0,728,680,"1,408",51.7
新北市汐止區保長里,新北市,汐止區,保長里,982,293,372,665,0,665,0,665,582,"1,247",53.33
新北市汐止區保長里,新北市,汐止區,保長里,983,353,466,819,4,823,0,823,768,"1,591",51.73
新北市汐止區保長里,新北市,汐止區,保長里,984,424,305,729,1,730,0,730,553,"1,283",56.9
新北市汐止區保新里,新北市,汐止區,保新里,985,338,750,"1,088",6,"1,094",0,"1,094","1,022","2,116",51.7
新北市汐止區保新里,新北市,汐止區,保新里,986,176,141,317,3,320,0,320,271,591,54.15
新北市汐止區信望里,新北市,汐止區,信望里,938,82,80,162,1,163,0,163,124,287,56.79
新北市汐止區厚德里,新北市,汐止區,厚德里,1011,362,480,842,9,851,0,851,714,"1,565",54.38
新北市汐止區厚德里,新北市,汐止區,厚德里,1012,315,500,815,3,818,0,818,710,"1,528",53.53
新北市汐止區厚德里,新北市,汐止區,厚德里,1013,376,539,915,3,918,0,918,729,"1,647",55.74
新北市汐止區厚德里,新北市,汐止區,厚德里,1014,297,393,690,2,692,0,692,580,"1,272",54.4
新北市汐止區城中里,新北市,汐止區,城中里,971,327,427,754,4,758,0,758,452,"1,210",62.64
新北市汐止區城中里,新北市,汐止區,城中里,972,321,505,826,4,830,0,830,543,"1,373",60.45
新北市汐止區城中里,新北市,汐止區,城中里,973,332,513,845,2,847,0,847,651,"1,498",56.54
新北市汐止區建成里,新北市,汐止區,建成里,976,404,602,"1,006",3,"1,009",0,"1,009",646,"1,655",60.97
新北市汐止區建成里,新北市,汐止區,建成里,977,372,629,"1,001",5,"1,006",0,"1,006",681,"1,687",59.63
新北市汐止區建成里,新北市,汐止區,建成里,978,288,471,759,1,760,0,760,483,"1,243",61.14
新北市汐止區拱北里,新北市,汐止區,拱北里,993,264,360,624,3,627,0,627,776,"1,403",44.69
新北市汐止區拱北里,新北市,汐止區,拱北里,994,323,405,728,5,733,0,733,711,"1,444",50.76
新北市汐止區拱北里,新北市,汐止區,拱北里,995,356,517,873,4,877,0,877,838,"1,715",51.14
新北市汐止區茄苳里,新北市,汐止區,茄苳里,965,317,380,697,4,701,0,701,597,"1,298",54.01
新北市汐止區茄苳里,新北市,汐止區,茄苳里,966,282,414,696,2,698,0,698,643,"1,341",52.05
新北市汐止區茄苳里,新北市,汐止區,茄苳里,967,377,477,854,5,859,0,859,790,"1,649",52.09
新北市汐止區烘內里,新北市,汐止區,烘內里,996,342,435,777,2,779,0,779,658,"1,437",54.21
新北市汐止區崇德里,新北市,汐止區,崇德里,968,388,479,867,5,872,0,872,736,"1,608",54.23
新北市汐止區崇德里,新北市,汐止區,崇德里,969,378,447,825,3,828,0,828,681,"1,509",54.87
新北市汐止區崇德里,新北市,汐止區,崇德里,970,266,426,692,0,692,0,692,520,"1,212",57.1
新北市汐止區康福里,新北市,汐止區,康福里,1026,371,528,899,4,903,0,903,753,"1,656",54.53
新北市汐止區康福里,新北市,汐止區,康福里,1027,400,458,858,5,863,0,863,717,"1,580",54.62
新北市汐止區康福里,新北市,汐止區,康福里,1028,435,547,982,6,988,0,988,732,"1,720",57.44
新北市汐止區復興里,新北市,汐止區,復興里,952,429,559,988,4,992,0,992,628,"1,620",61.23
新北市汐止區復興里,新北市,汐止區,復興里,953,417,614,"1,031",8,"1,039",0,"1,039",544,"1,583",65.63
新北市汐止區復興里,新北市,汐止區,復興里,954,417,514,931,2,933,0,933,607,"1,540",60.58
新北市汐止區復興里,新北市,汐止區,復興里,955,457,569,"1,026",6,"1,032",0,"1,032",625,"1,657",62.28
新北市汐止區智慧里,新北市,汐止區,智慧里,933,321,454,775,3,778,0,778,602,"1,380",56.38
新北市汐止區智慧里,新北市,汐止區,智慧里,934,302,487,789,2,791,0,791,556,"1,347",58.72
新北市汐止區智慧里,新北市,汐止區,智慧里,935,352,471,823,1,824,0,824,630,"1,454",56.67
新北市汐止區湖光里,新北市,汐止區,湖光里,1029,384,438,822,5,827,0,827,599,"1,426",57.99
新北市汐止區湖光里,新北市,汐止區,湖光里,1030,349,493,842,4,846,0,846,534,"1,380",61.3
新北市汐止區湖光里,新北市,汐止區,湖光里,1031,371,497,868,0,868,0,868,673,"1,541",56.33
新北市汐止區湖光里,新北市,汐止區,湖光里,1032,299,556,855,4,859,0,859,574,"1,433",59.94
新北市汐止區湖蓮里,新北市,汐止區,湖蓮里,1033,284,468,752,5,757,0,757,538,"1,295",58.46
新北市汐止區湖蓮里,新北市,汐止區,湖蓮里,1034,338,567,905,4,909,0,909,544,"1,453",62.56
新北市汐止區湖興里,新北市,汐止區,湖興里,1035,325,581,906,6,912,0,912,651,"1,563",58.35
新北市汐止區湖興里,新北市,汐止區,湖興里,1036,328,507,835,7,842,0,842,558,"1,400",60.14
新北市汐止區湖興里,新北市,汐止區,湖興里,1037,343,507,850,2,852,0,852,753,"1,605",53.08
新北市汐止區湖興里,新北市,汐止區,湖興里,1038,337,515,852,6,858,0,858,571,"1,429",60.04
新北市汐止區鄉長里,新北市,汐止區,鄉長里,987,311,384,695,3,698,1,699,510,"1,209",57.73
新北市汐止區鄉長里,新北市,汐止區,鄉長里,988,215,259,474,3,477,0,477,300,777,61.39
新北市汐止區新昌里,新北市,汐止區,新昌里,939,361,448,809,3,812,0,812,616,"1,428",56.86
新北市汐止區新昌里,新北市,汐止區,新昌里,940,423,489,912,2,914,0,914,704,"1,618",56.49
新北市汐止區新昌里,新北市,汐止區,新昌里,941,401,503,904,3,907,0,907,754,"1,661",54.61
新北市汐止區義民里,新北市,汐止區,義民里,931,272,350,622,3,625,0,625,471,"1,096",57.03
新北市汐止區福山里,新北市,汐止區,福山里,1049,415,558,973,4,977,0,977,776,"1,753",55.73
新北市汐止區福山里,新北市,汐止區,福山里,1050,403,552,955,3,958,0,958,688,"1,646",58.2
新北市汐止區福安里,新北市,汐止區,福安里,942,316,359,675,1,676,0,676,600,"1,276",52.98
新北市汐止區福安里,新北市,汐止區,福安里,943,328,442,770,4,774,0,774,611,"1,385",55.88
新北市汐止區福安里,新北市,汐止區,福安里,944,352,406,758,8,766,0,766,627,"1,393",54.99
新北市汐止區福安里,新北市,汐止區,福安里,945,340,433,773,5,778,0,778,631,"1,409",55.22
新北市汐止區福德里,新北市,汐止區,福德里,1022,442,466,908,9,917,0,917,783,"1,700",53.94
新北市汐止區福德里,新北市,汐止區,福德里,1023,314,427,741,5,746,0,746,713,"1,459",51.13
新北市汐止區樟樹里,新北市,汐止區,樟樹里,1005,439,539,978,6,984,0,984,872,"1,856",53.02
新北市汐止區橋東里,新北市,汐止區,橋東里,974,385,516,901,4,905,0,905,661,"1,566",57.79
新北市汐止區橋東里,新北市,汐止區,橋東里,975,402,593,995,11,"1,006",0,"1,006",719,"1,725",58.32
新北市汐止區橫科里,新北市,汐止區,橫科里,1046,337,492,829,7,836,0,836,598,"1,434",58.3
新北市汐止區橫科里,新北市,汐止區,橫科里,1047,299,411,710,2,712,0,712,564,"1,276",55.8
新北市汐止區橫科里,新北市,汐止區,橫科里,1048,337,395,732,6,738,0,738,592,"1,330",55.49
新北市汐止區興福里,新北市,汐止區,興福里,1024,316,514,830,6,836,0,836,568,"1,404",59.54
新北市汐止區興福里,新北市,汐止區,興福里,1025,393,482,875,8,883,0,883,747,"1,630",54.17
新北市汐止區環河里,新北市,汐止區,環河里,1045,350,237,587,4,591,0,591,449,"1,040",56.83
新北市汐止區禮門里,新北市,汐止區,禮門里,932,255,286,541,2,543,0,543,448,991,54.79
新北市板橋區九如里,新北市,板橋區,九如里,336,415,304,719,4,723,0,723,450,"1,173",61.64
新北市板橋區九如里,新北市,板橋區,九如里,337,342,321,663,2,665,0,665,516,"1,181",56.31
新北市板橋區大安里,新北市,板橋區,大安里,451,271,314,585,0,585,0,585,503,"1,088",53.77
新北市板橋區大安里,新北市,板橋區,大安里,452,318,352,670,5,675,0,675,476,"1,151",58.64
新北市板橋區大安里,新北市,板橋區,大安里,453,317,292,609,3,612,0,612,454,"1,066",57.41
新北市板橋區大豐里,新北市,板橋區,大豐里,395,354,398,752,12,764,0,764,543,"1,307",58.45
新北市板橋區大豐里,新北市,板橋區,大豐里,396,322,408,730,2,732,0,732,457,"1,189",61.56
新北市板橋區大豐里,新北市,板橋區,大豐里,397,365,371,736,3,739,0,739,546,"1,285",57.51
新北市板橋區大觀里,新北市,板橋區,大觀里,441,420,379,799,5,804,0,804,660,"1,464",54.92
新北市板橋區大觀里,新北市,板橋區,大觀里,442,466,338,804,6,810,0,810,715,"1,525",53.11
新北市板橋區中山里,新北市,板橋區,中山里,444,335,292,627,1,628,0,628,532,"1,160",54.14
新北市板橋區中山里,新北市,板橋區,中山里,445,252,277,529,4,533,0,533,547,"1,080",49.35
新北市板橋區中山里,新北市,板橋區,中山里,446,264,347,611,1,612,0,612,552,"1,164",52.58
新北市板橋區中山里,新北市,板橋區,中山里,447,269,433,702,0,702,0,702,580,"1,282",54.76
新北市板橋區中山里,新北市,板橋區,中山里,448,291,421,712,3,715,0,715,663,"1,378",51.89
新北市板橋區五權里,新北市,板橋區,五權里,410,302,348,650,1,651,0,651,512,"1,163",55.98
新北市板橋區五權里,新北市,板橋區,五權里,411,333,320,653,4,657,0,657,452,"1,109",59.24
新北市板橋區五權里,新北市,板橋區,五權里,412,310,337,647,2,649,0,649,476,"1,125",57.69
新北市板橋區仁愛里,新北市,板橋區,仁愛里,403,164,363,527,4,531,0,531,297,828,64.13
新北市板橋區仁愛里,新北市,板橋區,仁愛里,404,225,302,527,2,529,0,529,294,823,64.28
新北市板橋區仁愛里,新北市,板橋區,仁愛里,405,193,326,519,1,520,0,520,327,847,61.39
新北市板橋區正泰里,新北市,板橋區,正泰里,338,395,366,761,7,768,0,768,507,"1,275",60.24
新北市板橋區正泰里,新北市,板橋區,正泰里,339,363,378,741,4,745,0,745,424,"1,169",63.73
新北市板橋區民生里,新北市,板橋區,民生里,363,267,226,493,5,498,0,498,358,856,58.18
新北市板橋區民生里,新北市,板橋區,民生里,364,280,253,533,3,536,0,536,405,941,56.96
新北市板橋區民族里,新北市,板橋區,民族里,375,304,345,649,3,652,0,652,515,"1,167",55.87
新北市板橋區民族里,新北市,板橋區,民族里,376,406,450,856,3,859,0,859,547,"1,406",61.1
新北市板橋區民族里,新北市,板橋區,民族里,377,346,312,658,1,659,0,659,429,"1,088",60.57
新北市板橋區玉光里,新北市,板橋區,玉光里,340,372,401,773,5,778,0,778,679,"1,457",53.4
新北市板橋區玉光里,新北市,板橋區,玉光里,341,442,400,842,3,845,0,845,702,"1,547",54.62
新北市板橋區玉光里,新北市,板橋區,玉光里,342,439,442,881,4,885,0,885,718,"1,603",55.21
新北市板橋區光仁里,新北市,板橋區,光仁里,343,353,307,660,5,665,0,665,495,"1,160",57.33
新北市板橋區光仁里,新北市,板橋區,光仁里,344,341,349,690,1,691,0,691,476,"1,167",59.21
新北市板橋區光復里,新北市,板橋區,光復里,315,446,384,830,3,833,1,834,543,"1,377",60.49
新北市板橋區光復里,新北市,板橋區,光復里,316,417,354,771,3,774,0,774,652,"1,426",54.28
新北市板橋區成和里,新北市,板橋區,成和里,471,398,384,782,4,786,0,786,698,"1,484",52.96
新北市板橋區成和里,新北市,板橋區,成和里,472,333,346,679,7,686,0,686,616,"1,302",52.69
新北市板橋區成和里,新北市,板橋區,成和里,473,352,376,728,2,730,0,730,667,"1,397",52.25
新北市板橋區成和里,新北市,板橋區,成和里,474,361,462,823,6,829,0,829,831,"1,660",49.94
新北市板橋區西安里,新北市,板橋區,西安里,358,318,287,605,2,607,0,607,491,"1,098",55.28
新北市板橋區西安里,新北市,板橋區,西安里,359,326,280,606,0,606,0,606,489,"1,095",55.34
新北市板橋區和平里,新北市,板橋區,和平里,406,438,598,"1,036",10,"1,046",0,"1,046",727,"1,773",59
新北市板橋區和平里,新北市,板橋區,和平里,407,385,499,884,3,887,0,887,732,"1,619",54.79
新北市板橋區居仁里,新北市,板橋區,居仁里,328,527,476,"1,003",10,"1,013",0,"1,013",670,"1,683",60.19
新北市板橋區居仁里,新北市,板橋區,居仁里,329,431,411,842,8,850,0,850,736,"1,586",53.59
新北市板橋區東丘里,新北市,板橋區,東丘里,360,382,330,712,2,714,0,714,472,"1,186",60.2
新北市板橋區東丘里,新北市,板橋區,東丘里,361,337,336,673,5,678,0,678,554,"1,232",55.03
新北市板橋區東丘里,新北市,板橋區,東丘里,362,414,289,703,7,710,0,710,563,"1,273",55.77
新北市板橋區東安里,新北市,板橋區,東安里,368,284,234,518,1,519,0,519,433,952,54.52
新北市板橋區東安里,新北市,板橋區,東安里,369,287,254,541,2,543,0,543,404,947,57.34
新北市板橋區長安里,新北市,板橋區,長安里,365,380,473,853,7,860,0,860,603,"1,463",58.78
新北市板橋區長安里,新北市,板橋區,長安里,366,370,292,662,3,665,0,665,363,"1,028",64.69
新北市板橋區長安里,新北市,板橋區,長安里,367,270,255,525,3,528,0,528,441,969,54.49
新北市板橋區長壽里,新北市,板橋區,長壽里,324,331,327,658,7,665,0,665,532,"1,197",55.56
新北市板橋區長壽里,新北市,板橋區,長壽里,325,412,313,725,1,726,0,726,486,"1,212",59.9
新北市板橋區信義里,新北市,板橋區,信義里,429,310,367,677,3,680,0,680,586,"1,266",53.71
新北市板橋區信義里,新北市,板橋區,信義里,430,312,328,640,1,641,0,641,506,"1,147",55.88
新北市板橋區信義里,新北市,板橋區,信義里,431,320,310,630,7,637,0,637,566,"1,203",52.95
新北市板橋區後埔里,新北市,板橋區,後埔里,380,420,494,914,5,919,0,919,602,"1,521",60.42
新北市板橋區後埔里,新北市,板橋區,後埔里,381,520,577,"1,097",6,"1,103",0,"1,103",783,"1,886",58.48
新北市板橋區重慶里,新北市,板橋區,重慶里,398,360,394,754,4,758,0,758,670,"1,428",53.08
新北市板橋區重慶里,新北市,板橋區,重慶里,399,369,390,759,1,760,0,760,669,"1,429",53.18
新北市板橋區重慶里,新北市,板橋區,重慶里,400,375,407,782,0,782,0,782,619,"1,401",55.82
新北市板橋區重慶里,新北市,板橋區,重慶里,401,387,433,820,7,827,0,827,625,"1,452",56.96
新北市板橋區重慶里,新北市,板橋區,重慶里,402,341,447,788,4,792,0,792,644,"1,436",55.15
新北市板橋區香丘里,新北市,板橋區,香丘里,355,263,266,529,1,530,0,530,401,931,56.93
新北市板橋區香丘里,新北市,板橋區,香丘里,356,292,237,529,1,530,0,530,411,941,56.32
新北市板橋區香丘里,新北市,板橋區,香丘里,357,265,289,554,7,561,0,561,460,"1,021",54.95
新北市板橋區埔墘里,新北市,板橋區,埔墘里,317,329,314,643,6,649,0,649,465,"1,114",58.26
新北市板橋區埔墘里,新北市,板橋區,埔墘里,318,308,271,579,0,579,0,579,408,987,58.66
新北市板橋區埔墘里,新北市,板橋區,埔墘里,319,320,337,657,10,667,0,667,434,"1,101",60.58
新北市板橋區埔墘里,新北市,板橋區,埔墘里,320,348,368,716,5,721,0,721,568,"1,289",55.93
新北市板橋區埔墘里,新北市,板橋區,埔墘里,321,251,253,504,8,512,0,512,346,858,59.67
新北市板橋區振義里,新北市,板橋區,振義里,312,284,212,496,2,498,0,498,334,832,59.86
新北市板橋區振義里,新北市,板橋區,振義里,313,451,325,776,3,779,0,779,547,"1,326",58.75
新北市板橋區振義里,新北市,板橋區,振義里,314,415,383,798,5,803,0,803,556,"1,359",59.09
新北市板橋區振興里,新北市,板橋區,振興里,309,383,370,753,3,756,0,756,519,"1,275",59.29
新北市板橋區振興里,新北市,板橋區,振興里,310,356,343,699,1,700,0,700,576,"1,276",54.86
新北市板橋區振興里,新北市,板橋區,振興里,311,379,333,712,2,714,0,714,400,"1,114",64.09
新北市板橋區浮洲里,新北市,板橋區,浮洲里,432,321,250,571,0,571,0,571,440,"1,011",56.48
新北市板橋區浮洲里,新北市,板橋區,浮洲里,433,248,199,447,2,449,0,449,483,932,48.18
新北市板橋區浮洲里,新北市,板橋區,浮洲里,434,325,248,573,3,576,0,576,446,"1,022",56.36
新北市板橋區海山里,新北市,板橋區,海山里,330,302,247,549,4,553,0,553,465,"1,018",54.32
新北市板橋區海山里,新北市,板橋區,海山里,331,324,324,648,5,653,0,653,453,"1,106",59.04
新北市板橋區海山里,新北市,板橋區,海山里,332,304,238,542,6,548,1,549,410,959,57.14
新北市板橋區海山里,新北市,板橋區,海山里,333,307,257,564,3,567,0,567,488,"1,055",53.74
新北市板橋區海山里,新北市,板橋區,海山里,334,296,385,681,1,682,0,682,314,996,68.47
新北市板橋區海山里,新北市,板橋區,海山里,335,253,355,608,2,610,0,610,361,971,62.82
新北市板橋區國泰里,新北市,板橋區,國泰里,378,342,433,775,3,778,0,778,615,"1,393",55.85
新北市板橋區國泰里,新北市,板橋區,國泰里,379,425,487,912,7,919,0,919,617,"1,536",59.83
新北市板橋區堂春里,新北市,板橋區,堂春里,488,326,250,576,3,579,0,579,525,"1,104",52.45
新北市板橋區堂春里,新北市,板橋區,堂春里,489,281,265,546,3,549,0,549,449,998,55.01
新北市板橋區堂春里,新北市,板橋區,堂春里,490,371,358,729,6,735,0,735,597,"1,332",55.18
新北市板橋區崑崙里,新北市,板橋區,崑崙里,465,337,325,662,6,668,0,668,518,"1,186",56.32
新北市板橋區崑崙里,新北市,板橋區,崑崙里,466,370,358,728,8,736,0,736,610,"1,346",54.68
新北市板橋區崑崙里,新北市,板橋區,崑崙里,467,367,363,730,5,735,1,736,650,"1,386",53.03
新北市板橋區崑崙里,新北市,板橋區,崑崙里,468,363,397,760,4,764,0,764,703,"1,467",52.08
新北市板橋區崑崙里,新北市,板橋區,崑崙里,469,394,393,787,5,792,0,792,624,"1,416",55.93
新北市板橋區崑崙里,新北市,板橋區,崑崙里,470,335,390,725,4,729,0,729,579,"1,308",55.73
新北市板橋區深丘里,新北市,板橋區,深丘里,350,335,414,749,3,752,0,752,645,"1,397",53.83
新北市板橋區深丘里,新北市,板橋區,深丘里,351,426,390,816,6,822,0,822,545,"1,367",60.13
新北市板橋區深丘里,新北市,板橋區,深丘里,352,356,411,767,5,772,0,772,529,"1,301",59.34
新北市板橋區深丘里,新北市,板橋區,深丘里,353,346,466,812,3,815,0,815,612,"1,427",57.11
新北市板橋區深丘里,新北市,板橋區,深丘里,354,333,465,798,7,805,0,805,688,"1,493",53.92
新北市板橋區富貴里,新北市,板橋區,富貴里,322,298,280,578,3,581,0,581,373,954,60.9
新北市板橋區富貴里,新北市,板橋區,富貴里,323,281,338,619,3,622,0,622,378,"1,000",62.2
新北市板橋區復興里,新北市,板橋區,復興里,449,45,176,221,3,224,0,224,120,344,65.12
新北市板橋區復興里,新北市,板橋區,復興里,450,141,126,267,6,273,0,273,192,465,58.71
新北市板橋區景星里,新北市,板橋區,景星里,385,431,505,936,5,941,0,941,726,"1,667",56.45
新北市板橋區景星里,新北市,板橋區,景星里,386,386,430,816,3,819,0,819,594,"1,413",57.96
新北市板橋區華中里,新北市,板橋區,華中里,435,405,286,691,4,695,0,695,598,"1,293",53.75
新北市板橋區華中里,新北市,板橋區,華中里,436,385,359,744,4,748,0,748,646,"1,394",53.66
新北市板橋區華中里,新北市,板橋區,華中里,437,470,360,830,2,832,0,832,738,"1,570",52.99
新北市板橋區華東里,新北市,板橋區,華東里,424,319,446,765,6,771,0,771,479,"1,250",61.68
新北市板橋區華東里,新北市,板橋區,華東里,425,424,542,966,4,970,0,970,600,"1,570",61.78
新北市板橋區華東里,新北市,板橋區,華東里,426,339,431,770,1,771,0,771,600,"1,371",56.24
新北市板橋區華東里,新北市,板橋區,華東里,427,389,435,824,6,830,0,830,648,"1,478",56.16
新北市板橋區華東里,新北市,板橋區,華東里,428,353,533,886,2,888,0,888,517,"1,405",63.2
新北市板橋區華貴里,新北市,板橋區,華貴里,416,286,296,582,3,585,1,586,345,931,62.84
新北市板橋區華貴里,新北市,板橋區,華貴里,417,317,294,611,7,618,0,618,504,"1,122",55.08
新北市板橋區華福里,新北市,板橋區,華福里,418,266,295,561,0,561,0,561,357,918,61.11
新北市板橋區華福里,新北市,板橋區,華福里,419,190,241,431,2,433,0,433,290,723,59.89
新北市板橋區華德里,新北市,板橋區,華德里,420,342,384,726,3,729,0,729,580,"1,309",55.69
新北市板橋區華德里,新北市,板橋區,華德里,421,372,324,696,1,697,0,697,590,"1,287",54.16
新北市板橋區華德里,新北市,板橋區,華德里,422,390,484,874,3,877,0,877,757,"1,634",53.67
新北市板橋區華德里,新北市,板橋區,華德里,423,384,542,926,3,929,0,929,758,"1,687",55.07
新北市板橋區華興里,新北市,板橋區,華興里,413,348,369,717,1,718,0,718,531,"1,249",57.49
新北市板橋區華興里,新北市,板橋區,華興里,414,288,264,552,4,556,0,556,487,"1,043",53.31
新北市板橋區華興里,新北市,板橋區,華興里,415,333,443,776,4,780,0,780,457,"1,237",63.06
新北市板橋區鄉雲里,新北市,板橋區,鄉雲里,389,497,620,"1,117",9,"1,126",0,"1,126",853,"1,979",56.9
新北市板橋區鄉雲里,新北市,板橋區,鄉雲里,390,329,368,697,6,703,0,703,503,"1,206",58.29
新北市板橋區溪北里,新北市,板橋區,溪北里,486,391,387,778,7,785,0,785,620,"1,405",55.87
新北市板橋區溪北里,新北市,板橋區,溪北里,487,418,439,857,3,860,0,860,627,"1,487",57.83
新北市板橋區溪洲里,新北市,板橋區,溪洲里,475,456,425,881,5,886,0,886,658,"1,544",57.38
新北市板橋區溪洲里,新北市,板橋區,溪洲里,476,446,456,902,3,905,0,905,748,"1,653",54.75
新北市板橋區溪洲里,新北市,板橋區,溪洲里,477,414,411,825,8,833,0,833,710,"1,543",53.99
新北市板橋區溪福里,新北市,板橋區,溪福里,478,353,458,811,5,816,0,816,685,"1,501",54.36
新北市板橋區溪福里,新北市,板橋區,溪福里,479,378,435,813,4,817,0,817,712,"1,529",53.43
新北市板橋區溪福里,新北市,板橋區,溪福里,480,432,428,860,3,863,0,863,638,"1,501",57.5
新北市板橋區溪福里,新北市,板橋區,溪福里,481,333,419,752,4,756,0,756,677,"1,433",52.76
新北市板橋區溪福里,新北市,板橋區,溪福里,482,372,363,735,7,742,0,742,680,"1,422",52.18
新北市板橋區溪福里,新北市,板橋區,溪福里,483,323,439,762,3,765,0,765,584,"1,349",56.71
新北市板橋區溪福里,新北市,板橋區,溪福里,484,311,460,771,2,773,0,773,587,"1,360",56.84
新北市板橋區溪福里,新北市,板橋區,溪福里,485,355,426,781,2,783,0,783,708,"1,491",52.52
新北市板橋區僑中里,新北市,板橋區,僑中里,438,274,284,558,3,561,0,561,449,"1,010",55.54
新北市板橋區僑中里,新北市,板橋區,僑中里,439,355,313,668,3,671,0,671,549,"1,220",55
新北市板橋區僑中里,新北市,板橋區,僑中里,440,366,372,738,1,739,0,739,496,"1,235",59.84
新北市板橋區福丘里,新北市,板橋區,福丘里,370,359,447,806,2,808,0,808,595,"1,403",57.59
新北市板橋區福丘里,新北市,板橋區,福丘里,371,364,439,803,3,806,0,806,542,"1,348",59.79
新北市板橋區福丘里,新北市,板橋區,福丘里,372,332,413,745,2,747,0,747,629,"1,376",54.29
新北市板橋區福安里,新北市,板橋區,福安里,454,206,330,536,1,537,0,537,357,894,60.07
新北市板橋區福安里,新北市,板橋區,福安里,455,353,258,611,3,614,0,614,478,"1,092",56.23
新北市板橋區福安里,新北市,板橋區,福安里,456,345,563,908,7,915,0,915,746,"1,661",55.09
新北市板橋區福安里,新北市,板橋區,福安里,457,297,450,747,4,751,0,751,620,"1,371",54.78
新北市板橋區福安里,新北市,板橋區,福安里,458,360,506,866,4,870,0,870,655,"1,525",57.05
新北市板橋區福星里,新北市,板橋區,福星里,387,442,451,893,4,897,0,897,532,"1,429",62.77
新北市板橋區福星里,新北市,板橋區,福星里,388,439,441,880,4,884,0,884,604,"1,488",59.41
新北市板橋區福祿里,新北市,板橋區,福祿里,373,455,569,"1,024",8,"1,032",0,"1,032",857,"1,889",54.63
新北市板橋區福祿里,新北市,板橋區,福祿里,374,343,498,841,2,843,0,843,630,"1,473",57.23
新北市板橋區福壽里,新北市,板橋區,福壽里,326,286,476,762,2,764,0,764,526,"1,290",59.22
新北市板橋區福壽里,新北市,板橋區,福壽里,327,443,426,869,4,873,0,873,595,"1,468",59.47
新北市板橋區福德里,新北市,板橋區,福德里,382,346,331,677,1,678,0,678,468,"1,146",59.16
新北市板橋區福德里,新北市,板橋區,福德里,383,501,460,961,7,968,0,968,590,"1,558",62.13
新北市板橋區福德里,新北市,板橋區,福德里,384,387,481,868,6,874,0,874,627,"1,501",58.23
新北市板橋區聚安里,新北市,板橋區,聚安里,459,337,277,614,3,617,0,617,489,"1,106",55.79
新北市板橋區聚安里,新北市,板橋區,聚安里,460,274,252,526,2,528,1,529,499,"1,028",51.36
新北市板橋區聚安里,新北市,板橋區,聚安里,461,284,284,568,0,568,0,568,472,"1,040",54.62
新北市板橋區聚安里,新北市,板橋區,聚安里,462,326,268,594,4,598,0,598,484,"1,082",55.27
新北市板橋區廣新里,新北市,板橋區,廣新里,347,170,239,409,4,413,0,413,411,824,50.12
新北市板橋區廣新里,新北市,板橋區,廣新里,348,244,258,502,5,507,0,507,472,979,51.79
新北市板橋區廣新里,新北市,板橋區,廣新里,349,322,285,607,2,609,0,609,447,"1,056",57.67
新北市板橋區廣福里,新北市,板橋區,廣福里,408,498,411,909,3,912,0,912,725,"1,637",55.71
新北市板橋區廣福里,新北市,板橋區,廣福里,409,381,424,805,7,812,0,812,786,"1,598",50.81
新北市板橋區廣德里,新北市,板橋區,廣德里,391,367,472,839,2,841,0,841,547,"1,388",60.59
新北市板橋區廣德里,新北市,板橋區,廣德里,392,361,397,758,3,761,0,761,632,"1,393",54.63
新北市板橋區廣德里,新北市,板橋區,廣德里,393,412,392,804,4,808,0,808,622,"1,430",56.5
新北市板橋區廣德里,新北市,板橋區,廣德里,394,414,409,823,4,827,0,827,687,"1,514",54.62
新北市板橋區龍安里,新北市,板橋區,龍安里,463,324,273,597,2,599,0,599,458,"1,057",56.67
新北市板橋區龍安里,新北市,板橋區,龍安里,464,330,346,676,6,682,0,682,528,"1,210",56.36
新北市板橋區雙玉里,新北市,板橋區,雙玉里,345,477,399,876,7,883,0,883,726,"1,609",54.88
新北市板橋區雙玉里,新北市,板橋區,雙玉里,346,512,502,"1,014",3,"1,017",0,"1,017",725,"1,742",58.38
新北市板橋區歡園里,新北市,板橋區,歡園里,443,301,256,557,0,557,0,557,395,952,58.51
新北市林口區下福里,新北市,林口區,下福里,254,298,347,645,8,653,0,653,482,"1,135",57.53
新北市林口區中湖里,新北市,林口區,中湖里,196,390,410,800,0,800,0,800,720,"1,520",52.63
新北市林口區中湖里,新北市,林口區,中湖里,197,382,390,772,4,776,0,776,779,"1,555",49.9
新北市林口區中湖里,新北市,林口區,中湖里,198,432,385,817,2,819,0,819,774,"1,593",51.41
新北市林口區仁愛里,新北市,林口區,仁愛里,234,242,367,609,3,612,0,612,553,"1,165",52.53
新北市林口區仁愛里,新北市,林口區,仁愛里,235,256,367,623,1,624,0,624,545,"1,169",53.38
新北市林口區仁愛里,新北市,林口區,仁愛里,236,258,383,641,0,641,0,641,561,"1,202",53.33
新北市林口區仁愛里,新北市,林口區,仁愛里,237,241,448,689,2,691,0,691,525,"1,216",56.83
新北市林口區仁愛里,新北市,林口區,仁愛里,238,311,345,656,0,656,0,656,536,"1,192",55.03
新北市林口區太平里,新北市,林口區,太平里,257,383,302,685,2,687,0,687,664,"1,351",50.85
新北市林口區西林里,新北市,林口區,西林里,186,324,394,718,2,720,0,720,668,"1,388",51.87
新北市林口區西林里,新北市,林口區,西林里,187,328,399,727,8,735,0,735,647,"1,382",53.18
新北市林口區西林里,新北市,林口區,西林里,188,285,271,556,8,564,0,564,783,"1,347",41.87
新北市林口區西林里,新北市,林口區,西林里,189,379,480,859,2,861,0,861,528,"1,389",61.99
新北市林口區西林里,新北市,林口區,西林里,190,306,421,727,4,731,0,731,630,"1,361",53.71
新北市林口區西林里,新北市,林口區,西林里,191,359,484,843,5,848,0,848,632,"1,480",57.3
新北市林口區西林里,新北市,林口區,西林里,192,322,411,733,2,735,0,735,650,"1,385",53.07
新北市林口區東林里,新北市,林口區,東林里,179,271,253,524,4,528,0,528,538,"1,066",49.53
新北市林口區東林里,新北市,林口區,東林里,180,253,281,534,4,538,0,538,507,"1,045",51.48
新北市林口區東林里,新北市,林口區,東林里,181,316,273,589,7,596,0,596,475,"1,071",55.65
新北市林口區東勢里,新北市,林口區,東勢里,245,329,393,722,5,727,0,727,524,"1,251",58.11
新北市林口區東勢里,新北市,林口區,東勢里,246,274,447,721,4,725,0,725,519,"1,244",58.28
新北市林口區東勢里,新北市,林口區,東勢里,247,310,376,686,1,687,0,687,506,"1,193",57.59
新北市林口區東勢里,新北市,林口區,東勢里,248,283,394,677,0,677,0,677,495,"1,172",57.76
新北市林口區東勢里,新北市,林口區,東勢里,249,269,327,596,0,596,0,596,519,"1,115",53.45
新北市林口區林口里,新北市,林口區,林口里,182,298,368,666,4,670,0,670,542,"1,212",55.28
新北市林口區林口里,新北市,林口區,林口里,183,244,351,595,6,601,0,601,576,"1,177",51.06
新北市林口區林口里,新北市,林口區,林口里,184,294,292,586,7,593,0,593,600,"1,193",49.71
新北市林口區林口里,新北市,林口區,林口里,185,279,300,579,2,581,0,581,602,"1,183",49.11
新北市林口區南勢里,新北市,林口區,南勢里,217,293,363,656,3,659,0,659,592,"1,251",52.68
新北市林口區南勢里,新北市,林口區,南勢里,218,311,365,676,5,681,0,681,515,"1,196",56.94
新北市林口區南勢里,新北市,林口區,南勢里,219,335,323,658,1,659,0,659,525,"1,184",55.66
新北市林口區南勢里,新北市,林口區,南勢里,220,306,364,670,2,672,0,672,530,"1,202",55.91
新北市林口區南勢里,新北市,林口區,南勢里,221,340,462,802,3,805,0,805,659,"1,464",54.99
新北市林口區南勢里,新北市,林口區,南勢里,222,339,413,752,1,753,1,754,615,"1,369",55
新北市林口區南勢里,新北市,林口區,南勢里,223,321,492,813,4,817,0,817,649,"1,466",55.73
新北市林口區南勢里,新北市,林口區,南勢里,224,352,421,773,5,778,0,778,597,"1,375",56.58
新北市林口區南勢里,新北市,林口區,南勢里,225,322,438,760,3,763,0,763,613,"1,376",55.45
新北市林口區南勢里,新北市,林口區,南勢里,226,416,497,913,3,916,0,916,775,"1,691",54.17
新北市林口區南勢里,新北市,林口區,南勢里,227,312,420,732,1,733,0,733,664,"1,397",52.47
新北市林口區南勢里,新北市,林口區,南勢里,228,341,542,883,7,890,0,890,774,"1,664",53.49
新北市林口區南勢里,新北市,林口區,南勢里,229,376,482,858,0,858,0,858,766,"1,624",52.83
新北市林口區南勢里,新北市,林口區,南勢里,230,381,441,822,6,828,0,828,859,"1,687",49.08
新北市林口區南勢里,新北市,林口區,南勢里,231,498,636,"1,134",3,"1,137",0,"1,137","1,040","2,177",52.23
新北市林口區南勢里,新北市,林口區,南勢里,232,441,459,900,2,902,0,902,780,"1,682",53.63
新北市林口區南勢里,新北市,林口區,南勢里,233,445,563,"1,008",3,"1,011",0,"1,011",835,"1,846",54.77
新北市林口區頂福里,新北市,林口區,頂福里,253,271,167,438,0,438,0,438,463,901,48.61
新北市林口區湖北里,新北市,林口區,湖北里,199,416,314,730,5,735,0,735,485,"1,220",60.25
新北市林口區湖南里,新北市,林口區,湖南里,200,323,422,745,4,749,0,749,654,"1,403",53.39
新北市林口區湖南里,新北市,林口區,湖南里,201,263,431,694,2,696,0,696,699,"1,395",49.89
新北市林口區湖南里,新北市,林口區,湖南里,202,284,485,769,1,770,0,770,667,"1,437",53.58
新北市林口區湖南里,新北市,林口區,湖南里,203,275,488,763,3,766,0,766,654,"1,420",53.94
新北市林口區湖南里,新北市,林口區,湖南里,204,320,470,790,1,791,0,791,607,"1,398",56.58
新北市林口區湖南里,新北市,林口區,湖南里,205,334,384,718,5,723,0,723,530,"1,253",57.7
新北市林口區湖南里,新北市,林口區,湖南里,206,351,431,782,4,786,0,786,633,"1,419",55.39
新北市林口區湖南里,新北市,林口區,湖南里,207,414,424,838,5,843,0,843,686,"1,529",55.13
新北市林口區湖南里,新北市,林口區,湖南里,208,382,576,958,0,958,0,958,744,"1,702",56.29
新北市林口區湖南里,新北市,林口區,湖南里,209,420,424,844,3,847,0,847,824,"1,671",50.69
新北市林口區湖南里,新北市,林口區,湖南里,210,243,444,687,2,689,0,689,619,"1,308",52.68
新北市林口區湖南里,新北市,林口區,湖南里,211,299,411,710,1,711,0,711,624,"1,335",53.26
新北市林口區湖南里,新北市,林口區,湖南里,212,224,418,642,2,644,0,644,650,"1,294",49.77
新北市林口區湖南里,新北市,林口區,湖南里,213,305,378,683,7,690,0,690,516,"1,206",57.21
新北市林口區湖南里,新北市,林口區,湖南里,214,308,349,657,2,659,0,659,595,"1,254",52.55
新北市林口區湖南里,新北市,林口區,湖南里,215,425,299,724,3,727,0,727,618,"1,345",54.05
新北市林口區湖南里,新北市,林口區,湖南里,216,294,415,709,3,712,0,712,579,"1,291",55.15
新北市林口區菁湖里,新北市,林口區,菁湖里,193,370,336,706,7,713,0,713,483,"1,196",59.62
新北市林口區菁湖里,新北市,林口區,菁湖里,194,365,306,671,4,675,0,675,541,"1,216",55.51
新北市林口區菁湖里,新北市,林口區,菁湖里,195,338,366,704,9,713,0,713,447,"1,160",61.47
新北市林口區瑞平里,新北市,林口區,瑞平里,256,199,160,359,1,360,0,360,328,688,52.33
新北市林口區嘉寶里,新北市,林口區,嘉寶里,255,267,195,462,1,463,0,463,356,819,56.53
新北市林口區麗林里,新北市,林口區,麗林里,239,256,397,653,1,654,1,655,615,"1,270",51.5
新北市林口區麗林里,新北市,林口區,麗林里,240,240,402,642,5,647,0,647,614,"1,261",51.31
新北市林口區麗林里,新北市,林口區,麗林里,241,261,409,670,1,671,0,671,606,"1,277",52.55
新北市林口區麗林里,新北市,林口區,麗林里,242,262,473,735,8,743,0,743,534,"1,277",58.18
新北市林口區麗林里,新北市,林口區,麗林里,243,293,440,733,4,737,0,737,535,"1,272",57.94
新北市林口區麗林里,新北市,林口區,麗林里,244,315,387,702,8,710,0,710,539,"1,249",56.85
新北市林口區麗園里,新北市,林口區,麗園里,250,252,359,611,3,614,0,614,526,"1,140",53.86
新北市林口區麗園里,新北市,林口區,麗園里,251,313,371,684,5,689,0,689,464,"1,153",59.76
新北市林口區麗園里,新北市,林口區,麗園里,252,317,363,680,5,685,0,685,418,"1,103",62.1
新北市金山區三界里,新北市,金山區,三界里,906,164,124,288,3,291,0,291,296,587,49.57
新北市金山區大同里,新北市,金山區,大同里,890,136,165,301,0,301,0,301,323,624,48.24
新北市金山區五湖里,新北市,金山區,五湖里,898,152,256,408,0,408,0,408,331,739,55.21
新北市金山區五湖里,新北市,金山區,五湖里,899,184,226,410,2,412,0,412,392,804,51.24
新北市金山區六股里,新北市,金山區,六股里,905,163,140,303,1,304,0,304,304,608,50
新北市金山區永興里,新北市,金山區,永興里,910,113,82,195,1,196,0,196,310,506,38.74
新北市金山區西湖里,新北市,金山區,西湖里,909,34,39,73,0,73,0,73,89,162,45.06
新北市金山區兩湖里,新北市,金山區,兩湖里,904,85,98,183,1,184,0,184,192,376,48.94
新北市金山區和平里,新北市,金山區,和平里,889,89,134,223,1,224,0,224,180,404,55.45
新北市金山區金美里,新北市,金山區,金美里,894,239,275,514,5,519,0,519,599,"1,118",46.42
新北市金山區金美里,新北市,金山區,金美里,895,331,388,719,3,722,0,722,626,"1,348",53.56
新北市金山區金美里,新北市,金山區,金美里,896,275,288,563,3,566,0,566,619,"1,185",47.76
新北市金山區金美里,新北市,金山區,金美里,897,239,270,509,1,510,0,510,600,"1,110",45.95
新北市金山區美田里,新北市,金山區,美田里,900,293,258,551,3,554,0,554,631,"1,185",46.75
新北市金山區美田里,新北市,金山區,美田里,901,268,306,574,0,574,0,574,607,"1,181",48.6
新北市金山區美田里,新北市,金山區,美田里,902,229,373,602,5,607,0,607,649,"1,256",48.33
新北市金山區重和里,新北市,金山區,重和里,903,262,247,509,3,512,0,512,648,"1,160",44.14
新北市金山區清泉里,新北市,金山區,清泉里,908,168,197,365,1,366,0,366,385,751,48.74
新北市金山區萬壽里,新北市,金山區,萬壽里,907,124,84,208,0,208,0,208,205,413,50.36
新北市金山區磺港里,新北市,金山區,磺港里,892,191,131,322,3,325,0,325,386,711,45.71
新北市金山區磺港里,新北市,金山區,磺港里,893,245,154,399,2,401,0,401,435,836,47.97
新北市金山區豐漁里,新北市,金山區,豐漁里,891,121,109,230,0,230,0,230,235,465,49.46
新北市泰山區大科里,新北市,泰山區,大科里,258,160,132,292,2,294,0,294,283,577,50.95
新北市泰山區大科里,新北市,泰山區,大科里,259,41,49,90,0,90,0,90,53,143,62.94
新北市泰山區山腳里,新北市,泰山區,山腳里,262,342,471,813,3,816,0,816,721,"1,537",53.09
新北市泰山區山腳里,新北市,泰山區,山腳里,263,442,492,934,7,941,0,941,840,"1,781",52.84
新北市泰山區山腳里,新北市,泰山區,山腳里,264,238,343,581,2,583,0,583,493,"1,076",54.18
新北市泰山區山腳里,新北市,泰山區,山腳里,265,329,338,667,3,670,0,670,514,"1,184",56.59
新北市泰山區全興里,新北市,泰山區,全興里,279,318,378,696,5,701,0,701,"1,002","1,703",41.16
新北市泰山區全興里,新北市,泰山區,全興里,280,403,436,839,3,842,0,842,742,"1,584",53.16
新北市泰山區全興里,新北市,泰山區,全興里,281,421,486,907,2,909,0,909,773,"1,682",54.04
新北市泰山區全興里,新北市,泰山區,全興里,282,295,462,757,4,761,0,761,685,"1,446",52.63
新北市泰山區全興里,新北市,泰山區,全興里,283,299,322,621,1,622,0,622,670,"1,292",48.14
新北市泰山區同榮里,新北市,泰山區,同榮里,273,291,411,702,1,703,0,703,558,"1,261",55.75
新北市泰山區同榮里,新北市,泰山區,同榮里,274,365,358,723,1,724,0,724,521,"1,245",58.15
新北市泰山區同榮里,新北市,泰山區,同榮里,275,262,336,598,5,603,0,603,517,"1,120",53.84
新北市泰山區同興里,新北市,泰山區,同興里,276,259,332,591,3,594,0,594,427,"1,021",58.18
新北市泰山區同興里,新北市,泰山區,同興里,277,289,278,567,4,571,0,571,462,"1,033",55.28
新北市泰山區同興里,新北市,泰山區,同興里,278,296,251,547,1,548,0,548,449,997,54.96
新北市泰山區明志里,新北市,泰山區,明志里,293,323,351,674,4,678,0,678,527,"1,205",56.27
新北市泰山區明志里,新北市,泰山區,明志里,294,287,274,561,1,562,0,562,439,"1,001",56.14
新北市泰山區明志里,新北市,泰山區,明志里,295,268,304,572,1,573,0,573,378,951,60.25
新北市泰山區泰友里,新北市,泰山區,泰友里,296,199,308,507,2,509,0,509,364,873,58.3
新北市泰山區泰友里,新北市,泰山區,泰友里,297,266,233,499,5,504,0,504,315,819,61.54
新北市泰山區貴子里,新北市,泰山區,貴子里,300,341,357,698,4,702,0,702,530,"1,232",56.98
新北市泰山區貴子里,新北市,泰山區,貴子里,301,376,402,778,2,780,0,780,493,"1,273",61.27
新北市泰山區貴子里,新北市,泰山區,貴子里,302,246,295,541,3,544,0,544,416,960,56.67
新北市泰山區貴和里,新北市,泰山區,貴和里,306,266,364,630,2,632,0,632,541,"1,173",53.88
新北市泰山區貴和里,新北市,泰山區,貴和里,307,329,407,736,6,742,0,742,702,"1,444",51.39
新北市泰山區貴和里,新北市,泰山區,貴和里,308,410,427,837,2,839,0,839,724,"1,563",53.68
新北市泰山區貴賢里,新北市,泰山區,貴賢里,303,296,403,699,2,701,0,701,391,"1,092",64.19
新北市泰山區貴賢里,新北市,泰山區,貴賢里,304,270,346,616,4,620,0,620,488,"1,108",55.96
新北市泰山區貴賢里,新北市,泰山區,貴賢里,305,296,325,621,1,622,0,622,382,"1,004",61.95
新北市泰山區新明里,新北市,泰山區,新明里,298,365,394,759,1,760,0,760,506,"1,266",60.03
新北市泰山區新明里,新北市,泰山區,新明里,299,353,395,748,5,753,0,753,628,"1,381",54.53
新北市泰山區楓樹里,新北市,泰山區,楓樹里,270,252,371,623,6,629,0,629,577,"1,206",52.16
新北市泰山區楓樹里,新北市,泰山區,楓樹里,271,277,339,616,4,620,0,620,573,"1,193",51.97
新北市泰山區楓樹里,新北市,泰山區,楓樹里,272,317,365,682,2,684,0,684,537,"1,221",56.02
新北市泰山區義仁里,新北市,泰山區,義仁里,287,357,402,759,4,763,0,763,644,"1,407",54.23
新北市泰山區義仁里,新北市,泰山區,義仁里,288,386,423,809,6,815,0,815,630,"1,445",56.4
新北市泰山區義仁里,新北市,泰山區,義仁里,289,289,373,662,3,665,0,665,625,"1,290",51.55
新北市泰山區義仁里,新北市,泰山區,義仁里,290,364,401,765,2,767,0,767,908,"1,675",45.79
新北市泰山區義仁里,新北市,泰山區,義仁里,291,334,436,770,4,774,0,774,696,"1,470",52.65
新北市泰山區義仁里,新北市,泰山區,義仁里,292,283,345,628,2,630,0,630,552,"1,182",53.3
新北市泰山區義學里,新北市,泰山區,義學里,284,385,361,746,5,751,0,751,599,"1,350",55.63
新北市泰山區義學里,新北市,泰山區,義學里,285,361,355,716,4,720,0,720,654,"1,374",52.4
新北市泰山區義學里,新北市,泰山區,義學里,286,301,399,700,5,705,0,705,596,"1,301",54.19
新北市泰山區福泰里,新北市,泰山區,福泰里,266,270,378,648,3,651,0,651,469,"1,120",58.13
新北市泰山區福泰里,新北市,泰山區,福泰里,267,284,287,571,4,575,0,575,550,"1,125",51.11
新北市泰山區福興里,新北市,泰山區,福興里,268,340,430,770,6,776,1,777,602,"1,379",56.27
新北市泰山區福興里,新北市,泰山區,福興里,269,407,499,906,6,912,0,912,744,"1,656",55.07
新北市泰山區黎明里,新北市,泰山區,黎明里,260,381,421,802,7,809,0,809,617,"1,426",56.73
新北市泰山區黎明里,新北市,泰山區,黎明里,261,401,458,859,9,868,0,868,680,"1,548",56.07
新北市貢寮區仁里里,新北市,貢寮區,仁里里,1142,160,109,269,3,272,0,272,403,675,40.3
新北市貢寮區仁里里,新北市,貢寮區,仁里里,1143,235,159,394,2,396,0,396,505,901,43.95
新北市貢寮區吉林里,新北市,貢寮區,吉林里,1132,92,69,161,0,161,0,161,260,421,38.24
新北市貢寮區和美里,新北市,貢寮區,和美里,1146,97,74,171,1,172,0,172,264,436,39.45
新北市貢寮區和美里,新北市,貢寮區,和美里,1147,136,52,188,1,189,0,189,242,431,43.85
新北市貢寮區美豐里,新北市,貢寮區,美豐里,1144,86,82,168,1,169,0,169,182,351,48.15
新北市貢寮區美豐里,新北市,貢寮區,美豐里,1145,70,61,131,1,132,0,132,161,293,45.05
新北市貢寮區真理里,新北市,貢寮區,真理里,1140,285,111,396,3,399,0,399,587,986,40.47
新北市貢寮區真理里,新北市,貢寮區,真理里,1141,272,88,360,4,364,0,364,454,818,44.5
新北市貢寮區貢寮里,新北市,貢寮區,貢寮里,1130,142,153,295,0,295,0,295,406,701,42.08
新北市貢寮區福連里,新北市,貢寮區,福連里,1135,88,100,188,1,189,0,189,260,449,42.09
新北市貢寮區福連里,新北市,貢寮區,福連里,1136,85,50,135,0,135,0,135,219,354,38.14
新北市貢寮區福隆里,新北市,貢寮區,福隆里,1137,162,151,313,1,314,0,314,400,714,43.98
新北市貢寮區福隆里,新北市,貢寮區,福隆里,1138,150,169,319,3,322,0,322,415,737,43.69
新北市貢寮區龍門里,新北市,貢寮區,龍門里,1139,194,79,273,3,276,0,276,311,587,47.02
新北市貢寮區龍崗里,新北市,貢寮區,龍崗里,1131,89,50,139,0,139,0,139,215,354,39.27
新北市貢寮區雙玉里,新北市,貢寮區,雙玉里,1133,63,45,108,1,109,0,109,201,310,35.16
新北市貢寮區雙玉里,新北市,貢寮區,雙玉里,1134,63,63,126,1,127,0,127,121,248,51.21
新北市淡水區八勢里,新北市,淡水區,八勢里,61,393,443,836,4,840,0,840,836,"1,676",50.12
新北市淡水區八勢里,新北市,淡水區,八勢里,62,402,495,897,8,905,0,905,811,"1,716",52.74
新北市淡水區八勢里,新北市,淡水區,八勢里,63,444,580,"1,024",7,"1,031",0,"1,031","1,046","2,077",49.64
新北市淡水區八勢里,新北市,淡水區,八勢里,64,575,485,"1,060",7,"1,067",0,"1,067",764,"1,831",58.27
新北市淡水區大庄里,新北市,淡水區,大庄里,145,477,568,"1,045",6,"1,051",0,"1,051",811,"1,862",56.44
新北市淡水區大庄里,新北市,淡水區,大庄里,146,359,470,829,8,837,0,837,584,"1,421",58.9
新北市淡水區大庄里,新北市,淡水區,大庄里,147,421,665,"1,086",7,"1,093",0,"1,093","1,087","2,180",50.14
新北市淡水區大庄里,新北市,淡水區,大庄里,148,470,749,"1,219",8,"1,227",0,"1,227","1,105","2,332",52.62
新北市淡水區大庄里,新北市,淡水區,大庄里,149,465,885,"1,350",3,"1,353",0,"1,353","1,243","2,596",52.12
新北市淡水區大庄里,新北市,淡水區,大庄里,150,253,474,727,12,739,0,739,617,"1,356",54.5
新北市淡水區中和里,新北市,淡水區,中和里,32,140,163,303,3,306,0,306,212,518,59.07
新北市淡水區中興里,新北市,淡水區,中興里,128,298,355,653,1,654,0,654,685,"1,339",48.84
新北市淡水區中興里,新北市,淡水區,中興里,129,272,346,618,4,622,0,622,576,"1,198",51.92
新北市淡水區中興里,新北市,淡水區,中興里,130,260,332,592,5,597,0,597,433,"1,030",57.96
新北市淡水區屯山里,新北市,淡水區,屯山里,33,249,248,497,4,501,0,501,399,900,55.67
新北市淡水區文化里,新北市,淡水區,文化里,138,331,533,864,2,866,0,866,667,"1,533",56.49
新北市淡水區水源里,新北市,淡水區,水源里,40,241,272,513,2,515,0,515,446,961,53.59
新北市淡水區水源里,新北市,淡水區,水源里,41,280,199,479,4,483,0,483,416,899,53.73
新北市淡水區水碓里,新北市,淡水區,水碓里,87,310,319,629,2,631,0,631,541,"1,172",53.84
新北市淡水區水碓里,新北市,淡水區,水碓里,88,320,405,725,1,726,0,726,616,"1,342",54.1
新北市淡水區水碓里,新北市,淡水區,水碓里,89,310,348,658,5,663,0,663,528,"1,191",55.67
新北市淡水區水碓里,新北市,淡水區,水碓里,90,310,344,654,6,660,0,660,598,"1,258",52.46
新北市淡水區北投里,新北市,淡水區,北投里,112,355,510,865,6,871,0,871,697,"1,568",55.55
新北市淡水區北投里,新北市,淡水區,北投里,113,362,485,847,10,857,0,857,692,"1,549",55.33
新北市淡水區北投里,新北市,淡水區,北投里,114,297,454,751,3,754,0,754,714,"1,468",51.36
新北市淡水區北投里,新北市,淡水區,北投里,115,404,513,917,3,920,0,920,677,"1,597",57.61
新北市淡水區北投里,新北市,淡水區,北投里,116,386,636,"1,022",5,"1,027",0,"1,027",865,"1,892",54.28
新北市淡水區北投里,新北市,淡水區,北投里,117,388,514,902,5,907,0,907,810,"1,717",52.82
新北市淡水區北新里,新北市,淡水區,北新里,91,334,432,766,4,770,0,770,655,"1,425",54.04
新北市淡水區北新里,新北市,淡水區,北新里,92,269,382,651,2,653,0,653,715,"1,368",47.73
新北市淡水區正德里,新北市,淡水區,正德里,93,342,466,808,6,814,0,814,588,"1,402",58.06
新北市淡水區正德里,新北市,淡水區,正德里,94,345,450,795,5,800,0,800,712,"1,512",52.91
新北市淡水區正德里,新北市,淡水區,正德里,95,308,441,749,1,750,0,750,604,"1,354",55.39
新北市淡水區民生里,新北市,淡水區,民生里,57,398,536,934,9,943,0,943,814,"1,757",53.67
新北市淡水區民生里,新北市,淡水區,民生里,58,379,561,940,5,945,0,945,790,"1,735",54.47
新北市淡水區民生里,新北市,淡水區,民生里,59,444,462,906,5,911,0,911,701,"1,612",56.51
新北市淡水區民生里,新北市,淡水區,民生里,60,385,477,862,9,871,0,871,613,"1,484",58.69
新北市淡水區民安里,新北市,淡水區,民安里,136,184,153,337,2,339,0,339,240,579,58.55
新北市淡水區民權里,新北市,淡水區,民權里,54,446,450,896,7,903,0,903,638,"1,541",58.6
新北市淡水區民權里,新北市,淡水區,民權里,55,402,444,846,2,848,0,848,548,"1,396",60.74
新北市淡水區民權里,新北市,淡水區,民權里,56,378,524,902,9,911,0,911,575,"1,486",61.31
新北市淡水區永吉里,新北市,淡水區,永吉里,135,206,236,442,3,445,0,445,314,759,58.63
新北市淡水區竹圍里,新北市,淡水區,竹圍里,50,310,484,794,4,798,0,798,601,"1,399",57.04
新北市淡水區竹圍里,新北市,淡水區,竹圍里,51,303,460,763,3,766,0,766,509,"1,275",60.08
新北市淡水區竹圍里,新北市,淡水區,竹圍里,52,350,422,772,4,776,0,776,600,"1,376",56.4
新北市淡水區竹圍里,新北市,淡水區,竹圍里,53,348,481,829,0,829,0,829,698,"1,527",54.29
新北市淡水區沙崙里,新北市,淡水區,沙崙里,142,321,464,785,1,786,0,786,702,"1,488",52.82
新北市淡水區沙崙里,新北市,淡水區,沙崙里,143,341,475,816,3,819,0,819,725,"1,544",53.04
新北市淡水區沙崙里,新北市,淡水區,沙崙里,144,317,577,894,6,900,0,900,"1,049","1,949",46.18
新北市淡水區協元里,新北市,淡水區,協元里,134,345,325,670,6,676,0,676,555,"1,231",54.91
新北市淡水區坪頂里,新北市,淡水區,坪頂里,44,329,352,681,3,684,0,684,596,"1,280",53.44
新北市淡水區幸福里,新北市,淡水區,幸福里,122,229,257,486,4,490,0,490,462,952,51.47
新北市淡水區幸福里,新北市,淡水區,幸福里,123,293,353,646,5,651,0,651,533,"1,184",54.98
新北市淡水區幸福里,新北市,淡水區,幸福里,124,295,346,641,3,644,0,644,458,"1,102",58.44
新北市淡水區忠山里,新北市,淡水區,忠山里,37,178,241,419,6,425,0,425,318,743,57.2
新北市淡水區忠寮里,新北市,淡水區,忠寮里,42,271,279,550,8,558,0,558,420,978,57.06
新北市淡水區油車里,新北市,淡水區,油車里,139,338,514,852,8,860,0,860,663,"1,523",56.47
新北市淡水區油車里,新北市,淡水區,油車里,140,424,532,956,10,966,0,966,720,"1,686",57.3
新北市淡水區油車里,新北市,淡水區,油車里,141,408,498,906,4,910,0,910,711,"1,621",56.14
新北市淡水區長庚里,新北市,淡水區,長庚里,131,325,427,752,1,753,0,753,485,"1,238",60.82
新北市淡水區竿蓁里,新北市,淡水區,竿蓁里,65,301,424,725,8,733,0,733,547,"1,280",57.27
新北市淡水區竿蓁里,新北市,淡水區,竿蓁里,66,484,541,"1,025",5,"1,030",0,"1,030",982,"2,012",51.19
新北市淡水區竿蓁里,新北市,淡水區,竿蓁里,67,327,410,737,5,742,0,742,635,"1,377",53.89
新北市淡水區竿蓁里,新北市,淡水區,竿蓁里,68,346,543,889,2,891,0,891,672,"1,563",57.01
新北市淡水區竿蓁里,新北市,淡水區,竿蓁里,69,324,475,799,1,800,0,800,880,"1,680",47.62
新北市淡水區竿蓁里,新北市,淡水區,竿蓁里,70,390,516,906,6,912,0,912,820,"1,732",52.66
新北市淡水區竿蓁里,新北市,淡水區,竿蓁里,71,290,446,736,0,736,0,736,714,"1,450",50.76
新北市淡水區崁頂里,新北市,淡水區,崁頂里,72,347,385,732,5,737,0,737,562,"1,299",56.74
新北市淡水區崁頂里,新北市,淡水區,崁頂里,73,269,380,649,2,651,0,651,"1,540","2,191",29.71
新北市淡水區崁頂里,新北市,淡水區,崁頂里,74,285,508,793,2,795,0,795,685,"1,480",53.72
新北市淡水區崁頂里,新北市,淡水區,崁頂里,75,370,454,824,4,828,0,828,757,"1,585",52.24
新北市淡水區崁頂里,新北市,淡水區,崁頂里,76,367,492,859,4,863,0,863,745,"1,608",53.67
新北市淡水區崁頂里,新北市,淡水區,崁頂里,77,435,689,"1,124",4,"1,128",0,"1,128","1,014","2,142",52.66
新北市淡水區崁頂里,新北市,淡水區,崁頂里,78,463,582,"1,045",16,"1,061",0,"1,061","1,112","2,173",48.83
新北市淡水區崁頂里,新北市,淡水區,崁頂里,79,449,684,"1,133",10,"1,143",0,"1,143","1,162","2,305",49.59
新北市淡水區崁頂里,新北市,淡水區,崁頂里,80,435,623,"1,058",1,"1,059",0,"1,059","1,086","2,145",49.37
新北市淡水區崁頂里,新北市,淡水區,崁頂里,81,377,527,904,9,913,0,913,885,"1,798",50.78
新北市淡水區崁頂里,新北市,淡水區,崁頂里,82,319,500,819,8,827,0,827,692,"1,519",54.44
新北市淡水區崁頂里,新北市,淡水區,崁頂里,83,430,654,"1,084",6,"1,090",0,"1,090",880,"1,970",55.33
新北市淡水區崁頂里,新北市,淡水區,崁頂里,84,416,572,988,2,990,0,990,888,"1,878",52.72
新北市淡水區崁頂里,新北市,淡水區,崁頂里,85,395,548,943,4,947,0,947,841,"1,788",52.96
新北市淡水區草東里,新北市,淡水區,草東里,133,196,185,381,2,383,0,383,253,636,60.22
新北市淡水區埤島里,新北市,淡水區,埤島里,86,444,558,"1,002",5,"1,007",0,"1,007",851,"1,858",54.2
新北市淡水區清文里,新北市,淡水區,清文里,132,278,293,571,5,576,0,576,432,"1,008",57.14
新北市淡水區新民里,新北市,淡水區,新民里,109,378,422,800,5,805,0,805,589,"1,394",57.75
新北市淡水區新民里,新北市,淡水區,新民里,110,330,446,776,6,782,0,782,691,"1,473",53.09
新北市淡水區新民里,新北市,淡水區,新民里,111,300,475,775,3,778,0,778,643,"1,421",54.75
新北市淡水區新生里,新北市,淡水區,新生里,137,109,119,228,0,228,0,228,160,388,58.76
新北市淡水區新春里,新北市,淡水區,新春里,103,333,344,677,2,679,0,679,574,"1,253",54.19
新北市淡水區新春里,新北市,淡水區,新春里,104,326,444,770,4,774,0,774,740,"1,514",51.12
新北市淡水區新春里,新北市,淡水區,新春里,105,286,402,688,2,690,0,690,665,"1,355",50.92
新北市淡水區新春里,新北市,淡水區,新春里,106,366,570,936,1,937,0,937,898,"1,835",51.06
新北市淡水區新春里,新北市,淡水區,新春里,107,317,375,692,0,692,0,692,598,"1,290",53.64
新北市淡水區新春里,新北市,淡水區,新春里,108,293,392,685,2,687,0,687,585,"1,272",54.01
新北市淡水區新義里,新北市,淡水區,新義里,100,274,312,586,4,590,0,590,512,"1,102",53.54
新北市淡水區新義里,新北市,淡水區,新義里,101,285,273,558,3,561,0,561,522,"1,083",51.8
新北市淡水區新義里,新北市,淡水區,新義里,102,306,406,712,3,715,0,715,565,"1,280",55.86
新北市淡水區新興里,新北市,淡水區,新興里,96,416,557,973,10,983,0,983,798,"1,781",55.19
新北市淡水區新興里,新北市,淡水區,新興里,97,366,571,937,8,945,0,945,731,"1,676",56.38
新北市淡水區新興里,新北市,淡水區,新興里,98,349,439,788,8,796,0,796,694,"1,490",53.42
新北市淡水區新興里,新北市,淡水區,新興里,99,374,471,845,2,847,0,847,799,"1,646",51.46
新北市淡水區義山里,新北市,淡水區,義山里,38,228,318,546,1,547,0,547,490,"1,037",52.75
新北市淡水區義山里,新北市,淡水區,義山里,39,218,342,560,3,563,0,563,463,"1,026",54.87
新北市淡水區福德里,新北市,淡水區,福德里,45,327,411,738,3,741,0,741,525,"1,266",58.53
新北市淡水區福德里,新北市,淡水區,福德里,46,388,489,877,2,879,0,879,650,"1,529",57.49
新北市淡水區福德里,新北市,淡水區,福德里,47,267,454,721,6,727,0,727,513,"1,240",58.63
新北市淡水區福德里,新北市,淡水區,福德里,48,294,428,722,5,727,0,727,518,"1,245",58.39
新北市淡水區福德里,新北市,淡水區,福德里,49,250,372,622,1,623,0,623,473,"1,096",56.84
新北市淡水區賢孝里,新北市,淡水區,賢孝里,34,278,430,708,7,715,0,715,664,"1,379",51.85
新北市淡水區鄧公里,新北市,淡水區,鄧公里,118,332,445,777,0,777,0,777,597,"1,374",56.55
新北市淡水區鄧公里,新北市,淡水區,鄧公里,119,319,457,776,3,779,0,779,605,"1,384",56.29
新北市淡水區鄧公里,新北市,淡水區,鄧公里,120,344,427,771,3,774,0,774,540,"1,314",58.9
新北市淡水區鄧公里,新北市,淡水區,鄧公里,121,315,389,704,2,706,0,706,559,"1,265",55.81
新北市淡水區學府里,新北市,淡水區,學府里,125,279,441,720,3,723,0,723,617,"1,340",53.96
新北市淡水區學府里,新北市,淡水區,學府里,126,366,427,793,4,797,0,797,737,"1,534",51.96
新北市淡水區學府里,新北市,淡水區,學府里,127,246,379,625,0,625,0,625,774,"1,399",44.67
新北市淡水區樹興里,新北市,淡水區,樹興里,43,391,404,795,4,799,0,799,865,"1,664",48.02
新北市淡水區興仁里,新北市,淡水區,興仁里,35,336,342,678,1,679,0,679,668,"1,347",50.41
新北市淡水區蕃薯里,新北市,淡水區,蕃薯里,36,193,272,465,0,465,0,465,513,978,47.55
新北市瑞芳區上天里,新北市,瑞芳區,上天里,1094,100,204,304,2,306,0,306,301,607,50.41
新北市瑞芳區上天里,新北市,瑞芳區,上天里,1095,112,134,246,1,247,0,247,284,531,46.52
新北市瑞芳區弓橋里,新北市,瑞芳區,弓橋里,1085,85,74,159,0,159,0,159,115,274,58.03
新北市瑞芳區爪峯里,新北市,瑞芳區,爪峯里,1076,214,353,567,3,570,0,570,685,"1,255",45.42
新北市瑞芳區爪峯里,新北市,瑞芳區,爪峯里,1077,219,286,505,3,508,0,508,518,"1,026",49.51
新北市瑞芳區爪峯里,新北市,瑞芳區,爪峯里,1078,191,329,520,3,523,0,523,460,983,53.2
新北市瑞芳區永慶里,新北市,瑞芳區,永慶里,1099,78,82,160,1,161,0,161,210,371,43.4
新北市瑞芳區瓜山里,新北市,瑞芳區,瓜山里,1103,27,62,89,0,89,0,89,67,156,57.05
新北市瑞芳區石山里,新北市,瑞芳區,石山里,1106,51,76,127,0,127,0,127,145,272,46.69
新北市瑞芳區光復里,新北市,瑞芳區,光復里,1087,59,59,118,0,118,0,118,107,225,52.44
新北市瑞芳區吉安里,新北市,瑞芳區,吉安里,1091,127,224,351,1,352,0,352,360,712,49.44
新北市瑞芳區吉安里,新北市,瑞芳區,吉安里,1092,199,308,507,2,509,0,509,532,"1,041",48.9
新北市瑞芳區吉安里,新北市,瑞芳區,吉安里,1093,188,258,446,6,452,0,452,502,954,47.38
新北市瑞芳區吉慶里,新北市,瑞芳區,吉慶里,1089,180,258,438,2,440,0,440,340,780,56.41
新北市瑞芳區吉慶里,新北市,瑞芳區,吉慶里,1090,102,231,333,2,335,0,335,428,763,43.91
新北市瑞芳區東和里,新北市,瑞芳區,東和里,1082,210,248,458,3,461,0,461,428,889,51.86
新北市瑞芳區東和里,新北市,瑞芳區,東和里,1083,114,165,279,2,281,0,281,310,591,47.55
新北市瑞芳區南雅里,新北市,瑞芳區,南雅里,1109,54,64,118,2,120,0,120,123,243,49.38
新北市瑞芳區柑坪里,新北市,瑞芳區,柑坪里,1084,250,221,471,1,472,0,472,486,958,49.27
新北市瑞芳區海濱里,新北市,瑞芳區,海濱里,1111,124,263,387,3,390,0,390,649,"1,039",37.54
新北市瑞芳區基山里,新北市,瑞芳區,基山里,1098,93,93,186,0,186,0,186,197,383,48.56
新北市瑞芳區崇文里,新北市,瑞芳區,崇文里,1100,53,67,120,2,122,0,122,138,260,46.92
新北市瑞芳區深澳里,新北市,瑞芳區,深澳里,1114,153,354,507,2,509,0,509,611,"1,120",45.45
新北市瑞芳區傑魚里,新北市,瑞芳區,傑魚里,1096,173,263,436,3,439,0,439,503,942,46.6
新北市瑞芳區傑魚里,新北市,瑞芳區,傑魚里,1097,156,210,366,0,366,0,366,403,769,47.59
新北市瑞芳區猴硐里,新北市,瑞芳區,猴硐里,1086,75,70,145,0,145,0,145,215,360,40.28
新北市瑞芳區新山里,新北市,瑞芳區,新山里,1105,65,92,157,2,159,0,159,158,317,50.16
新北市瑞芳區新峰里,新北市,瑞芳區,新峰里,1079,161,274,435,3,438,0,438,535,973,45.02
新北市瑞芳區新峰里,新北市,瑞芳區,新峰里,1080,145,272,417,2,419,0,419,414,833,50.3
新北市瑞芳區新峰里,新北市,瑞芳區,新峰里,1081,181,268,449,2,451,0,451,506,957,47.13
新北市瑞芳區瑞濱里,新北市,瑞芳區,瑞濱里,1112,160,152,312,2,314,0,314,414,728,43.13
新北市瑞芳區瑞濱里,新北市,瑞芳區,瑞濱里,1113,114,302,416,0,416,0,416,385,801,51.94
新北市瑞芳區頌德里,新北市,瑞芳區,頌德里,1102,60,76,136,1,137,0,137,150,287,47.74
新北市瑞芳區碩仁里,新北市,瑞芳區,碩仁里,1088,32,35,67,1,68,0,68,72,140,48.57
新北市瑞芳區福住里,新北市,瑞芳區,福住里,1101,25,60,85,0,85,0,85,55,140,60.71
新北市瑞芳區銅山里,新北市,瑞芳區,銅山里,1104,44,38,82,1,83,0,83,84,167,49.7
新北市瑞芳區鼻頭里,新北市,瑞芳區,鼻頭里,1110,122,157,279,2,281,0,281,494,775,36.26
新北市瑞芳區濓洞里,新北市,瑞芳區,濓洞里,1107,60,117,177,0,177,0,177,212,389,45.5
新北市瑞芳區濓新里,新北市,瑞芳區,濓新里,1108,41,54,95,0,95,0,95,155,250,38
新北市瑞芳區龍山里,新北市,瑞芳區,龍山里,1075,202,370,572,4,576,0,576,611,"1,187",48.53
新北市瑞芳區龍川里,新北市,瑞芳區,龍川里,1073,153,252,405,2,407,0,407,390,797,51.07
新北市瑞芳區龍川里,新北市,瑞芳區,龍川里,1074,122,200,322,0,322,0,322,344,666,48.35
新北市瑞芳區龍安里,新北市,瑞芳區,龍安里,1072,92,183,275,3,278,0,278,243,521,53.36
新北市瑞芳區龍潭里,新北市,瑞芳區,龍潭里,1068,133,216,349,2,351,0,351,280,631,55.63
新北市瑞芳區龍興里,新北市,瑞芳區,龍興里,1069,234,332,566,1,567,0,567,414,981,57.8
新北市瑞芳區龍興里,新北市,瑞芳區,龍興里,1070,124,224,348,4,352,0,352,431,783,44.96
新北市瑞芳區龍鎮里,新北市,瑞芳區,龍鎮里,1071,259,335,594,0,594,0,594,512,"1,106",53.71
新北市萬里區大鵬里,新北市,萬里區,大鵬里,922,193,192,385,2,387,0,387,473,860,45
新北市萬里區大鵬里,新北市,萬里區,大鵬里,923,198,210,408,3,411,0,411,418,829,49.58
新北市萬里區大鵬里,新北市,萬里區,大鵬里,924,151,229,380,1,381,0,381,442,823,46.29
新北市萬里區中幅里,新北市,萬里區,中幅里,929,217,230,447,5,452,0,452,551,"1,003",45.06
新北市萬里區北基里,新北市,萬里區,北基里,915,232,321,553,1,554,0,554,718,"1,272",43.55
新北市萬里區北基里,新北市,萬里區,北基里,916,245,258,503,5,508,0,508,686,"1,194",42.55
新北市萬里區崁脚里,新北市,萬里區,崁脚里,928,93,80,173,1,174,0,174,178,352,49.43
新北市萬里區野柳里,新北市,萬里區,野柳里,919,206,222,428,1,429,0,429,501,930,46.13
新北市萬里區野柳里,新北市,萬里區,野柳里,920,216,195,411,2,413,0,413,508,921,44.84
新北市萬里區野柳里,新北市,萬里區,野柳里,921,244,274,518,3,521,0,521,609,"1,130",46.11
新北市萬里區溪底里,新北市,萬里區,溪底里,927,158,102,260,3,263,0,263,334,597,44.05
新北市萬里區萬里里,新北市,萬里區,萬里里,911,197,237,434,2,436,0,436,489,925,47.14
新北市萬里區萬里里,新北市,萬里區,萬里里,912,203,213,416,3,419,0,419,425,844,49.64
新北市萬里區萬里里,新北市,萬里區,萬里里,913,235,241,476,0,476,0,476,413,889,53.54
新北市萬里區萬里里,新北市,萬里區,萬里里,914,281,335,616,1,617,0,617,659,"1,276",48.35
新北市萬里區龜吼里,新北市,萬里區,龜吼里,917,210,279,489,3,492,0,492,802,"1,294",38.02
新北市萬里區龜吼里,新北市,萬里區,龜吼里,918,292,328,620,5,625,0,625,720,"1,345",46.47
新北市萬里區磺潭里,新北市,萬里區,磺潭里,925,102,158,260,1,261,0,261,258,519,50.29
新北市萬里區雙興里,新北市,萬里區,雙興里,926,209,220,429,5,434,0,434,464,898,48.33
新北市雙溪區三港里,新北市,雙溪區,三港里,1118,58,70,128,0,128,0,128,167,295,43.39
新北市雙溪區三貂里,新北市,雙溪區,三貂里,1121,71,75,146,1,147,0,147,156,303,48.51
新北市雙溪區上林里,新北市,雙溪區,上林里,1124,122,145,267,3,270,0,270,263,533,50.66
新北市雙溪區外柑里,新北市,雙溪區,外柑里,1125,59,100,159,1,160,0,160,204,364,43.96
新北市雙溪區平林里,新北市,雙溪區,平林里,1122,118,147,265,1,266,0,266,289,555,47.93
新北市雙溪區平林里,新北市,雙溪區,平林里,1123,55,68,123,0,123,0,123,100,223,55.16
新北市雙溪區共和里,新北市,雙溪區,共和里,1127,54,74,128,0,128,0,128,173,301,42.52
新北市雙溪區牡丹里,新北市,雙溪區,牡丹里,1119,142,173,315,3,318,0,318,384,702,45.3
新北市雙溪區牡丹里,新北市,雙溪區,牡丹里,1120,102,138,240,0,240,0,240,330,570,42.11
新北市雙溪區長源里,新北市,雙溪區,長源里,1126,69,58,127,1,128,0,128,187,315,40.63
新北市雙溪區泰平里,新北市,雙溪區,泰平里,1129,172,240,412,3,415,0,415,689,"1,104",37.59
新北市雙溪區魚行里,新北市,雙溪區,魚行里,1128,114,153,267,0,267,0,267,289,556,48.02
新北市雙溪區新基里,新北市,雙溪區,新基里,1116,39,78,117,2,119,0,119,116,235,50.64
新北市雙溪區新基里,新北市,雙溪區,新基里,1117,94,133,227,2,229,0,229,199,428,53.5
新北市雙溪區雙溪里,新北市,雙溪區,雙溪里,1115,61,133,194,1,195,0,195,201,396,49.24
新竹市北區士林里,新竹市,北區,士林里,272,370,423,793,7,800,0,800,440,"1,240",64.52
新竹市北區士林里,新竹市,北區,士林里,273,280,286,566,4,570,0,570,408,978,58.28
新竹市北區大同里,新竹市,北區,大同里,198,211,236,447,5,452,0,452,264,716,63.13
新竹市北區大鵬里,新竹市,北區,大鵬里,197,22,72,94,0,94,0,94,115,209,44.98
新竹市北區中山里,新竹市,北區,中山里,199,278,245,523,1,524,0,524,337,861,60.86
新竹市北區中央里,新竹市,北區,中央里,168,143,96,239,0,239,0,239,155,394,60.66
新竹市北區中雅里,新竹市,北區,中雅里,190,133,624,757,5,762,0,762,397,"1,159",65.75
新竹市北區中雅里,新竹市,北區,中雅里,191,256,372,628,4,632,0,632,450,"1,082",58.41
新竹市北區中雅里,新竹市,北區,中雅里,192,287,368,655,3,658,0,658,341,999,65.87
新竹市北區中寮里,新竹市,北區,中寮里,283,322,440,762,3,765,0,765,540,"1,305",58.62
新竹市北區中寮里,新竹市,北區,中寮里,284,336,415,751,15,766,0,766,620,"1,386",55.27
新竹市北區中寮里,新竹市,北區,中寮里,285,280,406,686,3,689,0,689,528,"1,217",56.61
新竹市北區中興里,新竹市,北區,中興里,200,266,283,549,3,552,1,553,319,872,63.3
新竹市北區仁德里,新竹市,北區,仁德里,174,204,185,389,4,393,0,393,291,684,57.46
新竹市北區文雅里,新竹市,北區,文雅里,220,338,351,689,3,692,0,692,388,"1,080",64.07
新竹市北區文雅里,新竹市,北區,文雅里,221,249,336,585,4,589,0,589,358,947,62.2
新竹市北區文雅里,新竹市,北區,文雅里,222,261,283,544,7,551,0,551,345,896,61.5
新竹市北區文雅里,新竹市,北區,文雅里,223,251,278,529,5,534,0,534,369,903,59.14
新竹市北區水田里,新竹市,北區,水田里,224,306,358,664,1,665,0,665,428,"1,093",60.84
新竹市北區水田里,新竹市,北區,水田里,225,285,331,616,3,619,0,619,465,"1,084",57.1
新竹市北區水田里,新竹市,北區,水田里,226,299,317,616,6,622,0,622,390,"1,012",61.46
新竹市北區北門里,新竹市,北區,北門里,205,292,263,555,5,560,0,560,390,950,58.95
新竹市北區古賢里,新竹市,北區,古賢里,274,239,234,473,6,479,0,479,326,805,59.5
新竹市北區台溪里,新竹市,北區,台溪里,178,211,275,486,5,491,0,491,458,949,51.74
新竹市北區台溪里,新竹市,北區,台溪里,179,190,181,371,4,375,0,375,245,620,60.48
新竹市北區民富里,新竹市,北區,民富里,206,210,225,435,2,437,0,437,455,892,48.99
新竹市北區民富里,新竹市,北區,民富里,207,266,326,592,1,593,0,593,385,978,60.63
新竹市北區民富里,新竹市,北區,民富里,208,249,264,513,1,514,0,514,364,878,58.54
新竹市北區民富里,新竹市,北區,民富里,209,264,243,507,3,510,0,510,347,857,59.51
新竹市北區民富里,新竹市,北區,民富里,210,208,262,470,5,475,0,475,370,845,56.21
新竹市北區石坊里,新竹市,北區,石坊里,171,151,148,299,3,302,0,302,210,512,58.98
新竹市北區光田里,新竹市,北區,光田里,227,295,355,650,2,652,0,652,438,"1,090",59.82
新竹市北區光田里,新竹市,北區,光田里,228,193,322,515,5,520,0,520,343,863,60.25
新竹市北區光華里,新竹市,北區,光華里,229,158,186,344,4,348,0,348,"1,002","1,350",25.78
新竹市北區光華里,新竹市,北區,光華里,230,202,287,489,3,492,0,492,322,814,60.44
新竹市北區光華里,新竹市,北區,光華里,231,218,353,571,4,575,0,575,396,971,59.22
新竹市北區光華里,新竹市,北區,光華里,232,239,310,549,0,549,0,549,371,920,59.67
新竹市北區曲溪里,新竹市,北區,曲溪里,180,191,338,529,2,531,0,531,448,979,54.24
新竹市北區曲溪里,新竹市,北區,曲溪里,181,258,378,636,2,638,0,638,432,"1,070",59.63
新竹市北區曲溪里,新竹市,北區,曲溪里,182,138,271,409,1,410,0,410,443,853,48.07
新竹市北區曲溪里,新竹市,北區,曲溪里,183,210,301,511,2,513,0,513,424,937,54.75
新竹市北區曲溪里,新竹市,北區,曲溪里,184,305,365,670,4,674,1,675,463,"1,138",59.23
新竹市北區西門里,新竹市,北區,西門里,167,163,154,317,0,317,0,317,239,556,57.01
新竹市北區西雅里,新竹市,北區,西雅里,185,235,329,564,2,566,0,566,365,931,60.79
新竹市北區西雅里,新竹市,北區,西雅里,186,260,245,505,5,510,0,510,349,859,59.37
新竹市北區西雅里,新竹市,北區,西雅里,187,271,278,549,3,552,0,552,352,904,61.06
新竹市北區武陵里,新竹市,北區,武陵里,260,126,522,648,3,651,0,651,414,"1,065",61.13
新竹市北區武陵里,新竹市,北區,武陵里,261,131,539,670,2,672,0,672,383,"1,055",63.7
新竹市北區武陵里,新竹市,北區,武陵里,262,185,512,697,3,700,0,700,414,"1,114",62.84
新竹市北區武陵里,新竹市,北區,武陵里,263,157,505,662,4,666,0,666,365,"1,031",64.6
新竹市北區育英里,新竹市,北區,育英里,175,270,352,622,7,629,0,629,467,"1,096",57.39
新竹市北區育英里,新竹市,北區,育英里,176,307,308,615,4,619,0,619,413,"1,032",59.98
新竹市北區育英里,新竹市,北區,育英里,177,299,331,630,8,638,0,638,467,"1,105",57.74
新竹市北區金竹里,新竹市,北區,金竹里,255,305,392,697,3,700,0,700,475,"1,175",59.57
新竹市北區金竹里,新竹市,北區,金竹里,256,278,416,694,5,699,0,699,429,"1,128",61.97
新竹市北區金竹里,新竹市,北區,金竹里,257,241,410,651,2,653,0,653,459,"1,112",58.72
新竹市北區金竹里,新竹市,北區,金竹里,258,276,433,709,6,715,0,715,428,"1,143",62.55
新竹市北區金竹里,新竹市,北區,金竹里,259,273,366,639,7,646,0,646,396,"1,042",62
新竹市北區金華里,新竹市,北區,金華里,233,290,364,654,5,659,0,659,484,"1,143",57.66
新竹市北區金華里,新竹市,北區,金華里,234,313,386,699,1,700,0,700,477,"1,177",59.47
新竹市北區金華里,新竹市,北區,金華里,235,319,393,712,5,717,0,717,385,"1,102",65.06
新竹市北區金華里,新竹市,北區,金華里,236,307,422,729,5,734,0,734,501,"1,235",59.43
新竹市北區金雅里,新竹市,北區,金雅里,240,380,406,786,2,788,0,788,385,"1,173",67.18
新竹市北區金雅里,新竹市,北區,金雅里,241,473,565,"1,038",8,"1,046",0,"1,046",609,"1,655",63.2
新竹市北區金雅里,新竹市,北區,金雅里,242,293,402,695,5,700,0,700,376,"1,076",65.06
新竹市北區長和里,新竹市,北區,長和里,203,232,218,450,4,454,0,454,291,745,60.94
新竹市北區長和里,新竹市,北區,長和里,204,150,163,313,2,315,0,315,275,590,53.39
新竹市北區南勢里,新竹市,北區,南勢里,193,329,332,661,7,668,0,668,393,"1,061",62.96
新竹市北區南勢里,新竹市,北區,南勢里,194,344,321,665,2,667,0,667,438,"1,105",60.36
新竹市北區南勢里,新竹市,北區,南勢里,195,452,346,798,9,807,0,807,463,"1,270",63.54
新竹市北區南勢里,新竹市,北區,南勢里,196,211,227,438,2,440,0,440,284,724,60.77
新竹市北區南寮里,新竹市,北區,南寮里,275,269,351,620,6,626,0,626,454,"1,080",57.96
新竹市北區南寮里,新竹市,北區,南寮里,276,248,414,662,6,668,0,668,592,"1,260",53.02
新竹市北區南寮里,新竹市,北區,南寮里,277,310,327,637,9,646,0,646,575,"1,221",52.91
新竹市北區南寮里,新竹市,北區,南寮里,278,205,322,527,9,536,0,536,519,"1,055",50.81
新竹市北區南寮里,新竹市,北區,南寮里,279,253,292,545,6,551,0,551,534,"1,085",50.78
新竹市北區客雅里,新竹市,北區,客雅里,188,337,345,682,3,685,0,685,486,"1,171",58.5
新竹市北區客雅里,新竹市,北區,客雅里,189,202,217,419,2,421,0,421,245,666,63.21
新竹市北區海濱里,新竹市,北區,海濱里,286,261,304,565,2,567,0,567,451,"1,018",55.7
新竹市北區海濱里,新竹市,北區,海濱里,287,253,436,689,5,694,0,694,534,"1,228",56.51
新竹市北區海濱里,新竹市,北區,海濱里,288,293,410,703,3,706,0,706,561,"1,267",55.72
新竹市北區海濱里,新竹市,北區,海濱里,289,212,304,516,8,524,0,524,534,"1,058",49.53
新竹市北區崇禮里,新竹市,北區,崇禮里,170,338,281,619,2,621,0,621,397,"1,018",61
新竹市北區康樂里,新竹市,北區,康樂里,280,275,339,614,5,619,0,619,352,971,63.75
新竹市北區康樂里,新竹市,北區,康樂里,281,308,453,761,5,766,0,766,583,"1,349",56.78
新竹市北區康樂里,新竹市,北區,康樂里,282,234,249,483,4,487,0,487,376,863,56.43
新竹市北區港北里,新竹市,北區,港北里,290,302,388,690,7,697,0,697,535,"1,232",56.57
新竹市北區港北里,新竹市,北區,港北里,291,269,270,539,3,542,0,542,473,"1,015",53.4
新竹市北區湳中里,新竹市,北區,湳中里,243,366,440,806,7,813,0,813,542,"1,355",60
新竹市北區湳中里,新竹市,北區,湳中里,244,220,343,563,6,569,0,569,409,978,58.18
新竹市北區湳中里,新竹市,北區,湳中里,245,255,393,648,6,654,0,654,402,"1,056",61.93
新竹市北區湳中里,新竹市,北區,湳中里,246,260,394,654,2,656,0,656,369,"1,025",64
新竹市北區湳中里,新竹市,北區,湳中里,247,284,422,706,6,712,0,712,416,"1,128",63.12
新竹市北區湳中里,新竹市,北區,湳中里,248,279,438,717,5,722,0,722,431,"1,153",62.62
新竹市北區湳雅里,新竹市,北區,湳雅里,237,209,267,476,3,479,0,479,277,756,63.36
新竹市北區湳雅里,新竹市,北區,湳雅里,238,244,316,560,3,563,0,563,261,824,68.33
新竹市北區湳雅里,新竹市,北區,湳雅里,239,261,355,616,5,621,0,621,382,"1,003",61.91
新竹市北區新民里,新竹市,北區,新民里,201,224,300,524,5,529,0,529,339,868,60.94
新竹市北區新民里,新竹市,北區,新民里,202,165,182,347,0,347,0,347,289,636,54.56
新竹市北區新雅里,新竹市,北區,新雅里,216,307,387,694,1,695,0,695,536,"1,231",56.46
新竹市北區新雅里,新竹市,北區,新雅里,217,268,328,596,4,600,0,600,409,"1,009",59.46
新竹市北區新雅里,新竹市,北區,新雅里,218,294,294,588,11,599,0,599,446,"1,045",57.32
新竹市北區新雅里,新竹市,北區,新雅里,219,284,314,598,6,604,0,604,423,"1,027",58.81
新竹市北區境福里,新竹市,北區,境福里,268,299,308,607,2,609,0,609,364,973,62.59
新竹市北區境福里,新竹市,北區,境福里,269,286,336,622,5,627,0,627,434,"1,061",59.1
新竹市北區境福里,新竹市,北區,境福里,270,309,443,752,7,759,0,759,423,"1,182",64.21
新竹市北區境福里,新竹市,北區,境福里,271,277,397,674,5,679,0,679,510,"1,189",57.11
新竹市北區福林里,新竹市,北區,福林里,264,276,421,697,8,705,0,705,421,"1,126",62.61
新竹市北區福林里,新竹市,北區,福林里,265,288,400,688,7,695,0,695,428,"1,123",61.89
新竹市北區福林里,新竹市,北區,福林里,266,162,265,427,1,428,0,428,261,689,62.12
新竹市北區福林里,新竹市,北區,福林里,267,178,234,412,4,416,0,416,287,703,59.17
新竹市北區潛園里,新竹市,北區,潛園里,169,232,196,428,1,429,0,429,245,674,63.65
新竹市北區磐石里,新竹市,北區,磐石里,211,280,318,598,6,604,0,604,388,992,60.89
新竹市北區磐石里,新竹市,北區,磐石里,212,304,293,597,5,602,0,602,311,913,65.94
新竹市北區磐石里,新竹市,北區,磐石里,213,316,336,652,2,654,0,654,417,"1,071",61.06
新竹市北區磐石里,新竹市,北區,磐石里,214,308,382,690,6,696,0,696,435,"1,131",61.54
新竹市北區磐石里,新竹市,北區,磐石里,215,269,288,557,2,559,0,559,394,953,58.66
新竹市北區興南里,新竹市,北區,興南里,172,113,123,236,2,238,0,238,162,400,59.5
新竹市北區興南里,新竹市,北區,興南里,173,250,242,492,4,496,0,496,372,868,57.14
新竹市北區舊社里,新竹市,北區,舊社里,249,215,286,501,1,502,0,502,329,831,60.41
新竹市北區舊社里,新竹市,北區,舊社里,250,218,272,490,2,492,0,492,322,814,60.44
新竹市北區舊社里,新竹市,北區,舊社里,251,238,279,517,1,518,0,518,311,829,62.48
新竹市北區舊社里,新竹市,北區,舊社里,252,225,308,533,2,535,0,535,376,911,58.73
新竹市北區舊社里,新竹市,北區,舊社里,253,311,338,649,5,654,0,654,466,"1,120",58.39
新竹市北區舊社里,新竹市,北區,舊社里,254,277,434,711,3,714,0,714,410,"1,124",63.52
新竹市北區舊港里,新竹市,北區,舊港里,292,137,178,315,2,317,0,317,208,525,60.38
新竹市東區三民里,新竹市,東區,三民里,22,275,330,605,2,607,0,607,440,"1,047",57.98
新竹市東區三民里,新竹市,東區,三民里,23,315,386,701,4,705,0,705,521,"1,226",57.5
新竹市東區三民里,新竹市,東區,三民里,24,300,319,619,2,621,0,621,399,"1,020",60.88
新竹市東區三民里,新竹市,東區,三民里,25,314,430,744,4,748,0,748,464,"1,212",61.72
新竹市東區下竹里,新竹市,東區,下竹里,137,101,145,246,2,248,0,248,145,393,63.1
新竹市東區千甲里,新竹市,東區,千甲里,58,252,330,582,3,585,0,585,385,970,60.31
新竹市東區千甲里,新竹市,東區,千甲里,59,188,426,614,5,619,0,619,308,927,66.77
新竹市東區中正里,新竹市,東區,中正里,7,132,156,288,1,289,0,289,234,523,55.26
新竹市東區公園里,新竹市,東區,公園里,31,210,351,561,7,568,0,568,386,954,59.54
新竹市東區公園里,新竹市,東區,公園里,32,245,413,658,5,663,0,663,499,"1,162",57.06
新竹市東區公園里,新竹市,東區,公園里,33,248,349,597,3,600,0,600,339,939,63.9
新竹市東區文華里,新竹市,東區,文華里,10,117,245,362,6,368,0,368,248,616,59.74
新竹市東區文華里,新竹市,東區,文華里,11,376,438,814,7,821,0,821,486,"1,307",62.82
新竹市東區文華里,新竹市,東區,文華里,12,304,450,754,4,758,0,758,513,"1,271",59.64
新竹市東區文華里,新竹市,東區,文華里,13,305,370,675,6,681,0,681,517,"1,198",56.84
新竹市東區水源里,新竹市,東區,水源里,55,362,347,709,4,713,0,713,487,"1,200",59.42
新竹市東區水源里,新竹市,東區,水源里,56,249,353,602,3,605,0,605,360,965,62.69
新竹市東區水源里,新竹市,東區,水源里,57,287,249,536,4,540,0,540,344,884,61.09
新竹市東區仙水里,新竹市,東區,仙水里,117,287,340,627,8,635,0,635,501,"1,136",55.9
新竹市東區仙水里,新竹市,東區,仙水里,118,305,422,727,6,733,0,733,522,"1,255",58.41
新竹市東區仙水里,新竹市,東區,仙水里,119,378,441,819,3,822,0,822,531,"1,353",60.75
新竹市東區仙水里,新竹市,東區,仙水里,120,286,523,809,4,813,3,816,498,"1,314",61.87
新竹市東區仙宮里,新竹市,東區,仙宮里,121,313,424,737,2,739,1,740,424,"1,164",63.49
新竹市東區立功里,新竹市,東區,立功里,70,122,339,461,4,465,0,465,324,789,58.94
新竹市東區光明里,新竹市,東區,光明里,75,152,379,531,3,534,0,534,402,936,57.05
新竹市東區光明里,新竹市,東區,光明里,76,162,250,412,3,415,0,415,335,750,55.33
新竹市東區光明里,新竹市,東區,光明里,77,251,367,618,5,623,0,623,400,"1,023",60.9
新竹市東區光復里,新竹市,東區,光復里,49,273,294,567,6,573,0,573,360,933,61.41
新竹市東區光復里,新竹市,東區,光復里,50,278,276,554,4,558,0,558,354,912,61.18
新竹市東區光復里,新竹市,東區,光復里,51,230,321,551,2,553,0,553,372,925,59.78
新竹市東區光鎮里,新竹市,東區,光鎮里,146,265,397,662,5,667,0,667,452,"1,119",59.61
新竹市東區光鎮里,新竹市,東區,光鎮里,147,297,374,671,4,675,0,675,488,"1,163",58.04
新竹市東區光鎮里,新竹市,東區,光鎮里,148,283,331,614,3,617,0,617,452,"1,069",57.72
新竹市東區寺前里,新竹市,東區,寺前里,135,223,242,465,4,469,0,469,289,758,61.87
新竹市東區成功里,新竹市,東區,成功里,6,171,133,304,3,307,0,307,197,504,60.91
新竹市東區竹蓮里,新竹市,東區,竹蓮里,136,197,196,393,1,394,0,394,243,637,61.85
新竹市東區明湖里,新竹市,東區,明湖里,162,213,324,537,8,545,0,545,462,"1,007",54.12
新竹市東區明湖里,新竹市,東區,明湖里,163,163,276,439,5,444,0,444,525,969,45.82
新竹市東區明湖里,新竹市,東區,明湖里,164,182,325,507,1,508,0,508,399,907,56.01
新竹市東區明湖里,新竹市,東區,明湖里,165,219,367,586,2,588,0,588,565,"1,153",51
新竹市東區明湖里,新竹市,東區,明湖里,166,153,296,449,4,453,0,453,392,845,53.61
新竹市東區東山里,新竹市,東區,東山里,37,166,348,514,5,519,0,519,300,819,63.37
新竹市東區東山里,新竹市,東區,東山里,38,215,364,579,7,586,0,586,417,"1,003",58.42
新竹市東區東山里,新竹市,東區,東山里,39,275,366,641,9,650,0,650,376,"1,026",63.35
新竹市東區東門里,新竹市,東區,東門里,5,163,130,293,2,295,0,295,192,487,60.57
新竹市東區東勢里,新竹市,東區,東勢里,45,309,294,603,2,605,0,605,398,"1,003",60.32
新竹市東區東勢里,新竹市,東區,東勢里,46,270,267,537,4,541,0,541,362,903,59.91
新竹市東區東勢里,新竹市,東區,東勢里,47,266,406,672,4,676,0,676,372,"1,048",64.5
新竹市東區東勢里,新竹市,東區,東勢里,48,310,348,658,3,661,0,661,319,980,67.45
新竹市東區東園里,新竹市,東區,東園里,26,256,356,612,5,617,0,617,476,"1,093",56.45
新竹市東區東園里,新竹市,東區,東園里,27,355,402,757,6,763,0,763,465,"1,228",62.13
新竹市東區東園里,新竹市,東區,東園里,28,340,355,695,5,700,0,700,410,"1,110",63.06
新竹市東區東園里,新竹市,東區,東園里,29,284,427,711,1,712,0,712,427,"1,139",62.51
新竹市東區東園里,新竹市,東區,東園里,30,344,378,722,4,726,0,726,391,"1,117",65
新竹市東區武功里,新竹市,東區,武功里,64,161,655,816,5,821,0,821,476,"1,297",63.3
新竹市東區武功里,新竹市,東區,武功里,65,173,586,759,7,766,0,766,492,"1,258",60.89
新竹市東區武功里,新竹市,東區,武功里,66,227,544,771,6,777,0,777,495,"1,272",61.08
新竹市東區育賢里,新竹市,東區,育賢里,1,257,306,563,2,565,0,565,"1,175","1,740",32.47
新竹市東區金山里,新竹市,東區,金山里,112,210,390,600,1,601,0,601,503,"1,104",54.44
新竹市東區金山里,新竹市,東區,金山里,113,267,443,710,7,717,0,717,556,"1,273",56.32
新竹市東區金山里,新竹市,東區,金山里,114,212,340,552,1,553,0,553,428,981,56.37
新竹市東區金山里,新竹市,東區,金山里,115,135,316,451,2,453,0,453,352,805,56.27
新竹市東區金山里,新竹市,東區,金山里,116,238,321,559,10,569,0,569,364,933,60.99
新竹市東區前溪里,新竹市,東區,前溪里,52,256,273,529,3,532,0,532,352,884,60.18
新竹市東區前溪里,新竹市,東區,前溪里,53,223,259,482,7,489,0,489,400,889,55.01
新竹市東區前溪里,新竹市,東區,前溪里,54,184,256,440,2,442,0,442,336,778,56.81
新竹市東區南大里,新竹市,東區,南大里,141,180,165,345,6,351,0,351,206,557,63.02
新竹市東區南大里,新竹市,東區,南大里,142,187,223,410,4,414,0,414,289,703,58.89
新竹市東區南市里,新竹市,東區,南市里,124,265,203,468,5,473,0,473,314,787,60.1
新竹市東區南門里,新竹市,東區,南門里,123,195,198,393,4,397,0,397,263,660,60.15
新竹市東區建功里,新竹市,東區,建功里,71,139,586,725,6,731,0,731,415,"1,146",63.79
新竹市東區建功里,新竹市,東區,建功里,72,125,310,435,4,439,0,439,310,749,58.61
新竹市東區建功里,新竹市,東區,建功里,73,83,322,405,5,410,0,410,232,642,63.86
新竹市東區建功里,新竹市,東區,建功里,74,265,466,731,4,735,0,735,455,"1,190",61.76
新竹市東區建華里,新竹市,東區,建華里,34,192,245,437,2,439,0,439,294,733,59.89
新竹市東區建華里,新竹市,東區,建華里,35,190,234,424,2,426,0,426,276,702,60.68
新竹市東區建華里,新竹市,東區,建華里,36,185,285,470,4,474,0,474,252,726,65.29
新竹市東區科園里,新竹市,東區,科園里,87,219,382,601,1,602,0,602,387,989,60.87
新竹市東區科園里,新竹市,東區,科園里,88,200,360,560,6,566,0,566,334,900,62.89
新竹市東區科園里,新竹市,東區,科園里,89,240,387,627,4,631,0,631,345,976,64.65
新竹市東區科園里,新竹市,東區,科園里,90,260,423,683,2,685,0,685,362,"1,047",65.43
新竹市東區科園里,新竹市,東區,科園里,91,194,262,456,4,460,0,460,285,745,61.74
新竹市東區科園里,新竹市,東區,科園里,92,261,467,728,3,731,0,731,367,"1,098",66.58
新竹市東區軍功里,新竹市,東區,軍功里,67,160,340,500,4,504,0,504,418,922,54.66
新竹市東區軍功里,新竹市,東區,軍功里,68,174,297,471,5,476,0,476,335,811,58.69
新竹市東區軍功里,新竹市,東區,軍功里,69,144,357,501,1,502,0,502,344,846,59.34
新竹市東區埔頂里,新竹市,東區,埔頂里,93,387,540,927,4,931,0,931,762,"1,693",54.99
新竹市東區埔頂里,新竹市,東區,埔頂里,94,231,300,531,4,535,0,535,424,959,55.79
新竹市東區埔頂里,新竹市,東區,埔頂里,95,360,351,711,6,717,0,717,470,"1,187",60.4
新竹市東區埔頂里,新竹市,東區,埔頂里,96,290,393,683,5,688,0,688,498,"1,186",58.01
新竹市東區埔頂里,新竹市,東區,埔頂里,97,318,435,753,2,755,0,755,550,"1,305",57.85
新竹市東區埔頂里,新竹市,東區,埔頂里,98,292,463,755,10,765,0,765,631,"1,396",54.8
新竹市東區振興里,新竹市,東區,振興里,127,281,314,595,0,595,0,595,468,"1,063",55.97
新竹市東區振興里,新竹市,東區,振興里,128,276,361,637,3,640,0,640,389,"1,029",62.2
新竹市東區振興里,新竹市,東區,振興里,129,251,420,671,4,675,0,675,479,"1,154",58.49
新竹市東區振興里,新竹市,東區,振興里,130,217,334,551,2,553,0,553,474,"1,027",53.85
新竹市東區振興里,新竹市,東區,振興里,131,237,330,567,2,569,0,569,409,978,58.18
新竹市東區柴橋里,新竹市,東區,柴橋里,157,235,299,534,1,535,0,535,347,882,60.66
新竹市東區柴橋里,新竹市,東區,柴橋里,158,202,361,563,2,565,0,565,452,"1,017",55.56
新竹市東區柴橋里,新竹市,東區,柴橋里,159,217,362,579,5,584,0,584,271,855,68.3
新竹市東區柴橋里,新竹市,東區,柴橋里,160,245,341,586,2,588,0,588,452,"1,040",56.54
新竹市東區柴橋里,新竹市,東區,柴橋里,161,412,496,908,4,912,0,912,636,"1,548",58.91
新竹市東區高峰里,新竹市,東區,高峰里,149,319,410,729,7,736,0,736,483,"1,219",60.38
新竹市東區高峰里,新竹市,東區,高峰里,150,236,385,621,2,623,0,623,399,"1,022",60.96
新竹市東區高峰里,新竹市,東區,高峰里,151,241,337,578,3,581,0,581,427,"1,008",57.64
新竹市東區高峰里,新竹市,東區,高峰里,152,264,336,600,4,604,0,604,479,"1,083",55.77
新竹市東區高峰里,新竹市,東區,高峰里,153,261,388,649,5,654,0,654,390,"1,044",62.64
新竹市東區頂竹里,新竹市,東區,頂竹里,138,229,259,488,4,492,0,492,277,769,63.98
新竹市東區頂竹里,新竹市,東區,頂竹里,139,266,245,511,4,515,0,515,355,870,59.2
新竹市東區頂竹里,新竹市,東區,頂竹里,140,262,330,592,4,596,0,596,370,966,61.7
新竹市東區復中里,新竹市,東區,復中里,14,233,320,553,3,556,0,556,357,913,60.9
新竹市東區復中里,新竹市,東區,復中里,15,251,325,576,2,578,0,578,380,958,60.33
新竹市東區復中里,新竹市,東區,復中里,16,325,367,692,1,693,0,693,425,"1,118",61.99
新竹市東區復中里,新竹市,東區,復中里,17,259,322,581,3,584,0,584,403,987,59.17
新竹市東區復興里,新竹市,東區,復興里,18,294,399,693,4,697,0,697,533,"1,230",56.67
新竹市東區復興里,新竹市,東區,復興里,19,283,408,691,4,695,0,695,567,"1,262",55.07
新竹市東區復興里,新竹市,東區,復興里,20,321,437,758,4,762,0,762,474,"1,236",61.65
新竹市東區復興里,新竹市,東區,復興里,21,265,385,650,4,654,0,654,445,"1,099",59.51
新竹市東區湖濱里,新竹市,東區,湖濱里,154,299,406,705,2,707,0,707,453,"1,160",60.95
新竹市東區湖濱里,新竹市,東區,湖濱里,155,327,415,742,2,744,0,744,448,"1,192",62.42
新竹市東區湖濱里,新竹市,東區,湖濱里,156,276,328,604,3,607,0,607,341,948,64.03
新竹市東區新光里,新竹市,東區,新光里,143,289,417,706,3,709,0,709,435,"1,144",61.98
新竹市東區新光里,新竹市,東區,新光里,144,301,314,615,6,621,0,621,459,"1,080",57.5
新竹市東區新光里,新竹市,東區,新光里,145,308,377,685,3,688,0,688,455,"1,143",60.19
新竹市東區新莊里,新竹市,東區,新莊里,99,232,366,598,7,605,0,605,380,985,61.42
新竹市東區新莊里,新竹市,東區,新莊里,100,238,410,648,7,655,0,655,392,"1,047",62.56
新竹市東區新莊里,新竹市,東區,新莊里,101,206,369,575,3,578,0,578,422,"1,000",57.8
新竹市東區新莊里,新竹市,東區,新莊里,102,207,242,449,2,451,0,451,328,779,57.89
新竹市東區新莊里,新竹市,東區,新莊里,103,271,423,694,3,697,0,697,447,"1,144",60.93
新竹市東區新興里,新竹市,東區,新興里,132,292,298,590,3,593,0,593,358,951,62.36
新竹市東區新興里,新竹市,東區,新興里,133,256,326,582,4,586,0,586,409,995,58.89
新竹市東區新興里,新竹市,東區,新興里,134,274,349,623,3,626,0,626,409,"1,035",60.48
新竹市東區榮光里,新竹市,東區,榮光里,4,79,56,135,1,136,0,136,116,252,53.97
新竹市東區福德里,新竹市,東區,福德里,125,259,336,595,6,601,0,601,373,974,61.7
新竹市東區福德里,新竹市,東區,福德里,126,143,132,275,1,276,0,276,149,425,64.94
新竹市東區綠水里,新竹市,東區,綠水里,40,272,439,711,4,715,0,715,549,"1,264",56.57
新竹市東區綠水里,新竹市,東區,綠水里,41,256,389,645,8,653,1,654,492,"1,146",56.98
新竹市東區綠水里,新竹市,東區,綠水里,42,269,398,667,6,673,0,673,461,"1,134",59.35
新竹市東區綠水里,新竹市,東區,綠水里,43,321,412,733,7,740,0,740,462,"1,202",61.56
新竹市東區綠水里,新竹市,東區,綠水里,44,300,421,721,5,726,0,726,443,"1,169",62.1
新竹市東區親仁里,新竹市,東區,親仁里,2,259,372,631,1,632,0,632,468,"1,100",57.45
新竹市東區親仁里,新竹市,東區,親仁里,3,122,257,379,2,381,0,381,255,636,59.91
新竹市東區錦華里,新竹市,東區,錦華里,8,192,262,454,4,458,0,458,281,739,61.98
新竹市東區錦華里,新竹市,東區,錦華里,9,282,378,660,1,661,0,661,438,"1,099",60.15
新竹市東區龍山里,新竹市,東區,龍山里,78,223,350,573,4,577,0,577,439,"1,016",56.79
新竹市東區龍山里,新竹市,東區,龍山里,79,301,407,708,5,713,0,713,487,"1,200",59.42
新竹市東區龍山里,新竹市,東區,龍山里,80,297,360,657,4,661,0,661,486,"1,147",57.63
新竹市東區龍山里,新竹市,東區,龍山里,81,302,364,666,6,672,0,672,504,"1,176",57.14
新竹市東區龍山里,新竹市,東區,龍山里,82,142,214,356,2,358,0,358,293,651,54.99
新竹市東區龍山里,新竹市,東區,龍山里,83,305,396,701,2,703,0,703,479,"1,182",59.48
新竹市東區龍山里,新竹市,東區,龍山里,84,265,354,619,1,620,0,620,395,"1,015",61.08
新竹市東區龍山里,新竹市,東區,龍山里,85,269,309,578,3,581,0,581,362,943,61.61
新竹市東區龍山里,新竹市,東區,龍山里,86,270,290,560,4,564,0,564,367,931,60.58
新竹市東區豐功里,新竹市,東區,豐功里,60,322,407,729,4,733,0,733,443,"1,176",62.33
新竹市東區豐功里,新竹市,東區,豐功里,61,150,325,475,0,475,0,475,364,839,56.62
新竹市東區豐功里,新竹市,東區,豐功里,62,260,399,659,7,666,0,666,415,"1,081",61.61
新竹市東區豐功里,新竹市,東區,豐功里,63,281,446,727,4,731,0,731,422,"1,153",63.4
新竹市東區關東里,新竹市,東區,關東里,108,200,383,583,6,589,0,589,435,"1,024",57.52
新竹市東區關東里,新竹市,東區,關東里,109,266,438,704,9,713,0,713,533,"1,246",57.22
新竹市東區關東里,新竹市,東區,關東里,110,240,388,628,1,629,0,629,472,"1,101",57.13
新竹市東區關東里,新竹市,東區,關東里,111,294,409,703,3,706,0,706,543,"1,249",56.53
新竹市東區關帝里,新竹市,東區,關帝里,122,140,110,250,3,253,0,253,179,432,58.56
新竹市東區關新里,新竹市,東區,關新里,104,235,314,549,1,550,0,550,426,976,56.35
新竹市東區關新里,新竹市,東區,關新里,105,242,296,538,1,539,0,539,348,887,60.77
新竹市東區關新里,新竹市,東區,關新里,106,316,302,618,5,623,0,623,442,"1,065",58.5
新竹市東區關新里,新竹市,東區,關新里,107,287,321,608,2,610,0,610,421,"1,031",59.17
新竹市香山區大庄里,新竹市,香山區,大庄里,337,330,340,670,4,674,0,674,348,"1,022",65.95
新竹市香山區大庄里,新竹市,香山區,大庄里,338,252,240,492,2,494,0,494,366,860,57.44
新竹市香山區大庄里,新竹市,香山區,大庄里,339,239,261,500,1,501,0,501,402,903,55.48
新竹市香山區大湖里,新竹市,香山區,大湖里,355,209,264,473,2,475,0,475,378,853,55.69
新竹市香山區中埔里,新竹市,香山區,中埔里,302,253,253,506,4,510,0,510,350,860,59.3
新竹市香山區中埔里,新竹市,香山區,中埔里,303,290,353,643,8,651,0,651,353,"1,004",64.84
新竹市香山區中埔里,新竹市,香山區,中埔里,304,219,277,496,4,500,0,500,335,835,59.88
新竹市香山區中隘里,新竹市,香山區,中隘里,352,145,239,384,7,391,0,391,299,690,56.67
新竹市香山區中隘里,新竹市,香山區,中隘里,353,217,421,638,2,640,0,640,600,"1,240",51.61
新竹市香山區內湖里,新竹市,香山區,內湖里,347,206,365,571,2,573,0,573,475,"1,048",54.68
新竹市香山區內湖里,新竹市,香山區,內湖里,348,175,265,440,4,444,0,444,462,906,49.01
新竹市香山區內湖里,新竹市,香山區,內湖里,349,296,332,628,8,636,0,636,560,"1,196",53.18
新竹市香山區內湖里,新竹市,香山區,內湖里,350,240,283,523,1,524,2,526,421,947,55.33
新竹市香山區牛埔里,新竹市,香山區,牛埔里,305,260,353,613,3,616,0,616,491,"1,107",55.65
新竹市香山區牛埔里,新竹市,香山區,牛埔里,306,316,378,694,4,698,0,698,689,"1,387",50.32
新竹市香山區牛埔里,新竹市,香山區,牛埔里,307,294,384,678,4,682,0,682,627,"1,309",52.1
新竹市香山區牛埔里,新竹市,香山區,牛埔里,308,290,420,710,3,713,0,713,459,"1,172",60.84
新竹市香山區東香里,新竹市,香山區,東香里,326,188,280,468,5,473,0,473,415,888,53.27
新竹市香山區東香里,新竹市,香山區,東香里,327,222,351,573,3,576,0,576,339,915,62.95
新竹市香山區東香里,新竹市,香山區,東香里,328,264,404,668,5,673,0,673,394,"1,067",63.07
新竹市香山區東香里,新竹市,香山區,東香里,329,282,423,705,5,710,0,710,527,"1,237",57.4
新竹市香山區虎山里,新竹市,香山區,虎山里,318,279,264,543,6,549,0,549,476,"1,025",53.56
新竹市香山區虎山里,新竹市,香山區,虎山里,319,211,237,448,4,452,0,452,406,858,52.68
新竹市香山區虎山里,新竹市,香山區,虎山里,320,294,367,661,5,666,0,666,592,"1,258",52.94
新竹市香山區虎山里,新竹市,香山區,虎山里,321,250,255,505,2,507,0,507,413,920,55.11
新竹市香山區虎山里,新竹市,香山區,虎山里,322,350,342,692,3,695,0,695,411,"1,106",62.84
新竹市香山區虎林里,新竹市,香山區,虎林里,316,221,290,511,3,514,0,514,357,871,59.01
新竹市香山區虎林里,新竹市,香山區,虎林里,317,379,382,761,6,767,0,767,473,"1,240",61.85
新竹市香山區南港里,新竹市,香山區,南港里,351,236,208,444,0,444,0,444,318,762,58.27
新竹市香山區南隘里,新竹市,香山區,南隘里,354,181,264,445,5,450,0,450,321,771,58.37
新竹市香山區美山里,新竹市,香山區,美山里,340,301,290,591,9,600,0,600,445,"1,045",57.42
新竹市香山區茄苳里,新竹市,香山區,茄苳里,356,189,309,498,5,503,0,503,505,"1,008",49.9
新竹市香山區香山里,新竹市,香山區,香山里,333,304,371,675,4,679,0,679,459,"1,138",59.67
新竹市香山區香山里,新竹市,香山區,香山里,334,254,326,580,3,583,0,583,390,973,59.92
新竹市香山區香山里,新竹市,香山區,香山里,335,254,370,624,4,628,0,628,465,"1,093",57.46
新竹市香山區香山里,新竹市,香山區,香山里,336,238,355,593,3,596,0,596,394,990,60.2
新竹市香山區香村里,新竹市,香山區,香村里,330,331,410,741,3,744,0,744,647,"1,391",53.49
新竹市香山區香村里,新竹市,香山區,香村里,331,262,387,649,4,653,0,653,500,"1,153",56.63
新竹市香山區香村里,新竹市,香山區,香村里,332,250,441,691,2,693,0,693,503,"1,196",57.94
新竹市香山區埔前里,新竹市,香山區,埔前里,309,321,364,685,3,688,0,688,443,"1,131",60.83
新竹市香山區埔前里,新竹市,香山區,埔前里,310,230,257,487,2,489,0,489,303,792,61.74
新竹市香山區埔前里,新竹市,香山區,埔前里,311,370,265,635,9,644,0,644,473,"1,117",57.65
新竹市香山區海山里,新竹市,香山區,海山里,343,273,372,645,7,652,0,652,454,"1,106",58.95
新竹市香山區海山里,新竹市,香山區,海山里,344,241,395,636,5,641,0,641,431,"1,072",59.79
新竹市香山區浸水里,新竹市,香山區,浸水里,314,343,337,680,6,686,0,686,490,"1,176",58.33
新竹市香山區浸水里,新竹市,香山區,浸水里,315,312,322,634,12,646,0,646,476,"1,122",57.58
新竹市香山區頂埔里,新竹市,香山區,頂埔里,293,270,288,558,3,561,0,561,365,926,60.58
新竹市香山區頂埔里,新竹市,香山區,頂埔里,294,249,263,512,3,515,0,515,357,872,59.06
新竹市香山區頂埔里,新竹市,香山區,頂埔里,295,229,283,512,1,513,0,513,454,967,53.05
新竹市香山區頂埔里,新竹市,香山區,頂埔里,296,300,333,633,2,635,0,635,413,"1,048",60.59
新竹市香山區頂埔里,新竹市,香山區,頂埔里,298,286,360,646,4,650,0,650,437,"1,087",59.8
新竹市香山區頂福里,新竹市,香山區,頂福里,297,240,270,510,3,513,0,513,310,823,62.33
新竹市香山區頂福里,新竹市,香山區,頂福里,299,326,446,772,3,775,0,775,521,"1,296",59.8
新竹市香山區頂福里,新竹市,香山區,頂福里,300,318,420,738,6,744,0,744,515,"1,259",59.09
新竹市香山區頂福里,新竹市,香山區,頂福里,301,269,351,620,3,623,0,623,505,"1,128",55.23
新竹市香山區朝山里,新竹市,香山區,朝山里,341,284,394,678,4,682,0,682,489,"1,171",58.24
新竹市香山區朝山里,新竹市,香山區,朝山里,342,285,285,570,6,576,0,576,421,997,57.77
新竹市香山區港南里,新竹市,香山區,港南里,323,249,239,488,0,488,0,488,329,817,59.73
新竹市香山區港南里,新竹市,香山區,港南里,324,288,295,583,6,589,0,589,417,"1,006",58.55
新竹市香山區港南里,新竹市,香山區,港南里,325,260,272,532,7,539,0,539,384,923,58.4
新竹市香山區樹下里,新竹市,香山區,樹下里,312,355,273,628,6,634,0,634,429,"1,063",59.64
新竹市香山區樹下里,新竹市,香山區,樹下里,313,322,251,573,3,576,0,576,366,942,61.15
新竹市香山區鹽水里,新竹市,香山區,鹽水里,345,211,268,479,5,484,0,484,330,814,59.46
新竹市香山區鹽水里,新竹市,香山區,鹽水里,346,143,174,317,4,321,0,321,297,618,51.94
臺中市中區大誠里,臺中市,中區,大誠里,634,262,313,575,4,579,0,579,444,"1,023",56.6
臺中市中區大誠里,臺中市,中區,大誠里,635,311,338,649,6,655,0,655,575,"1,230",53.25
臺中市中區大墩里,臺中市,中區,大墩里,630,275,289,564,3,567,0,567,498,"1,065",53.24
臺中市中區大墩里,臺中市,中區,大墩里,631,190,235,425,0,425,0,425,356,781,54.42
臺中市中區中華里,臺中市,中區,中華里,636,260,271,531,0,531,0,531,391,922,57.59
臺中市中區中華里,臺中市,中區,中華里,637,206,275,481,5,486,0,486,490,976,49.8
臺中市中區公園里,臺中市,中區,公園里,627,350,357,707,1,708,0,708,651,"1,359",52.1
臺中市中區光復里,臺中市,中區,光復里,628,256,262,518,2,520,0,520,379,899,57.84
臺中市中區光復里,臺中市,中區,光復里,629,211,230,441,3,444,0,444,391,835,53.17
臺中市中區柳川里,臺中市,中區,柳川里,632,250,275,525,1,526,0,526,688,"1,214",43.33
臺中市中區柳川里,臺中市,中區,柳川里,633,161,201,362,3,365,0,365,294,659,55.39
臺中市中區綠川里,臺中市,中區,綠川里,625,404,393,797,6,803,0,803,648,"1,451",55.34
臺中市中區繼光里,臺中市,中區,繼光里,626,388,339,727,1,728,0,728,622,"1,350",53.93
臺中市北屯區三光里,臺中市,北屯區,三光里,254,322,436,758,5,763,0,763,534,"1,297",58.83
臺中市北屯區三光里,臺中市,北屯區,三光里,255,252,460,712,4,716,0,716,482,"1,198",59.77
臺中市北屯區三光里,臺中市,北屯區,三光里,256,284,361,645,6,651,0,651,489,"1,140",57.11
臺中市北屯區三光里,臺中市,北屯區,三光里,257,287,374,661,2,663,0,663,484,"1,147",57.8
臺中市北屯區三光里,臺中市,北屯區,三光里,258,251,353,604,7,611,0,611,453,"1,064",57.42
臺中市北屯區三光里,臺中市,北屯區,三光里,259,281,356,637,1,638,0,638,401,"1,039",61.41
臺中市北屯區三和里,臺中市,北屯區,三和里,260,363,538,901,6,907,0,907,615,"1,522",59.59
臺中市北屯區三和里,臺中市,北屯區,三和里,261,317,481,798,4,802,0,802,486,"1,288",62.27
臺中市北屯區三和里,臺中市,北屯區,三和里,262,276,454,730,6,736,0,736,687,"1,423",51.72
臺中市北屯區三和里,臺中市,北屯區,三和里,263,320,410,730,3,733,0,733,518,"1,251",58.59
臺中市北屯區大坑里,臺中市,北屯區,大坑里,264,298,255,553,6,559,0,559,431,990,56.46
臺中市北屯區大坑里,臺中市,北屯區,大坑里,265,249,339,588,5,593,0,593,494,"1,087",54.55
臺中市北屯區大德里,臺中市,北屯區,大德里,266,300,411,711,3,714,0,714,505,"1,219",58.57
臺中市北屯區大德里,臺中市,北屯區,大德里,267,192,360,552,2,554,0,554,393,947,58.5
臺中市北屯區大德里,臺中市,北屯區,大德里,268,258,441,699,6,705,0,705,443,"1,148",61.41
臺中市北屯區大德里,臺中市,北屯區,大德里,269,237,423,660,3,663,0,663,442,"1,105",60
臺中市北屯區仁和里,臺中市,北屯區,仁和里,270,271,349,620,1,621,0,621,409,"1,030",60.29
臺中市北屯區仁和里,臺中市,北屯區,仁和里,271,286,411,697,4,701,0,701,512,"1,213",57.79
臺中市北屯區仁和里,臺中市,北屯區,仁和里,272,194,277,471,0,471,0,471,"1,881","2,352",20.03
臺中市北屯區仁和里,臺中市,北屯區,仁和里,273,324,370,694,5,699,0,699,480,"1,179",59.29
臺中市北屯區仁和里,臺中市,北屯區,仁和里,274,300,428,728,7,735,0,735,465,"1,200",61.25
臺中市北屯區仁和里,臺中市,北屯區,仁和里,275,317,367,684,6,690,0,690,531,"1,221",56.51
臺中市北屯區仁和里,臺中市,北屯區,仁和里,276,337,424,761,6,767,0,767,527,"1,294",59.27
臺中市北屯區仁美里,臺中市,北屯區,仁美里,277,303,448,751,2,753,0,753,553,"1,306",57.66
臺中市北屯區仁美里,臺中市,北屯區,仁美里,278,357,417,774,2,776,0,776,506,"1,282",60.53
臺中市北屯區仁美里,臺中市,北屯區,仁美里,279,343,407,750,4,754,0,754,583,"1,337",56.39
臺中市北屯區仁美里,臺中市,北屯區,仁美里,280,324,399,723,3,726,0,726,567,"1,293",56.15
臺中市北屯區仁美里,臺中市,北屯區,仁美里,281,363,449,812,1,813,0,813,584,"1,397",58.2
臺中市北屯區仁美里,臺中市,北屯區,仁美里,282,322,429,751,0,751,0,751,651,"1,402",53.57
臺中市北屯區仁美里,臺中市,北屯區,仁美里,283,368,517,885,5,890,0,890,788,"1,678",53.04
臺中市北屯區仁愛里,臺中市,北屯區,仁愛里,284,212,344,556,3,559,0,559,426,985,56.75
臺中市北屯區水景里,臺中市,北屯區,水景里,285,345,446,791,2,793,0,793,590,"1,383",57.34
臺中市北屯區水景里,臺中市,北屯區,水景里,286,316,375,691,3,694,0,694,555,"1,249",55.56
臺中市北屯區水景里,臺中市,北屯區,水景里,287,281,359,640,2,642,0,642,502,"1,144",56.12
臺中市北屯區水景里,臺中市,北屯區,水景里,288,391,462,853,4,857,0,857,581,"1,438",59.6
臺中市北屯區水景里,臺中市,北屯區,水景里,289,355,413,768,2,770,0,770,678,"1,448",53.18
臺中市北屯區水景里,臺中市,北屯區,水景里,290,356,385,741,4,745,0,745,519,"1,264",58.94
臺中市北屯區水景里,臺中市,北屯區,水景里,291,319,427,746,2,748,0,748,633,"1,381",54.16
臺中市北屯區水景里,臺中市,北屯區,水景里,292,303,430,733,6,739,0,739,516,"1,255",58.88
臺中市北屯區水景里,臺中市,北屯區,水景里,293,287,389,676,6,682,0,682,509,"1,191",57.26
臺中市北屯區水景里,臺中市,北屯區,水景里,294,294,383,677,1,678,0,678,437,"1,115",60.81
臺中市北屯區水景里,臺中市,北屯區,水景里,295,242,291,533,1,534,0,534,406,940,56.81
臺中市北屯區水湳里,臺中市,北屯區,水湳里,296,326,528,854,1,855,0,855,556,"1,411",60.6
臺中市北屯區水湳里,臺中市,北屯區,水湳里,297,296,444,740,4,744,0,744,679,"1,423",52.28
臺中市北屯區水湳里,臺中市,北屯區,水湳里,298,383,389,772,6,778,0,778,504,"1,282",60.69
臺中市北屯區水湳里,臺中市,北屯區,水湳里,299,362,507,869,4,873,0,873,674,"1,547",56.43
臺中市北屯區水湳里,臺中市,北屯區,水湳里,300,325,368,693,2,695,0,695,477,"1,172",59.3
臺中市北屯區北屯里,臺中市,北屯區,北屯里,301,295,400,695,2,697,0,697,566,"1,263",55.19
臺中市北屯區北屯里,臺中市,北屯區,北屯里,302,230,357,587,2,589,0,589,429,"1,018",57.86
臺中市北屯區北屯里,臺中市,北屯區,北屯里,303,259,344,603,1,604,0,604,455,"1,059",57.03
臺中市北屯區北京里,臺中市,北屯區,北京里,304,282,260,542,3,545,0,545,413,958,56.89
臺中市北屯區北京里,臺中市,北屯區,北京里,305,280,276,556,3,559,0,559,389,948,58.97
臺中市北屯區北京里,臺中市,北屯區,北京里,306,221,349,570,2,572,1,573,422,995,57.49
臺中市北屯區北興里,臺中市,北屯區,北興里,307,199,255,454,0,454,0,454,353,807,56.26
臺中市北屯區北興里,臺中市,北屯區,北興里,308,298,451,749,2,751,0,751,456,"1,207",62.22
臺中市北屯區北興里,臺中市,北屯區,北興里,309,269,368,637,5,642,0,642,385,"1,027",62.51
臺中市北屯區四民里,臺中市,北屯區,四民里,310,367,485,852,1,853,0,853,517,"1,370",62.26
臺中市北屯區四民里,臺中市,北屯區,四民里,311,204,273,477,2,479,0,479,504,983,48.73
臺中市北屯區平心里,臺中市,北屯區,平心里,312,282,364,646,5,651,1,652,452,"1,104",58.97
臺中市北屯區平心里,臺中市,北屯區,平心里,313,246,395,641,3,644,1,645,526,"1,171",55
臺中市北屯區平心里,臺中市,北屯區,平心里,314,238,381,619,1,620,0,620,498,"1,118",55.46
臺中市北屯區平心里,臺中市,北屯區,平心里,315,266,412,678,3,681,0,681,606,"1,287",52.91
臺中市北屯區平田里,臺中市,北屯區,平田里,316,213,341,554,1,555,0,555,502,"1,057",52.51
臺中市北屯區平田里,臺中市,北屯區,平田里,317,324,330,654,4,658,0,658,506,"1,164",56.53
臺中市北屯區平田里,臺中市,北屯區,平田里,318,270,359,629,5,634,0,634,446,"1,080",58.7
臺中市北屯區平田里,臺中市,北屯區,平田里,319,246,360,606,4,610,0,610,487,"1,097",55.61
臺中市北屯區平田里,臺中市,北屯區,平田里,320,238,390,628,9,637,0,637,542,"1,179",54.03
臺中市北屯區平安里,臺中市,北屯區,平安里,321,267,350,617,2,619,0,619,471,"1,090",56.79
臺中市北屯區平安里,臺中市,北屯區,平安里,322,328,376,704,3,707,0,707,506,"1,213",58.29
臺中市北屯區平安里,臺中市,北屯區,平安里,323,311,459,770,8,778,0,778,671,"1,449",53.69
臺中市北屯區平安里,臺中市,北屯區,平安里,324,377,450,827,3,830,0,830,547,"1,377",60.28
臺中市北屯區平和里,臺中市,北屯區,平和里,325,292,354,646,1,647,0,647,503,"1,150",56.26
臺中市北屯區平和里,臺中市,北屯區,平和里,326,267,424,691,3,694,0,694,543,"1,237",56.1
臺中市北屯區平和里,臺中市,北屯區,平和里,327,319,429,748,1,749,0,749,562,"1,311",57.13
臺中市北屯區平和里,臺中市,北屯區,平和里,328,285,414,699,0,699,0,699,650,"1,349",51.82
臺中市北屯區平昌里,臺中市,北屯區,平昌里,329,265,377,642,6,648,0,648,541,"1,189",54.5
臺中市北屯區平昌里,臺中市,北屯區,平昌里,330,307,448,755,4,759,0,759,580,"1,339",56.68
臺中市北屯區平昌里,臺中市,北屯區,平昌里,331,246,314,560,3,563,0,563,414,977,57.63
臺中市北屯區平昌里,臺中市,北屯區,平昌里,332,198,238,436,4,440,0,440,354,794,55.42
臺中市北屯區平陽里,臺中市,北屯區,平陽里,333,241,348,589,4,593,0,593,500,"1,093",54.25
臺中市北屯區平陽里,臺中市,北屯區,平陽里,334,288,394,682,1,683,0,683,586,"1,269",53.82
臺中市北屯區平陽里,臺中市,北屯區,平陽里,335,266,324,590,3,593,0,593,481,"1,074",55.21
臺中市北屯區平陽里,臺中市,北屯區,平陽里,336,293,406,699,2,701,0,701,476,"1,177",59.56
臺中市北屯區平順里,臺中市,北屯區,平順里,337,275,352,627,2,629,0,629,426,"1,055",59.62
臺中市北屯區平順里,臺中市,北屯區,平順里,338,217,272,489,0,489,0,489,471,960,50.94
臺中市北屯區平順里,臺中市,北屯區,平順里,339,256,304,560,2,562,0,562,457,"1,019",55.15
臺中市北屯區平福里,臺中市,北屯區,平福里,340,282,397,679,2,681,0,681,370,"1,051",64.8
臺中市北屯區平福里,臺中市,北屯區,平福里,341,240,440,680,1,681,0,681,527,"1,208",56.37
臺中市北屯區平福里,臺中市,北屯區,平福里,342,290,398,688,1,689,0,689,425,"1,114",61.85
臺中市北屯區平德里,臺中市,北屯區,平德里,343,305,374,679,1,680,0,680,587,"1,267",53.67
臺中市北屯區平德里,臺中市,北屯區,平德里,344,305,393,698,2,700,0,700,524,"1,224",57.19
臺中市北屯區平德里,臺中市,北屯區,平德里,345,303,400,703,2,705,0,705,707,"1,412",49.93
臺中市北屯區平德里,臺中市,北屯區,平德里,346,289,351,640,2,642,1,643,488,"1,131",56.76
臺中市北屯區平德里,臺中市,北屯區,平德里,347,242,331,573,0,573,0,573,481,"1,054",54.36
臺中市北屯區平興里,臺中市,北屯區,平興里,348,288,429,717,3,720,0,720,663,"1,383",52.06
臺中市北屯區平興里,臺中市,北屯區,平興里,349,332,442,774,3,777,0,777,678,"1,455",53.4
臺中市北屯區平興里,臺中市,北屯區,平興里,350,341,408,749,5,754,0,754,639,"1,393",54.13
臺中市北屯區平興里,臺中市,北屯區,平興里,351,309,431,740,4,744,0,744,499,"1,243",59.86
臺中市北屯區平興里,臺中市,北屯區,平興里,352,244,473,717,6,723,0,723,548,"1,271",56.88
臺中市北屯區民政里,臺中市,北屯區,民政里,353,255,274,529,2,531,0,531,481,"1,012",52.47
臺中市北屯區民德里,臺中市,北屯區,民德里,354,233,269,502,4,506,0,506,422,928,54.53
臺中市北屯區同榮里,臺中市,北屯區,同榮里,355,407,516,923,5,928,0,928,566,"1,494",62.12
臺中市北屯區同榮里,臺中市,北屯區,同榮里,356,282,412,694,2,696,0,696,517,"1,213",57.38
臺中市北屯區同榮里,臺中市,北屯區,同榮里,357,248,430,678,1,679,0,679,524,"1,203",56.44
臺中市北屯區同榮里,臺中市,北屯區,同榮里,358,311,433,744,4,748,0,748,510,"1,258",59.46
臺中市北屯區后庄里,臺中市,北屯區,后庄里,359,228,432,660,6,666,0,666,569,"1,235",53.93
臺中市北屯區后庄里,臺中市,北屯區,后庄里,360,240,389,629,4,633,0,633,482,"1,115",56.77
臺中市北屯區后庄里,臺中市,北屯區,后庄里,361,261,478,739,5,744,0,744,425,"1,169",63.64
臺中市北屯區后庄里,臺中市,北屯區,后庄里,362,321,458,779,4,783,1,784,576,"1,360",57.57
臺中市北屯區后庄里,臺中市,北屯區,后庄里,363,229,424,653,5,658,0,658,455,"1,113",59.12
臺中市北屯區后庄里,臺中市,北屯區,后庄里,364,250,400,650,1,651,0,651,485,"1,136",57.31
臺中市北屯區后庄里,臺中市,北屯區,后庄里,365,287,486,773,6,779,0,779,499,"1,278",60.95
臺中市北屯區后庄里,臺中市,北屯區,后庄里,366,235,480,715,2,717,1,718,534,"1,252",57.27
臺中市北屯區和平里,臺中市,北屯區,和平里,367,337,422,759,5,764,0,764,613,"1,377",55.48
臺中市北屯區和平里,臺中市,北屯區,和平里,368,409,378,787,3,790,0,790,561,"1,351",58.48
臺中市北屯區和平里,臺中市,北屯區,和平里,369,416,539,955,2,957,0,957,627,"1,584",60.42
臺中市北屯區和平里,臺中市,北屯區,和平里,370,299,479,778,4,782,0,782,723,"1,505",51.96
臺中市北屯區和平里,臺中市,北屯區,和平里,371,371,439,810,3,813,0,813,610,"1,423",57.13
臺中市北屯區和平里,臺中市,北屯區,和平里,372,294,466,760,7,767,0,767,535,"1,302",58.91
臺中市北屯區和平里,臺中市,北屯區,和平里,373,346,407,753,6,759,0,759,725,"1,484",51.15
臺中市北屯區和平里,臺中市,北屯區,和平里,374,461,553,"1,014",5,"1,019",0,"1,019",852,"1,871",54.46
臺中市北屯區忠平里,臺中市,北屯區,忠平里,375,242,499,741,6,747,0,747,492,"1,239",60.29
臺中市北屯區忠平里,臺中市,北屯區,忠平里,376,307,521,828,2,830,0,830,547,"1,377",60.28
臺中市北屯區忠平里,臺中市,北屯區,忠平里,377,218,422,640,3,643,0,643,401,"1,044",61.59
臺中市北屯區東山里,臺中市,北屯區,東山里,378,349,292,641,7,648,0,648,511,"1,159",55.91
臺中市北屯區東山里,臺中市,北屯區,東山里,379,260,234,494,5,499,0,499,354,853,58.5
臺中市北屯區東光里,臺中市,北屯區,東光里,380,258,302,560,3,563,0,563,436,999,56.36
臺中市北屯區東光里,臺中市,北屯區,東光里,381,261,242,503,2,505,0,505,392,897,56.3
臺中市北屯區東光里,臺中市,北屯區,東光里,382,331,405,736,2,738,0,738,496,"1,234",59.81
臺中市北屯區東光里,臺中市,北屯區,東光里,383,282,410,692,1,693,1,694,582,"1,276",54.31
臺中市北屯區松安里,臺中市,北屯區,松安里,384,293,371,664,4,668,0,668,429,"1,097",60.89
臺中市北屯區松安里,臺中市,北屯區,松安里,385,244,361,605,2,607,0,607,508,"1,115",54.44
臺中市北屯區松安里,臺中市,北屯區,松安里,386,309,443,752,7,759,0,759,589,"1,348",56.31
臺中市北屯區松安里,臺中市,北屯區,松安里,387,268,395,663,1,664,0,664,513,"1,177",56.41
臺中市北屯區松竹里,臺中市,北屯區,松竹里,388,279,348,627,1,628,0,628,500,"1,128",55.67
臺中市北屯區松竹里,臺中市,北屯區,松竹里,389,239,399,638,4,642,0,642,398,"1,040",61.73
臺中市北屯區松竹里,臺中市,北屯區,松竹里,390,298,376,674,5,679,0,679,448,"1,127",60.25
臺中市北屯區松竹里,臺中市,北屯區,松竹里,391,295,346,641,6,647,0,647,456,"1,103",58.66
臺中市北屯區松竹里,臺中市,北屯區,松竹里,392,283,474,757,7,764,0,764,576,"1,340",57.01
臺中市北屯區松竹里,臺中市,北屯區,松竹里,393,269,420,689,8,697,0,697,610,"1,307",53.33
臺中市北屯區松竹里,臺中市,北屯區,松竹里,394,324,507,831,0,831,0,831,706,"1,537",54.07
臺中市北屯區松和里,臺中市,北屯區,松和里,395,277,340,617,7,624,0,624,595,"1,219",51.19
臺中市北屯區松和里,臺中市,北屯區,松和里,396,258,391,649,3,652,0,652,510,"1,162",56.11
臺中市北屯區松和里,臺中市,北屯區,松和里,397,261,395,656,2,658,0,658,592,"1,250",52.64
臺中市北屯區松和里,臺中市,北屯區,松和里,398,364,493,857,1,858,0,858,655,"1,513",56.71
臺中市北屯區松和里,臺中市,北屯區,松和里,399,263,414,677,4,681,0,681,608,"1,289",52.83
臺中市北屯區松勇里,臺中市,北屯區,松勇里,400,251,454,705,3,708,0,708,416,"1,124",62.99
臺中市北屯區松勇里,臺中市,北屯區,松勇里,401,311,365,676,4,680,0,680,479,"1,159",58.67
臺中市北屯區松勇里,臺中市,北屯區,松勇里,402,290,442,732,4,736,0,736,458,"1,194",61.64
臺中市北屯區松勇里,臺中市,北屯區,松勇里,403,344,432,776,3,779,0,779,529,"1,308",59.56
臺中市北屯區松茂里,臺中市,北屯區,松茂里,404,265,466,731,2,733,0,733,476,"1,209",60.63
臺中市北屯區松茂里,臺中市,北屯區,松茂里,405,248,485,733,3,736,0,736,579,"1,315",55.97
臺中市北屯區松茂里,臺中市,北屯區,松茂里,406,298,453,751,0,751,0,751,483,"1,234",60.86
臺中市北屯區松茂里,臺中市,北屯區,松茂里,407,331,371,702,4,706,0,706,556,"1,262",55.94
臺中市北屯區松強里,臺中市,北屯區,松強里,408,298,409,707,5,712,0,712,537,"1,249",57.01
臺中市北屯區松強里,臺中市,北屯區,松強里,409,321,450,771,0,771,0,771,558,"1,329",58.01
臺中市北屯區松強里,臺中市,北屯區,松強里,410,317,474,791,3,794,0,794,697,"1,491",53.25
臺中市北屯區松強里,臺中市,北屯區,松強里,411,267,391,658,0,658,0,658,548,"1,206",54.56
臺中市北屯區松強里,臺中市,北屯區,松強里,412,371,455,826,4,830,0,830,701,"1,531",54.21
臺中市北屯區軍功里,臺中市,北屯區,軍功里,413,280,299,579,0,579,0,579,476,"1,055",54.88
臺中市北屯區軍功里,臺中市,北屯區,軍功里,414,308,364,672,1,673,0,673,482,"1,155",58.27
臺中市北屯區軍功里,臺中市,北屯區,軍功里,415,355,412,767,4,771,0,771,495,"1,266",60.9
臺中市北屯區軍功里,臺中市,北屯區,軍功里,416,251,314,565,3,568,0,568,494,"1,062",53.48
臺中市北屯區軍功里,臺中市,北屯區,軍功里,417,299,411,710,2,712,0,712,510,"1,222",58.27
臺中市北屯區軍功里,臺中市,北屯區,軍功里,418,310,357,667,1,668,0,668,498,"1,166",57.29
臺中市北屯區軍功里,臺中市,北屯區,軍功里,419,358,440,798,2,800,0,800,529,"1,329",60.2
臺中市北屯區軍功里,臺中市,北屯區,軍功里,420,444,596,"1,040",5,"1,045",0,"1,045",633,"1,678",62.28
臺中市北屯區軍功里,臺中市,北屯區,軍功里,421,291,358,649,2,651,0,651,495,"1,146",56.81
臺中市北屯區軍功里,臺中市,北屯區,軍功里,422,374,312,686,5,691,0,691,497,"1,188",58.16
臺中市北屯區陳平里,臺中市,北屯區,陳平里,423,337,484,821,3,824,0,824,667,"1,491",55.26
臺中市北屯區陳平里,臺中市,北屯區,陳平里,424,228,362,590,3,593,0,593,423,"1,016",58.37
臺中市北屯區陳平里,臺中市,北屯區,陳平里,425,221,358,579,0,579,0,579,396,975,59.38
臺中市北屯區陳平里,臺中市,北屯區,陳平里,426,196,407,603,3,606,0,606,412,"1,018",59.53
臺中市北屯區新平里,臺中市,北屯區,新平里,427,274,527,801,5,806,0,806,711,"1,517",53.13
臺中市北屯區新平里,臺中市,北屯區,新平里,428,237,462,699,5,704,0,704,550,"1,254",56.14
臺中市北屯區新平里,臺中市,北屯區,新平里,429,377,607,984,6,990,0,990,811,"1,801",54.97
臺中市北屯區廍子里,臺中市,北屯區,廍子里,430,238,422,660,3,663,0,663,660,"1,323",50.11
臺中市北屯區廍子里,臺中市,北屯區,廍子里,431,318,528,846,3,849,0,849,879,"1,728",49.13
臺中市北屯區廍子里,臺中市,北屯區,廍子里,432,416,595,"1,011",2,"1,013",0,"1,013",852,"1,865",54.32
臺中市北屯區廍子里,臺中市,北屯區,廍子里,433,262,422,684,2,686,0,686,612,"1,298",52.85
臺中市北屯區廍子里,臺中市,北屯區,廍子里,434,333,515,848,5,853,0,853,832,"1,685",50.62
臺中市北屯區廍子里,臺中市,北屯區,廍子里,435,329,523,852,2,854,0,854,765,"1,619",52.75
臺中市北屯區廍子里,臺中市,北屯區,廍子里,436,285,303,588,3,591,0,591,442,"1,033",57.21
臺中市北屯區廍子里,臺中市,北屯區,廍子里,437,352,446,798,7,805,0,805,643,"1,448",55.59
臺中市北屯區廍子里,臺中市,北屯區,廍子里,438,396,451,847,2,849,0,849,712,"1,561",54.39
臺中市北屯區廍子里,臺中市,北屯區,廍子里,439,318,489,807,7,814,0,814,705,"1,519",53.59
臺中市北屯區廍子里,臺中市,北屯區,廍子里,440,431,637,"1,068",3,"1,071",0,"1,071","1,451","2,522",42.47
臺中市北屯區廍子里,臺中市,北屯區,廍子里,441,458,554,"1,012",3,"1,015",0,"1,015","1,376","2,391",42.45
臺中市北屯區廍子里,臺中市,北屯區,廍子里,442,244,352,596,1,597,0,597,549,"1,146",52.09
臺中市北屯區舊社里,臺中市,北屯區,舊社里,443,362,488,850,2,852,0,852,523,"1,375",61.96
臺中市北屯區舊社里,臺中市,北屯區,舊社里,444,476,578,"1,054",4,"1,058",0,"1,058",896,"1,954",54.15
臺中市北屯區舊社里,臺中市,北屯區,舊社里,445,500,614,"1,114",6,"1,120",0,"1,120","1,441","2,561",43.73
臺中市北屯區舊社里,臺中市,北屯區,舊社里,446,540,693,"1,233",1,"1,234",0,"1,234","1,188","2,422",50.95
臺中市北屯區舊社里,臺中市,北屯區,舊社里,447,378,367,745,1,746,0,746,621,"1,367",54.57
臺中市北屯區舊社里,臺中市,北屯區,舊社里,448,336,447,783,5,788,0,788,643,"1,431",55.07
臺中市北屯區舊社里,臺中市,北屯區,舊社里,449,464,627,"1,091",2,"1,093",0,"1,093","1,189","2,282",47.9
臺中市北屯區舊社里,臺中市,北屯區,舊社里,450,245,283,528,3,531,0,531,401,932,56.97
臺中市北屯區舊社里,臺中市,北屯區,舊社里,451,270,318,588,3,591,0,591,480,"1,071",55.18
臺中市北屯區舊社里,臺中市,北屯區,舊社里,452,203,289,492,2,494,0,494,392,886,55.76
臺中市北區大湖里,臺中市,北區,大湖里,459,237,248,485,3,488,0,488,442,930,52.47
臺中市北區大湖里,臺中市,北區,大湖里,460,272,255,527,7,534,0,534,491,"1,025",52.1
臺中市北區中正里,臺中市,北區,中正里,453,316,298,614,2,616,0,616,443,"1,059",58.17
臺中市北區中達里,臺中市,北區,中達里,546,349,351,700,3,703,1,704,575,"1,279",54.96
臺中市北區中達里,臺中市,北區,中達里,547,295,361,656,2,658,0,658,524,"1,182",55.67
臺中市北區五常里,臺中市,北區,五常里,461,341,324,665,5,670,0,670,551,"1,221",54.87
臺中市北區六合里,臺中市,北區,六合里,454,440,414,854,8,862,0,862,792,"1,654",52.12
臺中市北區文莊里,臺中市,北區,文莊里,457,384,480,864,1,865,0,865,596,"1,461",59.21
臺中市北區文莊里,臺中市,北區,文莊里,458,251,730,981,6,987,0,987,628,"1,615",61.11
臺中市北區立人里,臺中市,北區,立人里,543,251,384,635,2,637,0,637,488,"1,125",56.62
臺中市北區立人里,臺中市,北區,立人里,544,289,450,739,1,740,0,740,544,"1,284",57.63
臺中市北區立人里,臺中市,北區,立人里,545,264,365,629,3,632,0,632,592,"1,224",51.63
臺中市北區光大里,臺中市,北區,光大里,455,219,231,450,0,450,0,450,480,930,48.39
臺中市北區光大里,臺中市,北區,光大里,456,237,287,524,1,525,0,525,412,937,56.03
臺中市北區明新里,臺中市,北區,明新里,537,321,435,756,5,761,0,761,536,"1,297",58.67
臺中市北區明新里,臺中市,北區,明新里,538,336,374,710,5,715,0,715,571,"1,286",55.6
臺中市北區明德里,臺中市,北區,明德里,533,346,357,703,2,705,0,705,566,"1,271",55.47
臺中市北區明德里,臺中市,北區,明德里,534,374,386,760,1,761,0,761,519,"1,280",59.45
臺中市北區明德里,臺中市,北區,明德里,535,298,409,707,3,710,0,710,480,"1,190",59.66
臺中市北區明德里,臺中市,北區,明德里,536,295,417,712,1,713,0,713,516,"1,229",58.01
臺中市北區育德里,臺中市,北區,育德里,521,375,474,849,6,855,0,855,623,"1,478",57.85
臺中市北區育德里,臺中市,北區,育德里,522,223,251,474,2,476,0,476,401,877,54.28
臺中市北區育德里,臺中市,北區,育德里,523,266,353,619,3,622,0,622,477,"1,099",56.6
臺中市北區邱厝里,臺中市,北區,邱厝里,489,269,339,608,4,612,0,612,486,"1,098",55.74
臺中市北區邱厝里,臺中市,北區,邱厝里,490,266,329,595,1,596,0,596,427,"1,023",58.26
臺中市北區金華里,臺中市,北區,金華里,484,310,427,737,7,744,0,744,523,"1,267",58.72
臺中市北區金華里,臺中市,北區,金華里,485,329,440,769,1,770,0,770,552,"1,322",58.25
臺中市北區金龍里,臺中市,北區,金龍里,486,318,427,745,6,751,0,751,556,"1,307",57.46
臺中市北區金龍里,臺中市,北區,金龍里,487,433,547,980,4,984,0,984,794,"1,778",55.34
臺中市北區金龍里,臺中市,北區,金龍里,488,329,453,782,14,796,0,796,700,"1,496",53.21
臺中市北區長青里,臺中市,北區,長青里,539,311,415,726,2,728,0,728,640,"1,368",53.22
臺中市北區長青里,臺中市,北區,長青里,540,383,460,843,9,852,0,852,617,"1,469",58
臺中市北區長青里,臺中市,北區,長青里,541,355,441,796,4,800,1,801,558,"1,359",58.87
臺中市北區長青里,臺中市,北區,長青里,542,363,435,798,3,801,0,801,612,"1,413",56.69
臺中市北區建成里,臺中市,北區,建成里,471,369,348,717,6,723,0,723,509,"1,232",58.69
臺中市北區建成里,臺中市,北區,建成里,472,386,373,759,4,763,0,763,558,"1,321",57.76
臺中市北區建成里,臺中市,北區,建成里,473,247,472,719,7,726,0,726,595,"1,321",54.96
臺中市北區建成里,臺中市,北區,建成里,474,296,478,774,1,775,0,775,784,"1,559",49.71
臺中市北區建德里,臺中市,北區,建德里,475,257,306,563,2,565,0,565,414,979,57.71
臺中市北區建德里,臺中市,北區,建德里,476,241,373,614,3,617,0,617,411,"1,028",60.02
臺中市北區建德里,臺中市,北區,建德里,477,264,355,619,3,622,0,622,373,995,62.51
臺中市北區建興里,臺中市,北區,建興里,491,282,340,622,3,625,0,625,488,"1,113",56.15
臺中市北區建興里,臺中市,北區,建興里,492,329,341,670,3,673,0,673,507,"1,180",57.03
臺中市北區建興里,臺中市,北區,建興里,493,242,306,548,4,552,0,552,428,980,56.33
臺中市北區建興里,臺中市,北區,建興里,494,237,288,525,0,525,0,525,391,916,57.31
臺中市北區建興里,臺中市,北區,建興里,495,268,286,554,6,560,0,560,356,916,61.14
臺中市北區健行里,臺中市,北區,健行里,528,338,408,746,1,747,0,747,505,"1,252",59.66
臺中市北區健行里,臺中市,北區,健行里,529,271,316,587,1,588,0,588,455,"1,043",56.38
臺中市北區健行里,臺中市,北區,健行里,530,325,389,714,2,716,0,716,492,"1,208",59.27
臺中市北區健行里,臺中市,北區,健行里,531,390,377,767,4,771,0,771,470,"1,241",62.13
臺中市北區健行里,臺中市,北區,健行里,532,422,433,855,7,862,0,862,682,"1,544",55.83
臺中市北區崇德里,臺中市,北區,崇德里,499,413,521,934,5,939,0,939,743,"1,682",55.83
臺中市北區崇德里,臺中市,北區,崇德里,500,364,507,871,2,873,0,873,692,"1,565",55.78
臺中市北區梅川里,臺中市,北區,梅川里,516,346,477,823,8,831,0,831,713,"1,544",53.82
臺中市北區梅川里,臺中市,北區,梅川里,517,411,492,903,2,905,0,905,669,"1,574",57.5
臺中市北區淡溝里,臺中市,北區,淡溝里,524,425,420,845,1,846,0,846,572,"1,418",59.66
臺中市北區淡溝里,臺中市,北區,淡溝里,525,305,313,618,3,621,0,621,512,"1,133",54.81
臺中市北區淡溝里,臺中市,北區,淡溝里,526,357,326,683,3,686,0,686,462,"1,148",59.76
臺中市北區淡溝里,臺中市,北區,淡溝里,527,324,434,758,1,759,0,759,565,"1,324",57.33
臺中市北區頂厝里,臺中市,北區,頂厝里,496,312,387,699,1,700,0,700,567,"1,267",55.25
臺中市北區頂厝里,臺中市,北區,頂厝里,497,379,452,831,6,837,0,837,533,"1,370",61.09
臺中市北區頂厝里,臺中市,北區,頂厝里,498,313,442,755,2,757,0,757,587,"1,344",56.32
臺中市北區新北里,臺中市,北區,新北里,464,361,415,776,2,778,0,778,762,"1,540",50.52
臺中市北區新興里,臺中市,北區,新興里,465,106,256,362,2,364,0,364,290,654,55.66
臺中市北區新興里,臺中市,北區,新興里,466,149,202,351,2,353,0,353,296,649,54.39
臺中市北區樂英里,臺中市,北區,樂英里,467,138,589,727,2,729,0,729,478,"1,207",60.4
臺中市北區樂英里,臺中市,北區,樂英里,468,177,449,626,4,630,0,630,526,"1,156",54.5
臺中市北區賴村里,臺中市,北區,賴村里,518,371,328,699,6,705,0,705,526,"1,231",57.27
臺中市北區賴村里,臺中市,北區,賴村里,519,449,468,917,1,918,0,918,577,"1,495",61.4
臺中市北區賴村里,臺中市,北區,賴村里,520,385,479,864,6,870,0,870,707,"1,577",55.17
臺中市北區賴旺里,臺中市,北區,賴旺里,510,259,418,677,5,682,0,682,612,"1,294",52.7
臺中市北區賴旺里,臺中市,北區,賴旺里,511,286,363,649,8,657,0,657,625,"1,282",51.25
臺中市北區賴旺里,臺中市,北區,賴旺里,512,347,463,810,4,814,0,814,609,"1,423",57.2
臺中市北區賴明里,臺中市,北區,賴明里,513,298,394,692,1,693,0,693,454,"1,147",60.42
臺中市北區賴明里,臺中市,北區,賴明里,514,261,475,736,5,741,0,741,566,"1,307",56.69
臺中市北區賴明里,臺中市,北區,賴明里,515,266,356,622,1,623,0,623,530,"1,153",54.03
臺中市北區賴厝里,臺中市,北區,賴厝里,501,246,329,575,0,575,0,575,"1,416","1,991",28.88
臺中市北區賴厝里,臺中市,北區,賴厝里,502,316,489,805,7,812,0,812,674,"1,486",54.64
臺中市北區賴厝里,臺中市,北區,賴厝里,503,297,471,768,6,774,0,774,708,"1,482",52.23
臺中市北區賴福里,臺中市,北區,賴福里,504,379,468,847,4,851,0,851,455,"1,306",65.16
臺中市北區賴福里,臺中市,北區,賴福里,505,341,389,730,2,732,0,732,541,"1,273",57.5
臺中市北區賴福里,臺中市,北區,賴福里,506,284,339,623,1,624,0,624,477,"1,101",56.68
臺中市北區賴興里,臺中市,北區,賴興里,507,274,428,702,1,703,0,703,586,"1,289",54.54
臺中市北區賴興里,臺中市,北區,賴興里,508,324,397,721,4,725,0,725,495,"1,220",59.43
臺中市北區賴興里,臺中市,北區,賴興里,509,252,441,693,4,697,0,697,470,"1,167",59.73
臺中市北區錦平里,臺中市,北區,錦平里,462,218,264,482,2,484,0,484,466,950,50.95
臺中市北區錦平里,臺中市,北區,錦平里,463,252,220,472,1,473,0,473,412,885,53.45
臺中市北區錦村里,臺中市,北區,錦村里,469,378,562,940,4,944,0,944,596,"1,540",61.3
臺中市北區錦村里,臺中市,北區,錦村里,470,329,486,815,3,818,0,818,510,"1,328",61.6
臺中市北區錦洲里,臺中市,北區,錦洲里,478,332,496,828,0,828,0,828,667,"1,495",55.38
臺中市北區錦洲里,臺中市,北區,錦洲里,479,345,542,887,7,894,0,894,650,"1,544",57.9
臺中市北區錦祥里,臺中市,北區,錦祥里,480,324,488,812,5,817,0,817,712,"1,529",53.43
臺中市北區錦祥里,臺中市,北區,錦祥里,481,345,441,786,3,789,0,789,679,"1,468",53.75
臺中市北區錦祥里,臺中市,北區,錦祥里,482,276,426,702,4,706,0,706,484,"1,190",59.33
臺中市北區錦祥里,臺中市,北區,錦祥里,483,249,346,595,5,600,0,600,600,"1,200",50
臺中市西屯區上石里,臺中市,西屯區,上石里,33,318,400,718,3,721,0,721,553,"1,274",56.59
臺中市西屯區上石里,臺中市,西屯區,上石里,34,316,368,684,1,685,0,685,548,"1,233",55.56
臺中市西屯區上石里,臺中市,西屯區,上石里,35,263,401,664,5,669,0,669,580,"1,249",53.56
臺中市西屯區上石里,臺中市,西屯區,上石里,36,302,425,727,0,727,0,727,635,"1,362",53.38
臺中市西屯區上安里,臺中市,西屯區,上安里,37,310,417,727,6,733,0,733,570,"1,303",56.25
臺中市西屯區上安里,臺中市,西屯區,上安里,38,305,407,712,3,715,1,716,546,"1,262",56.66
臺中市西屯區上安里,臺中市,西屯區,上安里,39,301,430,731,4,735,0,735,616,"1,351",54.4
臺中市西屯區上安里,臺中市,西屯區,上安里,40,345,415,760,10,770,0,770,563,"1,333",57.76
臺中市西屯區上德里,臺中市,西屯區,上德里,41,318,427,745,2,747,0,747,596,"1,343",55.62
臺中市西屯區上德里,臺中市,西屯區,上德里,42,335,446,781,4,785,0,785,632,"1,417",55.4
臺中市西屯區上德里,臺中市,西屯區,上德里,43,314,455,769,4,773,0,773,573,"1,346",57.43
臺中市西屯區大石里,臺中市,西屯區,大石里,90,131,549,680,3,683,0,683,398,"1,081",63.18
臺中市西屯區大石里,臺中市,西屯區,大石里,91,96,564,660,2,662,0,662,425,"1,087",60.9
臺中市西屯區大河里,臺中市,西屯區,大河里,87,427,388,815,3,818,0,818,533,"1,351",60.55
臺中市西屯區大河里,臺中市,西屯區,大河里,88,416,373,789,3,792,0,792,471,"1,263",62.71
臺中市西屯區大河里,臺中市,西屯區,大河里,89,364,396,760,5,765,0,765,485,"1,250",61.2
臺中市西屯區大福里,臺中市,西屯區,大福里,92,215,285,500,5,505,0,505,455,960,52.6
臺中市西屯區大福里,臺中市,西屯區,大福里,93,235,322,557,7,564,0,564,440,"1,004",56.18
臺中市西屯區大福里,臺中市,西屯區,大福里,94,213,421,634,3,637,0,637,520,"1,157",55.06
臺中市西屯區大鵬里,臺中市,西屯區,大鵬里,95,355,481,836,1,837,0,837,480,"1,317",63.55
臺中市西屯區大鵬里,臺中市,西屯區,大鵬里,96,182,382,564,3,567,0,567,480,"1,047",54.15
臺中市西屯區大鵬里,臺中市,西屯區,大鵬里,97,246,384,630,5,635,0,635,478,"1,113",57.05
臺中市西屯區大鵬里,臺中市,西屯區,大鵬里,98,252,346,598,5,603,0,603,499,"1,102",54.72
臺中市西屯區永安里,臺中市,西屯區,永安里,108,429,383,812,8,820,0,820,538,"1,358",60.38
臺中市西屯區永安里,臺中市,西屯區,永安里,109,328,438,766,5,771,0,771,549,"1,320",58.41
臺中市西屯區永安里,臺中市,西屯區,永安里,110,263,433,696,2,698,0,698,575,"1,273",54.83
臺中市西屯區永安里,臺中市,西屯區,永安里,111,278,436,714,2,716,1,717,706,"1,423",50.32
臺中市西屯區永安里,臺中市,西屯區,永安里,112,329,399,728,4,732,0,732,602,"1,334",54.87
臺中市西屯區永安里,臺中市,西屯區,永安里,113,325,434,759,4,763,0,763,729,"1,492",51.14
臺中市西屯區永安里,臺中市,西屯區,永安里,114,266,419,685,3,688,0,688,624,"1,312",52.44
臺中市西屯區永安里,臺中市,西屯區,永安里,115,242,458,700,3,703,0,703,748,"1,451",48.45
臺中市西屯區永安里,臺中市,西屯區,永安里,116,282,409,691,2,693,0,693,751,"1,444",47.99
臺中市西屯區至善里,臺中市,西屯區,至善里,5,330,470,800,7,807,0,807,654,"1,461",55.24
臺中市西屯區至善里,臺中市,西屯區,至善里,6,344,464,808,5,813,0,813,600,"1,413",57.54
臺中市西屯區至善里,臺中市,西屯區,至善里,7,372,487,859,9,868,0,868,602,"1,470",59.05
臺中市西屯區西平里,臺中市,西屯區,西平里,8,222,449,671,4,675,0,675,498,"1,173",57.54
臺中市西屯區西平里,臺中市,西屯區,西平里,9,179,459,638,4,642,0,642,494,"1,136",56.51
臺中市西屯區西平里,臺中市,西屯區,西平里,10,327,367,694,2,696,0,696,731,"1,427",48.77
臺中市西屯區西平里,臺中市,西屯區,西平里,11,291,338,629,4,633,0,633,579,"1,212",52.23
臺中市西屯區西安里,臺中市,西屯區,西安里,1,359,416,775,3,778,0,778,651,"1,429",54.44
臺中市西屯區西安里,臺中市,西屯區,西安里,2,364,381,745,3,748,0,748,560,"1,308",57.19
臺中市西屯區西安里,臺中市,西屯區,西安里,3,371,406,777,4,781,0,781,541,"1,322",59.08
臺中市西屯區西安里,臺中市,西屯區,西安里,4,342,487,829,4,833,0,833,638,"1,471",56.63
臺中市西屯區西墩里,臺中市,西屯區,西墩里,12,319,338,657,5,662,0,662,452,"1,114",59.43
臺中市西屯區西墩里,臺中市,西屯區,西墩里,13,326,328,654,2,656,0,656,551,"1,207",54.35
臺中市西屯區西墩里,臺中市,西屯區,西墩里,14,277,336,613,7,620,0,620,572,"1,192",52.01
臺中市西屯區西墩里,臺中市,西屯區,西墩里,15,368,416,784,1,785,0,785,534,"1,319",59.51
臺中市西屯區西墩里,臺中市,西屯區,西墩里,16,325,413,738,4,742,0,742,594,"1,336",55.54
臺中市西屯區何仁里,臺中市,西屯區,何仁里,71,346,395,741,5,746,0,746,611,"1,357",54.97
臺中市西屯區何仁里,臺中市,西屯區,何仁里,72,366,377,743,4,747,0,747,539,"1,286",58.09
臺中市西屯區何仁里,臺中市,西屯區,何仁里,73,384,430,814,1,815,0,815,604,"1,419",57.43
臺中市西屯區何仁里,臺中市,西屯區,何仁里,74,245,281,526,1,527,0,527,358,885,59.55
臺中市西屯區何仁里,臺中市,西屯區,何仁里,75,223,294,517,5,522,0,522,442,964,54.15
臺中市西屯區何安里,臺中市,西屯區,何安里,67,339,355,694,2,696,0,696,563,"1,259",55.28
臺中市西屯區何安里,臺中市,西屯區,何安里,68,298,383,681,4,685,0,685,491,"1,176",58.25
臺中市西屯區何安里,臺中市,西屯區,何安里,69,357,382,739,0,739,0,739,759,"1,498",49.33
臺中市西屯區何安里,臺中市,西屯區,何安里,70,322,379,701,6,707,0,707,402,"1,109",63.75
臺中市西屯區何成里,臺中市,西屯區,何成里,62,363,450,813,0,813,0,813,649,"1,462",55.61
臺中市西屯區何成里,臺中市,西屯區,何成里,63,356,438,794,7,801,0,801,628,"1,429",56.05
臺中市西屯區何成里,臺中市,西屯區,何成里,64,358,402,760,3,763,0,763,582,"1,345",56.73
臺中市西屯區何成里,臺中市,西屯區,何成里,65,391,458,849,1,850,0,850,558,"1,408",60.37
臺中市西屯區何成里,臺中市,西屯區,何成里,66,327,451,778,5,783,0,783,584,"1,367",57.28
臺中市西屯區何明里,臺中市,西屯區,何明里,56,335,384,719,2,721,0,721,384,"1,105",65.25
臺中市西屯區何明里,臺中市,西屯區,何明里,57,298,345,643,5,648,0,648,470,"1,118",57.96
臺中市西屯區何明里,臺中市,西屯區,何明里,58,282,327,609,3,612,0,612,481,"1,093",55.99
臺中市西屯區何南里,臺中市,西屯區,何南里,59,303,432,735,3,738,0,738,497,"1,235",59.76
臺中市西屯區何南里,臺中市,西屯區,何南里,60,358,485,843,3,846,0,846,523,"1,369",61.8
臺中市西屯區何南里,臺中市,西屯區,何南里,61,374,416,790,3,793,0,793,546,"1,339",59.22
臺中市西屯區何厝里,臺中市,西屯區,何厝里,53,269,351,620,2,622,0,622,448,"1,070",58.13
臺中市西屯區何厝里,臺中市,西屯區,何厝里,54,284,288,572,1,573,0,573,467,"1,040",55.1
臺中市西屯區何厝里,臺中市,西屯區,何厝里,55,290,281,571,2,573,0,573,443,"1,016",56.4
臺中市西屯區何源里,臺中市,西屯區,何源里,82,320,359,679,4,683,0,683,468,"1,151",59.34
臺中市西屯區何源里,臺中市,西屯區,何源里,83,290,397,687,4,691,0,691,492,"1,183",58.41
臺中市西屯區何源里,臺中市,西屯區,何源里,84,312,424,736,1,737,0,737,503,"1,240",59.44
臺中市西屯區何源里,臺中市,西屯區,何源里,85,354,466,820,3,823,0,823,577,"1,400",58.79
臺中市西屯區何源里,臺中市,西屯區,何源里,86,323,475,798,5,803,0,803,613,"1,416",56.71
臺中市西屯區何福里,臺中市,西屯區,何福里,79,371,455,826,3,829,0,829,538,"1,367",60.64
臺中市西屯區何福里,臺中市,西屯區,何福里,80,359,440,799,2,801,0,801,547,"1,348",59.42
臺中市西屯區何福里,臺中市,西屯區,何福里,81,385,423,808,8,816,0,816,559,"1,375",59.35
臺中市西屯區何德里,臺中市,西屯區,何德里,76,319,390,709,2,711,0,711,478,"1,189",59.8
臺中市西屯區何德里,臺中市,西屯區,何德里,77,299,371,670,4,674,0,674,428,"1,102",61.16
臺中市西屯區何德里,臺中市,西屯區,何德里,78,308,378,686,5,691,0,691,562,"1,253",55.15
臺中市西屯區協和里,臺中市,西屯區,協和里,143,276,355,631,2,633,0,633,466,"1,099",57.6
臺中市西屯區協和里,臺中市,西屯區,協和里,144,339,284,623,5,628,0,628,473,"1,101",57.04
臺中市西屯區協和里,臺中市,西屯區,協和里,145,246,320,566,1,567,0,567,500,"1,067",53.14
臺中市西屯區協和里,臺中市,西屯區,協和里,146,292,359,651,7,658,0,658,505,"1,163",56.58
臺中市西屯區林厝里,臺中市,西屯區,林厝里,105,343,342,685,3,688,0,688,468,"1,156",59.52
臺中市西屯區林厝里,臺中市,西屯區,林厝里,106,247,356,603,2,605,0,605,465,"1,070",56.54
臺中市西屯區林厝里,臺中市,西屯區,林厝里,107,234,379,613,1,614,0,614,452,"1,066",57.6
臺中市西屯區逢甲里,臺中市,西屯區,逢甲里,44,371,548,919,7,926,0,926,734,"1,660",55.78
臺中市西屯區逢甲里,臺中市,西屯區,逢甲里,45,333,497,830,5,835,0,835,682,"1,517",55.04
臺中市西屯區逢甲里,臺中市,西屯區,逢甲里,46,370,471,841,2,843,0,843,567,"1,410",59.79
臺中市西屯區逢福里,臺中市,西屯區,逢福里,47,379,483,862,10,872,0,872,540,"1,412",61.76
臺中市西屯區逢福里,臺中市,西屯區,逢福里,48,297,422,719,6,725,0,725,503,"1,228",59.04
臺中市西屯區逢福里,臺中市,西屯區,逢福里,49,275,463,738,5,743,0,743,526,"1,269",58.55
臺中市西屯區逢福里,臺中市,西屯區,逢福里,50,306,404,710,2,712,0,712,544,"1,256",56.69
臺中市西屯區惠來里,臺中市,西屯區,惠來里,22,295,432,727,2,729,0,729,659,"1,388",52.52
臺中市西屯區惠來里,臺中市,西屯區,惠來里,23,291,410,701,3,704,0,704,744,"1,448",48.62
臺中市西屯區惠來里,臺中市,西屯區,惠來里,24,354,410,764,1,765,0,765,788,"1,553",49.26
臺中市西屯區惠來里,臺中市,西屯區,惠來里,25,313,458,771,3,774,0,774,698,"1,472",52.58
臺中市西屯區惠來里,臺中市,西屯區,惠來里,26,343,439,782,3,785,0,785,718,"1,503",52.23
臺中市西屯區惠來里,臺中市,西屯區,惠來里,27,351,379,730,4,734,0,734,719,"1,453",50.52
臺中市西屯區惠來里,臺中市,西屯區,惠來里,28,322,418,740,4,744,0,744,723,"1,467",50.72
臺中市西屯區惠來里,臺中市,西屯區,惠來里,29,399,563,962,5,967,0,967,672,"1,639",59
臺中市西屯區惠來里,臺中市,西屯區,惠來里,30,314,411,725,5,730,0,730,627,"1,357",53.8
臺中市西屯區惠來里,臺中市,西屯區,惠來里,31,333,352,685,2,687,0,687,483,"1,170",58.72
臺中市西屯區惠來里,臺中市,西屯區,惠來里,32,321,417,738,4,742,0,742,579,"1,321",56.17
臺中市西屯區港尾里,臺中市,西屯區,港尾里,99,318,298,616,5,621,0,621,475,"1,096",56.66
臺中市西屯區港尾里,臺中市,西屯區,港尾里,100,361,483,844,5,849,0,849,641,"1,490",56.98
臺中市西屯區港尾里,臺中市,西屯區,港尾里,101,320,391,711,7,718,0,718,492,"1,210",59.34
臺中市西屯區港尾里,臺中市,西屯區,港尾里,102,298,421,719,4,723,0,723,506,"1,229",58.83
臺中市西屯區福中里,臺中市,西屯區,福中里,136,232,351,583,7,590,0,590,480,"1,070",55.14
臺中市西屯區福中里,臺中市,西屯區,福中里,137,240,340,580,3,583,0,583,421,"1,004",58.07
臺中市西屯區福中里,臺中市,西屯區,福中里,138,272,269,541,0,541,0,541,446,987,54.81
臺中市西屯區福安里,臺中市,西屯區,福安里,117,414,504,918,2,920,0,920,664,"1,584",58.08
臺中市西屯區福安里,臺中市,西屯區,福安里,118,363,487,850,0,850,0,850,621,"1,471",57.78
臺中市西屯區福和里,臺中市,西屯區,福和里,133,415,395,810,4,814,0,814,631,"1,445",56.33
臺中市西屯區福和里,臺中市,西屯區,福和里,134,374,335,709,3,712,0,712,575,"1,287",55.32
臺中市西屯區福和里,臺中市,西屯區,福和里,135,371,387,758,4,762,0,762,593,"1,355",56.24
臺中市西屯區福林里,臺中市,西屯區,福林里,123,279,364,643,3,646,0,646,588,"1,234",52.35
臺中市西屯區福林里,臺中市,西屯區,福林里,124,261,451,712,3,715,0,715,516,"1,231",58.08
臺中市西屯區福林里,臺中市,西屯區,福林里,125,324,402,726,3,729,0,729,612,"1,341",54.36
臺中市西屯區福林里,臺中市,西屯區,福林里,126,388,420,808,3,811,0,811,632,"1,443",56.2
臺中市西屯區福林里,臺中市,西屯區,福林里,127,260,389,649,8,657,0,657,566,"1,223",53.72
臺中市西屯區福林里,臺中市,西屯區,福林里,128,289,434,723,1,724,0,724,634,"1,358",53.31
臺中市西屯區福恩里,臺中市,西屯區,福恩里,139,244,346,590,3,593,0,593,471,"1,064",55.73
臺中市西屯區福恩里,臺中市,西屯區,福恩里,140,258,340,598,0,598,0,598,487,"1,085",55.12
臺中市西屯區福恩里,臺中市,西屯區,福恩里,141,385,448,833,3,836,0,836,631,"1,467",56.99
臺中市西屯區福恩里,臺中市,西屯區,福恩里,142,312,410,722,0,722,0,722,457,"1,179",61.24
臺中市西屯區福雅里,臺中市,西屯區,福雅里,119,407,549,956,7,963,0,963,622,"1,585",60.76
臺中市西屯區福雅里,臺中市,西屯區,福雅里,120,311,454,765,4,769,0,769,640,"1,409",54.58
臺中市西屯區福雅里,臺中市,西屯區,福雅里,121,358,444,802,6,808,0,808,633,"1,441",56.07
臺中市西屯區福雅里,臺中市,西屯區,福雅里,122,308,502,810,5,815,0,815,702,"1,517",53.72
臺中市西屯區福瑞里,臺中市,西屯區,福瑞里,129,307,495,802,3,805,0,805,635,"1,440",55.9
臺中市西屯區福瑞里,臺中市,西屯區,福瑞里,130,313,491,804,4,808,0,808,716,"1,524",53.02
臺中市西屯區福聯里,臺中市,西屯區,福聯里,131,328,439,767,6,773,0,773,894,"1,667",46.37
臺中市西屯區福聯里,臺中市,西屯區,福聯里,132,349,462,811,6,817,0,817,817,"1,634",50
臺中市西屯區廣福里,臺中市,西屯區,廣福里,103,346,325,671,1,672,0,672,468,"1,140",58.95
臺中市西屯區廣福里,臺中市,西屯區,廣福里,104,293,280,573,1,574,0,574,373,947,60.61
臺中市西屯區潮洋里,臺中市,西屯區,潮洋里,17,388,482,870,10,880,0,880,752,"1,632",53.92
臺中市西屯區潮洋里,臺中市,西屯區,潮洋里,18,370,482,852,3,855,0,855,"1,102","1,957",43.69
臺中市西屯區潮洋里,臺中市,西屯區,潮洋里,19,276,403,679,4,683,0,683,"1,520","2,203",31
臺中市西屯區潮洋里,臺中市,西屯區,潮洋里,20,467,468,935,5,940,0,940,612,"1,552",60.57
臺中市西屯區龍潭里,臺中市,西屯區,龍潭里,21,291,302,593,7,600,0,600,481,"1,081",55.5
臺中市西屯區鵬程里,臺中市,西屯區,鵬程里,51,129,643,772,6,778,0,778,650,"1,428",54.48
臺中市西屯區鵬程里,臺中市,西屯區,鵬程里,52,111,639,750,2,752,0,752,492,"1,244",60.45
臺中市西區三民里,臺中市,西區,三民里,548,238,254,492,2,494,0,494,"1,047","1,541",32.06
臺中市西區三民里,臺中市,西區,三民里,549,250,235,485,0,485,0,485,278,763,63.56
臺中市西區土庫里,臺中市,西區,土庫里,576,224,282,506,1,507,0,507,339,846,59.93
臺中市西區土庫里,臺中市,西區,土庫里,577,346,279,625,2,627,0,627,382,"1,009",62.14
臺中市西區土庫里,臺中市,西區,土庫里,578,349,346,695,3,698,0,698,477,"1,175",59.4
臺中市西區土庫里,臺中市,西區,土庫里,579,354,328,682,5,687,0,687,501,"1,188",57.83
臺中市西區土庫里,臺中市,西區,土庫里,580,320,339,659,3,662,0,662,448,"1,110",59.64
臺中市西區大忠里,臺中市,西區,大忠里,581,287,403,690,5,695,0,695,433,"1,128",61.61
臺中市西區大忠里,臺中市,西區,大忠里,582,288,332,620,2,622,0,622,467,"1,089",57.12
臺中市西區大忠里,臺中市,西區,大忠里,583,311,330,641,3,644,0,644,349,993,64.85
臺中市西區大忠里,臺中市,西區,大忠里,584,303,324,627,1,628,0,628,357,985,63.76
臺中市西區中興里,臺中市,西區,中興里,599,335,319,654,3,657,0,657,420,"1,077",61
臺中市西區中興里,臺中市,西區,中興里,600,405,335,740,2,742,0,742,504,"1,246",59.55
臺中市西區中興里,臺中市,西區,中興里,601,360,315,675,1,676,0,676,385,"1,061",63.71
臺中市西區公平里,臺中市,西區,公平里,612,348,356,704,6,710,0,710,602,"1,312",54.12
臺中市西區公平里,臺中市,西區,公平里,613,314,334,648,4,652,0,652,474,"1,126",57.9
臺中市西區公平里,臺中市,西區,公平里,614,327,413,740,5,745,0,745,559,"1,304",57.13
臺中市西區公平里,臺中市,西區,公平里,615,255,436,691,2,693,0,693,552,"1,245",55.66
臺中市西區公正里,臺中市,西區,公正里,607,313,340,653,3,656,0,656,485,"1,141",57.49
臺中市西區公正里,臺中市,西區,公正里,608,354,326,680,2,682,0,682,442,"1,124",60.68
臺中市西區公正里,臺中市,西區,公正里,609,317,411,728,2,730,1,731,471,"1,202",60.73
臺中市西區公正里,臺中市,西區,公正里,610,325,365,690,6,696,0,696,526,"1,222",56.96
臺中市西區公正里,臺中市,西區,公正里,611,379,462,841,5,846,0,846,515,"1,361",62.16
臺中市西區公民里,臺中市,西區,公民里,558,286,319,605,3,608,0,608,439,"1,047",58.07
臺中市西區公民里,臺中市,西區,公民里,559,333,330,663,3,666,0,666,456,"1,122",59.36
臺中市西區公民里,臺中市,西區,公民里,560,306,368,674,3,677,0,677,450,"1,127",60.07
臺中市西區公民里,臺中市,西區,公民里,561,407,418,825,7,832,0,832,535,"1,367",60.86
臺中市西區公益里,臺中市,西區,公益里,602,404,456,860,4,864,0,864,478,"1,342",64.38
臺中市西區公益里,臺中市,西區,公益里,603,363,347,710,4,714,0,714,516,"1,230",58.05
臺中市西區公德里,臺中市,西區,公德里,604,417,456,873,6,879,0,879,565,"1,444",60.87
臺中市西區公德里,臺中市,西區,公德里,605,377,390,767,6,773,0,773,568,"1,341",57.64
臺中市西區公德里,臺中市,西區,公德里,606,396,485,881,4,885,0,885,547,"1,432",61.8
臺中市西區公舘里,臺中市,西區,公舘里,565,371,384,755,6,761,0,761,516,"1,277",59.59
臺中市西區公舘里,臺中市,西區,公舘里,566,399,403,802,3,805,0,805,475,"1,280",62.89
臺中市西區公舘里,臺中市,西區,公舘里,567,314,456,770,4,774,0,774,767,"1,541",50.23
臺中市西區公舘里,臺中市,西區,公舘里,568,392,380,772,4,776,0,776,481,"1,257",61.73
臺中市西區双龍里,臺中市,西區,双龍里,593,322,384,706,4,710,0,710,485,"1,195",59.41
臺中市西區双龍里,臺中市,西區,双龍里,594,343,430,773,3,776,0,776,592,"1,368",56.73
臺中市西區平和里,臺中市,西區,平和里,554,213,301,514,2,516,0,516,469,985,52.39
臺中市西區平和里,臺中市,西區,平和里,555,214,236,450,2,452,0,452,358,810,55.8
臺中市西區民生里,臺中市,西區,民生里,551,193,226,419,1,420,0,420,354,774,54.26
臺中市西區民生里,臺中市,西區,民生里,552,229,258,487,2,489,0,489,388,877,55.76
臺中市西區民龍里,臺中市,西區,民龍里,585,304,357,661,3,664,0,664,479,"1,143",58.09
臺中市西區民龍里,臺中市,西區,民龍里,586,443,520,963,4,967,0,967,744,"1,711",56.52
臺中市西區民龍里,臺中市,西區,民龍里,587,249,299,548,7,555,0,555,466,"1,021",54.36
臺中市西區吉龍里,臺中市,西區,吉龍里,571,388,329,717,2,719,0,719,528,"1,247",57.66
臺中市西區吉龍里,臺中市,西區,吉龍里,572,317,419,736,7,743,0,743,549,"1,292",57.51
臺中市西區吉龍里,臺中市,西區,吉龍里,573,370,368,738,1,739,0,739,470,"1,209",61.12
臺中市西區吉龍里,臺中市,西區,吉龍里,574,311,413,724,4,728,0,728,516,"1,244",58.52
臺中市西區吉龍里,臺中市,西區,吉龍里,575,265,361,626,3,629,0,629,548,"1,177",53.44
臺中市西區安龍里,臺中市,西區,安龍里,569,392,390,782,4,786,0,786,492,"1,278",61.5
臺中市西區安龍里,臺中市,西區,安龍里,570,441,435,876,6,882,0,882,658,"1,540",57.27
臺中市西區利民里,臺中市,西區,利民里,550,323,430,753,3,756,0,756,547,"1,303",58.02
臺中市西區和龍里,臺中市,西區,和龍里,588,352,340,692,2,694,0,694,548,"1,242",55.88
臺中市西區和龍里,臺中市,西區,和龍里,589,258,231,489,7,496,0,496,437,933,53.16
臺中市西區忠明里,臺中市,西區,忠明里,616,261,357,618,4,622,0,622,462,"1,084",57.38
臺中市西區忠明里,臺中市,西區,忠明里,617,309,316,625,1,626,0,626,514,"1,140",54.91
臺中市西區忠明里,臺中市,西區,忠明里,618,320,310,630,8,638,0,638,484,"1,122",56.86
臺中市西區忠明里,臺中市,西區,忠明里,619,345,283,628,8,636,0,636,416,"1,052",60.46
臺中市西區忠明里,臺中市,西區,忠明里,620,332,318,650,2,652,0,652,574,"1,226",53.18
臺中市西區忠誠里,臺中市,西區,忠誠里,621,396,368,764,5,769,0,769,609,"1,378",55.81
臺中市西區忠誠里,臺中市,西區,忠誠里,622,378,376,754,6,760,0,760,482,"1,242",61.19
臺中市西區忠誠里,臺中市,西區,忠誠里,623,379,378,757,7,764,0,764,598,"1,362",56.09
臺中市西區忠誠里,臺中市,西區,忠誠里,624,337,455,792,3,795,0,795,549,"1,344",59.15
臺中市西區昇平里,臺中市,西區,昇平里,595,363,380,743,9,752,0,752,630,"1,382",54.41
臺中市西區昇平里,臺中市,西區,昇平里,596,386,415,801,6,807,0,807,553,"1,360",59.34
臺中市西區昇平里,臺中市,西區,昇平里,597,314,407,721,2,723,0,723,554,"1,277",56.62
臺中市西區昇平里,臺中市,西區,昇平里,598,396,375,771,4,775,0,775,620,"1,395",55.56
臺中市西區東昇里,臺中市,西區,東昇里,556,334,324,658,2,660,0,660,436,"1,096",60.22
臺中市西區東昇里,臺中市,西區,東昇里,557,277,309,586,4,590,0,590,388,978,60.33
臺中市西區後龍里,臺中市,西區,後龍里,590,272,278,550,3,553,0,553,440,993,55.69
臺中市西區後龍里,臺中市,西區,後龍里,591,330,348,678,6,684,0,684,480,"1,164",58.76
臺中市西區後龍里,臺中市,西區,後龍里,592,324,335,659,2,661,0,661,483,"1,144",57.78
臺中市西區廣民里,臺中市,西區,廣民里,553,320,391,711,2,713,0,713,534,"1,247",57.18
臺中市西區藍興里,臺中市,西區,藍興里,562,419,455,874,5,879,0,879,492,"1,371",64.11
臺中市西區藍興里,臺中市,西區,藍興里,563,321,413,734,3,737,0,737,507,"1,244",59.24
臺中市西區藍興里,臺中市,西區,藍興里,564,350,395,745,4,749,0,749,463,"1,212",61.8
臺中市東區十甲里,臺中市,東區,十甲里,664,322,343,665,5,670,0,670,469,"1,139",58.82
臺中市東區十甲里,臺中市,東區,十甲里,665,306,361,667,1,668,0,668,441,"1,109",60.23
臺中市東區十甲里,臺中市,東區,十甲里,666,377,404,781,7,788,0,788,585,"1,373",57.39
臺中市東區十甲里,臺中市,東區,十甲里,667,372,381,753,6,759,0,759,497,"1,256",60.43
臺中市東區干城里,臺中市,東區,干城里,651,405,291,696,5,701,0,701,480,"1,181",59.36
臺中市東區干城里,臺中市,東區,干城里,652,250,414,664,3,667,0,667,512,"1,179",56.57
臺中市東區合作里,臺中市,東區,合作里,679,295,501,796,5,801,0,801,555,"1,356",59.07
臺中市東區合作里,臺中市,東區,合作里,680,216,364,580,2,582,0,582,497,"1,079",53.94
臺中市東區合作里,臺中市,東區,合作里,681,150,645,795,2,797,0,797,604,"1,401",56.89
臺中市東區旱溪里,臺中市,東區,旱溪里,653,199,268,467,2,469,0,469,306,775,60.52
臺中市東區旱溪里,臺中市,東區,旱溪里,654,242,212,454,5,459,0,459,304,763,60.16
臺中市東區旱溪里,臺中市,東區,旱溪里,655,230,259,489,3,492,0,492,306,798,61.65
臺中市東區東門里,臺中市,東區,東門里,658,394,295,689,1,690,0,690,402,"1,092",63.19
臺中市東區東門里,臺中市,東區,東門里,659,400,318,718,1,719,0,719,454,"1,173",61.3
臺中市東區東門里,臺中市,東區,東門里,660,336,394,730,4,734,0,734,475,"1,209",60.71
臺中市東區東門里,臺中市,東區,東門里,661,456,332,788,12,800,0,800,479,"1,279",62.55
臺中市東區東門里,臺中市,東區,東門里,662,355,335,690,2,692,0,692,403,"1,095",63.2
臺中市東區東門里,臺中市,東區,東門里,663,297,406,703,3,706,0,706,527,"1,233",57.26
臺中市東區東信里,臺中市,東區,東信里,688,352,370,722,2,724,0,724,499,"1,223",59.2
臺中市東區東信里,臺中市,東區,東信里,689,428,365,793,5,798,0,798,446,"1,244",64.15
臺中市東區東信里,臺中市,東區,東信里,690,289,391,680,6,686,0,686,551,"1,237",55.46
臺中市東區東信里,臺中市,東區,東信里,691,370,384,754,2,756,0,756,523,"1,279",59.11
臺中市東區東信里,臺中市,東區,東信里,692,413,312,725,2,727,0,727,447,"1,174",61.93
臺中市東區東信里,臺中市,東區,東信里,693,350,358,708,7,715,0,715,480,"1,195",59.83
臺中市東區東信里,臺中市,東區,東信里,694,308,391,699,6,705,0,705,476,"1,181",59.7
臺中市東區東南里,臺中市,東區,東南里,674,318,459,777,1,778,0,778,595,"1,373",56.66
臺中市東區東南里,臺中市,東區,東南里,675,349,412,761,2,763,0,763,644,"1,407",54.23
臺中市東區東南里,臺中市,東區,東南里,676,277,405,682,3,685,0,685,495,"1,180",58.05
臺中市東區東英里,臺中市,東區,東英里,668,322,396,718,5,723,0,723,459,"1,182",61.17
臺中市東區東英里,臺中市,東區,東英里,669,318,350,668,2,670,0,670,547,"1,217",55.05
臺中市東區東英里,臺中市,東區,東英里,670,337,345,682,6,688,0,688,511,"1,199",57.38
臺中市東區東英里,臺中市,東區,東英里,671,368,404,772,7,779,0,779,496,"1,275",61.1
臺中市東區東英里,臺中市,東區,東英里,672,363,407,770,3,773,0,773,551,"1,324",58.38
臺中市東區東英里,臺中市,東區,東英里,673,324,402,726,5,731,0,731,523,"1,254",58.29
臺中市東區東勢里,臺中市,東區,東勢里,677,316,278,594,1,595,0,595,516,"1,111",53.56
臺中市東區東勢里,臺中市,東區,東勢里,678,270,465,735,5,740,0,740,551,"1,291",57.32
臺中市東區東橋里,臺中市,東區,東橋里,644,396,368,764,2,766,0,766,532,"1,298",59.01
臺中市東區東橋里,臺中市,東區,東橋里,645,341,302,643,4,647,0,647,476,"1,123",57.61
臺中市東區東橋里,臺中市,東區,東橋里,646,353,263,616,1,617,0,617,461,"1,078",57.24
臺中市東區東興里,臺中市,東區,東興里,647,386,408,794,4,798,0,798,548,"1,346",59.29
臺中市東區東興里,臺中市,東區,東興里,648,418,383,801,3,804,0,804,563,"1,367",58.81
臺中市東區泉源里,臺中市,東區,泉源里,649,283,291,574,4,578,0,578,411,989,58.44
臺中市東區泉源里,臺中市,東區,泉源里,650,321,308,629,1,630,0,630,447,"1,077",58.5
臺中市東區振興里,臺中市,東區,振興里,641,267,290,557,1,558,0,558,405,963,57.94
臺中市東區振興里,臺中市,東區,振興里,642,294,289,583,7,590,0,590,464,"1,054",55.98
臺中市東區振興里,臺中市,東區,振興里,643,261,205,466,4,470,0,470,318,788,59.64
臺中市東區富仁里,臺中市,東區,富仁里,682,224,392,616,4,620,0,620,477,"1,097",56.52
臺中市東區富仁里,臺中市,東區,富仁里,683,82,424,506,1,507,0,507,372,879,57.68
臺中市東區富仁里,臺中市,東區,富仁里,684,305,404,709,6,715,0,715,485,"1,200",59.58
臺中市東區富仁里,臺中市,東區,富仁里,685,109,415,524,3,527,0,527,383,910,57.91
臺中市東區富台里,臺中市,東區,富台里,686,112,281,393,0,393,0,393,310,703,55.9
臺中市東區富台里,臺中市,東區,富台里,687,152,367,519,6,525,0,525,384,909,57.76
臺中市東區新庄里,臺中市,東區,新庄里,638,225,215,440,2,442,0,442,720,"1,162",38.04
臺中市東區新庄里,臺中市,東區,新庄里,639,193,280,473,3,476,0,476,381,857,55.54
臺中市東區新庄里,臺中市,東區,新庄里,640,201,220,421,3,424,0,424,370,794,53.4
臺中市東區樂成里,臺中市,東區,樂成里,656,390,333,723,1,724,0,724,534,"1,258",57.55
臺中市東區樂成里,臺中市,東區,樂成里,657,378,376,754,4,758,0,758,542,"1,300",58.31
臺中市南屯區三和里,臺中市,南屯區,三和里,207,385,487,872,0,872,0,872,576,"1,448",60.22
臺中市南屯區三和里,臺中市,南屯區,三和里,208,305,560,865,2,867,0,867,636,"1,503",57.68
臺中市南屯區三和里,臺中市,南屯區,三和里,209,410,562,972,3,975,0,975,766,"1,741",56
臺中市南屯區三和里,臺中市,南屯區,三和里,210,324,470,794,2,796,0,796,533,"1,329",59.89
臺中市南屯區三和里,臺中市,南屯區,三和里,211,301,366,667,1,668,0,668,514,"1,182",56.51
臺中市南屯區三和里,臺中市,南屯區,三和里,212,295,459,754,1,755,0,755,596,"1,351",55.88
臺中市南屯區三厝里,臺中市,南屯區,三厝里,197,375,357,732,4,736,0,736,484,"1,220",60.33
臺中市南屯區三厝里,臺中市,南屯區,三厝里,198,315,452,767,1,768,0,768,534,"1,302",58.99
臺中市南屯區三厝里,臺中市,南屯區,三厝里,199,376,386,762,6,768,0,768,589,"1,357",56.6
臺中市南屯區三厝里,臺中市,南屯區,三厝里,200,425,593,"1,018",5,"1,023",0,"1,023",847,"1,870",54.71
臺中市南屯區三厝里,臺中市,南屯區,三厝里,201,317,482,799,3,802,0,802,739,"1,541",52.04
臺中市南屯區三義里,臺中市,南屯區,三義里,202,322,415,737,4,741,0,741,559,"1,300",57
臺中市南屯區三義里,臺中市,南屯區,三義里,203,304,454,758,1,759,0,759,530,"1,289",58.88
臺中市南屯區三義里,臺中市,南屯區,三義里,204,307,461,768,8,776,0,776,454,"1,230",63.09
臺中市南屯區三義里,臺中市,南屯區,三義里,205,325,413,738,2,740,0,740,511,"1,251",59.15
臺中市南屯區三義里,臺中市,南屯區,三義里,206,308,390,698,2,700,0,700,558,"1,258",55.64
臺中市南屯區大同里,臺中市,南屯區,大同里,244,350,420,770,5,775,0,775,572,"1,347",57.54
臺中市南屯區大同里,臺中市,南屯區,大同里,245,314,326,640,2,642,0,642,446,"1,088",59.01
臺中市南屯區大同里,臺中市,南屯區,大同里,246,354,345,699,2,701,0,701,477,"1,178",59.51
臺中市南屯區大同里,臺中市,南屯區,大同里,247,321,391,712,3,715,0,715,449,"1,164",61.43
臺中市南屯區大業里,臺中市,南屯區,大業里,220,310,430,740,6,746,0,746,497,"1,243",60.02
臺中市南屯區大業里,臺中市,南屯區,大業里,221,297,400,697,3,700,0,700,532,"1,232",56.82
臺中市南屯區大業里,臺中市,南屯區,大業里,222,342,383,725,2,727,0,727,544,"1,271",57.2
臺中市南屯區大業里,臺中市,南屯區,大業里,223,424,446,870,1,871,0,871,633,"1,504",57.91
臺中市南屯區大業里,臺中市,南屯區,大業里,224,347,423,770,4,774,0,774,502,"1,276",60.66
臺中市南屯區大誠里,臺中市,南屯區,大誠里,251,276,361,637,6,643,0,643,459,"1,102",58.35
臺中市南屯區大誠里,臺中市,南屯區,大誠里,252,343,435,778,3,781,0,781,535,"1,316",59.35
臺中市南屯區大誠里,臺中市,南屯區,大誠里,253,356,386,742,2,744,0,744,532,"1,276",58.31
臺中市南屯區大興里,臺中市,南屯區,大興里,248,375,385,760,5,765,0,765,476,"1,241",61.64
臺中市南屯區大興里,臺中市,南屯區,大興里,249,416,466,882,2,884,0,884,649,"1,533",57.66
臺中市南屯區大興里,臺中市,南屯區,大興里,250,444,473,917,7,924,0,924,514,"1,438",64.26
臺中市南屯區中和里,臺中市,南屯區,中和里,166,360,430,790,3,793,0,793,572,"1,365",58.1
臺中市南屯區中和里,臺中市,南屯區,中和里,167,385,435,820,6,826,0,826,458,"1,284",64.33
臺中市南屯區中和里,臺中市,南屯區,中和里,168,416,401,817,9,826,0,826,483,"1,309",63.1
臺中市南屯區文山里,臺中市,南屯區,文山里,178,314,360,674,8,682,0,682,593,"1,275",53.49
臺中市南屯區文山里,臺中市,南屯區,文山里,179,288,357,645,3,648,0,648,547,"1,195",54.23
臺中市南屯區文山里,臺中市,南屯區,文山里,180,280,326,606,4,610,0,610,471,"1,081",56.43
臺中市南屯區文山里,臺中市,南屯區,文山里,181,414,464,878,2,880,0,880,762,"1,642",53.59
臺中市南屯區文山里,臺中市,南屯區,文山里,182,413,478,891,5,896,0,896,644,"1,540",58.18
臺中市南屯區文山里,臺中市,南屯區,文山里,183,307,392,699,3,702,0,702,593,"1,295",54.21
臺中市南屯區文山里,臺中市,南屯區,文山里,184,380,448,828,3,831,0,831,636,"1,467",56.65
臺中市南屯區文山里,臺中市,南屯區,文山里,185,305,441,746,4,750,0,750,603,"1,353",55.43
臺中市南屯區文山里,臺中市,南屯區,文山里,186,153,206,359,1,360,0,360,292,652,55.21
臺中市南屯區文心里,臺中市,南屯區,文心里,237,315,423,738,1,739,0,739,475,"1,214",60.87
臺中市南屯區文心里,臺中市,南屯區,文心里,238,394,449,843,2,845,0,845,648,"1,493",56.6
臺中市南屯區文心里,臺中市,南屯區,文心里,239,303,377,680,7,687,0,687,434,"1,121",61.28
臺中市南屯區永定里,臺中市,南屯區,永定里,193,322,330,652,3,655,0,655,493,"1,148",57.06
臺中市南屯區永定里,臺中市,南屯區,永定里,194,324,345,669,6,675,0,675,522,"1,197",56.39
臺中市南屯區永定里,臺中市,南屯區,永定里,195,451,439,890,11,901,0,901,563,"1,464",61.54
臺中市南屯區永定里,臺中市,南屯區,永定里,196,422,498,920,10,930,0,930,616,"1,546",60.16
臺中市南屯區田心里,臺中市,南屯區,田心里,230,404,528,932,5,937,0,937,662,"1,599",58.6
臺中市南屯區田心里,臺中市,南屯區,田心里,231,494,467,961,6,967,0,967,633,"1,600",60.44
臺中市南屯區田心里,臺中市,南屯區,田心里,232,488,570,"1,058",6,"1,064",0,"1,064",748,"1,812",58.72
臺中市南屯區田心里,臺中市,南屯區,田心里,233,457,473,930,6,936,0,936,796,"1,732",54.04
臺中市南屯區同心里,臺中市,南屯區,同心里,240,326,478,804,5,809,0,809,669,"1,478",54.74
臺中市南屯區同心里,臺中市,南屯區,同心里,241,393,485,878,5,883,0,883,688,"1,571",56.21
臺中市南屯區同心里,臺中市,南屯區,同心里,242,317,299,616,3,619,0,619,491,"1,110",55.77
臺中市南屯區同心里,臺中市,南屯區,同心里,243,250,335,585,1,586,0,586,481,"1,067",54.92
臺中市南屯區向心里,臺中市,南屯區,向心里,234,453,497,950,4,954,0,954,631,"1,585",60.19
臺中市南屯區向心里,臺中市,南屯區,向心里,235,491,583,"1,074",7,"1,081",0,"1,081","1,501","2,582",41.87
臺中市南屯區向心里,臺中市,南屯區,向心里,236,323,491,814,4,818,0,818,620,"1,438",56.88
臺中市南屯區南屯里,臺中市,南屯區,南屯里,147,312,424,736,8,744,0,744,430,"1,174",63.37
臺中市南屯區南屯里,臺中市,南屯區,南屯里,148,343,358,701,4,705,0,705,495,"1,200",58.75
臺中市南屯區南屯里,臺中市,南屯區,南屯里,149,331,294,625,7,632,0,632,449,"1,081",58.46
臺中市南屯區南屯里,臺中市,南屯區,南屯里,150,391,382,773,2,775,0,775,495,"1,270",61.02
臺中市南屯區南屯里,臺中市,南屯區,南屯里,151,303,422,725,8,733,0,733,498,"1,231",59.55
臺中市南屯區南屯里,臺中市,南屯區,南屯里,152,286,361,647,6,653,0,653,518,"1,171",55.76
臺中市南屯區南屯里,臺中市,南屯區,南屯里,153,288,372,660,2,662,0,662,477,"1,139",58.12
臺中市南屯區春安里,臺中市,南屯區,春安里,175,137,228,365,1,366,0,366,289,655,55.88
臺中市南屯區春安里,臺中市,南屯區,春安里,176,298,506,804,0,804,0,804,891,"1,695",47.43
臺中市南屯區春安里,臺中市,南屯區,春安里,177,329,518,847,6,853,0,853,861,"1,714",49.77
臺中市南屯區春社里,臺中市,南屯區,春社里,170,284,376,660,5,665,0,665,471,"1,136",58.54
臺中市南屯區春社里,臺中市,南屯區,春社里,171,254,421,675,6,681,0,681,519,"1,200",56.75
臺中市南屯區春社里,臺中市,南屯區,春社里,172,314,383,697,4,701,0,701,558,"1,259",55.68
臺中市南屯區春社里,臺中市,南屯區,春社里,173,251,467,718,10,728,0,728,491,"1,219",59.72
臺中市南屯區春社里,臺中市,南屯區,春社里,174,248,388,636,7,643,0,643,962,"1,605",40.06
臺中市南屯區惠中里,臺中市,南屯區,惠中里,225,456,503,959,2,961,0,961,714,"1,675",57.37
臺中市南屯區惠中里,臺中市,南屯區,惠中里,226,390,522,912,4,916,0,916,652,"1,568",58.42
臺中市南屯區惠中里,臺中市,南屯區,惠中里,227,420,520,940,3,943,0,943,808,"1,751",53.85
臺中市南屯區惠中里,臺中市,南屯區,惠中里,228,414,479,893,8,901,0,901,640,"1,541",58.47
臺中市南屯區惠中里,臺中市,南屯區,惠中里,229,438,524,962,4,966,0,966,699,"1,665",58.02
臺中市南屯區新生里,臺中市,南屯區,新生里,191,498,528,"1,026",2,"1,028",0,"1,028",776,"1,804",56.98
臺中市南屯區新生里,臺中市,南屯區,新生里,192,401,555,956,4,960,0,960,896,"1,856",51.72
臺中市南屯區楓樹里,臺中市,南屯區,楓樹里,162,344,398,742,3,745,0,745,457,"1,202",61.98
臺中市南屯區楓樹里,臺中市,南屯區,楓樹里,163,473,499,972,3,975,0,975,548,"1,523",64.02
臺中市南屯區楓樹里,臺中市,南屯區,楓樹里,164,548,567,"1,115",14,"1,129",0,"1,129",662,"1,791",63.04
臺中市南屯區楓樹里,臺中市,南屯區,楓樹里,165,425,544,969,6,975,0,975,576,"1,551",62.86
臺中市南屯區溝墘里,臺中市,南屯區,溝墘里,216,332,394,726,2,728,0,728,446,"1,174",62.01
臺中市南屯區溝墘里,臺中市,南屯區,溝墘里,217,379,466,845,7,852,0,852,558,"1,410",60.43
臺中市南屯區溝墘里,臺中市,南屯區,溝墘里,218,405,420,825,7,832,0,832,528,"1,360",61.18
臺中市南屯區溝墘里,臺中市,南屯區,溝墘里,219,337,490,827,3,830,0,830,471,"1,301",63.8
臺中市南屯區黎明里,臺中市,南屯區,黎明里,213,305,535,840,2,842,0,842,455,"1,297",64.92
臺中市南屯區黎明里,臺中市,南屯區,黎明里,214,287,499,786,5,791,0,791,529,"1,320",59.92
臺中市南屯區黎明里,臺中市,南屯區,黎明里,215,298,423,721,2,723,0,723,473,"1,196",60.45
臺中市南屯區豐樂里,臺中市,南屯區,豐樂里,154,426,409,835,9,844,0,844,503,"1,347",62.66
臺中市南屯區豐樂里,臺中市,南屯區,豐樂里,155,479,419,898,3,901,0,901,606,"1,507",59.79
臺中市南屯區豐樂里,臺中市,南屯區,豐樂里,156,384,570,954,2,956,0,956,836,"1,792",53.35
臺中市南屯區豐樂里,臺中市,南屯區,豐樂里,157,410,470,880,4,884,0,884,528,"1,412",62.61
臺中市南屯區豐樂里,臺中市,南屯區,豐樂里,158,352,409,761,4,765,0,765,637,"1,402",54.56
臺中市南屯區豐樂里,臺中市,南屯區,豐樂里,159,397,412,809,5,814,0,814,555,"1,369",59.46
臺中市南屯區豐樂里,臺中市,南屯區,豐樂里,160,408,452,860,3,863,0,863,576,"1,439",59.97
臺中市南屯區豐樂里,臺中市,南屯區,豐樂里,161,356,452,808,6,814,0,814,527,"1,341",60.7
臺中市南屯區鎮平里,臺中市,南屯區,鎮平里,169,388,344,732,2,734,0,734,479,"1,213",60.51
臺中市南屯區寶山里,臺中市,南屯區,寶山里,187,340,359,699,5,704,0,704,538,"1,242",56.68
臺中市南屯區寶山里,臺中市,南屯區,寶山里,188,285,348,633,1,634,0,634,540,"1,174",54
臺中市南屯區寶山里,臺中市,南屯區,寶山里,189,333,402,735,6,741,0,741,578,"1,319",56.18
臺中市南屯區寶山里,臺中市,南屯區,寶山里,190,331,435,766,1,767,0,767,590,"1,357",56.52
臺中市南區工學里,臺中市,南區,工學里,759,339,481,820,5,825,0,825,621,"1,446",57.05
臺中市南區工學里,臺中市,南區,工學里,760,305,468,773,0,773,0,773,561,"1,334",57.95
臺中市南區工學里,臺中市,南區,工學里,761,318,449,767,3,770,0,770,514,"1,284",59.97
臺中市南區工學里,臺中市,南區,工學里,762,353,499,852,5,857,0,857,499,"1,356",63.2
臺中市南區工學里,臺中市,南區,工學里,763,357,466,823,2,825,0,825,573,"1,398",59.01
臺中市南區平和里,臺中市,南區,平和里,732,364,295,659,7,666,0,666,402,"1,068",62.36
臺中市南區平和里,臺中市,南區,平和里,733,361,354,715,6,721,0,721,461,"1,182",61
臺中市南區平和里,臺中市,南區,平和里,734,295,359,654,7,661,0,661,450,"1,111",59.5
臺中市南區永和里,臺中市,南區,永和里,746,293,331,624,5,629,0,629,478,"1,107",56.82
臺中市南區永和里,臺中市,南區,永和里,747,230,319,549,3,552,0,552,502,"1,054",52.37
臺中市南區永和里,臺中市,南區,永和里,748,262,332,594,10,604,0,604,502,"1,106",54.61
臺中市南區永和里,臺中市,南區,永和里,749,286,441,727,5,732,0,732,561,"1,293",56.61
臺中市南區永興里,臺中市,南區,永興里,740,365,426,791,3,794,0,794,553,"1,347",58.95
臺中市南區永興里,臺中市,南區,永興里,741,345,420,765,2,767,0,767,547,"1,314",58.37
臺中市南區永興里,臺中市,南區,永興里,742,328,445,773,5,778,0,778,494,"1,272",61.16
臺中市南區永興里,臺中市,南區,永興里,743,349,449,798,3,801,0,801,569,"1,370",58.47
臺中市南區永興里,臺中市,南區,永興里,744,277,405,682,3,685,0,685,571,"1,256",54.54
臺中市南區永興里,臺中市,南區,永興里,745,374,458,832,3,835,0,835,534,"1,369",60.99
臺中市南區江川里,臺中市,南區,江川里,712,332,362,694,3,697,0,697,460,"1,157",60.24
臺中市南區江川里,臺中市,南區,江川里,713,429,510,939,6,945,0,945,563,"1,508",62.67
臺中市南區西川里,臺中市,南區,西川里,771,357,535,892,2,894,0,894,561,"1,455",61.44
臺中市南區西川里,臺中市,南區,西川里,772,345,429,774,4,778,0,778,514,"1,292",60.22
臺中市南區西川里,臺中市,南區,西川里,773,373,442,815,10,825,0,825,519,"1,344",61.38
臺中市南區和平里,臺中市,南區,和平里,729,267,377,644,2,646,0,646,555,"1,201",53.79
臺中市南區和平里,臺中市,南區,和平里,730,463,548,"1,011",6,"1,017",0,"1,017",809,"1,826",55.7
臺中市南區和平里,臺中市,南區,和平里,731,328,440,768,4,772,0,772,691,"1,463",52.77
臺中市南區長春里,臺中市,南區,長春里,695,250,254,504,3,507,0,507,377,884,57.35
臺中市南區長春里,臺中市,南區,長春里,696,239,283,522,3,525,0,525,320,845,62.13
臺中市南區長榮里,臺中市,南區,長榮里,697,308,362,670,5,675,1,676,435,"1,111",60.76
臺中市南區長榮里,臺中市,南區,長榮里,698,357,384,741,5,746,0,746,411,"1,157",64.48
臺中市南區南和里,臺中市,南區,南和里,735,373,500,873,2,875,0,875,532,"1,407",62.19
臺中市南區南和里,臺中市,南區,南和里,736,356,457,813,9,822,0,822,"1,136","1,958",41.98
臺中市南區南和里,臺中市,南區,南和里,737,321,433,754,4,758,0,758,531,"1,289",58.81
臺中市南區南和里,臺中市,南區,南和里,738,287,482,769,8,777,0,777,548,"1,325",58.64
臺中市南區南和里,臺中市,南區,南和里,739,334,398,732,2,734,0,734,518,"1,252",58.63
臺中市南區南門里,臺中市,南區,南門里,705,337,325,662,7,669,0,669,403,"1,072",62.41
臺中市南區南門里,臺中市,南區,南門里,706,345,393,738,3,741,0,741,544,"1,285",57.67
臺中市南區南門里,臺中市,南區,南門里,707,285,278,563,4,567,0,567,477,"1,044",54.31
臺中市南區城隍里,臺中市,南區,城隍里,699,302,360,662,3,665,1,666,413,"1,079",61.63
臺中市南區城隍里,臺中市,南區,城隍里,700,366,371,737,0,737,0,737,465,"1,202",61.31
臺中市南區城隍里,臺中市,南區,城隍里,701,290,338,628,4,632,0,632,459,"1,091",57.93
臺中市南區國光里,臺中市,南區,國光里,702,338,354,692,5,697,0,697,477,"1,174",59.37
臺中市南區國光里,臺中市,南區,國光里,703,365,333,698,2,700,0,700,485,"1,185",59.07
臺中市南區國光里,臺中市,南區,國光里,704,351,358,709,4,713,0,713,529,"1,242",57.41
臺中市南區崇倫里,臺中市,南區,崇倫里,774,373,448,821,6,827,0,827,538,"1,365",60.59
臺中市南區崇倫里,臺中市,南區,崇倫里,775,369,408,777,8,785,0,785,467,"1,252",62.7
臺中市南區崇倫里,臺中市,南區,崇倫里,776,373,420,793,3,796,0,796,524,"1,320",60.3
臺中市南區崇倫里,臺中市,南區,崇倫里,777,348,480,828,5,833,0,833,603,"1,436",58.01
臺中市南區新榮里,臺中市,南區,新榮里,714,353,400,753,5,758,0,758,491,"1,249",60.69
臺中市南區新榮里,臺中市,南區,新榮里,715,274,422,696,1,697,0,697,539,"1,236",56.39
臺中市南區新榮里,臺中市,南區,新榮里,716,275,361,636,2,638,0,638,554,"1,192",53.52
臺中市南區新榮里,臺中市,南區,新榮里,717,238,389,627,1,628,0,628,551,"1,179",53.27
臺中市南區福平里,臺中市,南區,福平里,721,314,375,689,6,695,0,695,541,"1,236",56.23
臺中市南區福平里,臺中市,南區,福平里,722,410,421,831,4,835,0,835,537,"1,372",60.86
臺中市南區福平里,臺中市,南區,福平里,723,368,380,748,3,751,0,751,584,"1,335",56.25
臺中市南區福平里,臺中市,南區,福平里,724,326,406,732,3,735,0,735,537,"1,272",57.78
臺中市南區福順里,臺中市,南區,福順里,725,379,490,869,4,873,0,873,594,"1,467",59.51
臺中市南區福順里,臺中市,南區,福順里,726,372,454,826,4,830,0,830,554,"1,384",59.97
臺中市南區福順里,臺中市,南區,福順里,727,338,413,751,3,754,0,754,547,"1,301",57.96
臺中市南區福順里,臺中市,南區,福順里,728,327,490,817,4,821,0,821,683,"1,504",54.59
臺中市南區福興里,臺中市,南區,福興里,718,365,440,805,3,808,0,808,463,"1,271",63.57
臺中市南區福興里,臺中市,南區,福興里,719,374,372,746,4,750,0,750,443,"1,193",62.87
臺中市南區福興里,臺中市,南區,福興里,720,314,389,703,3,706,0,706,510,"1,216",58.06
臺中市南區德義里,臺中市,南區,德義里,708,344,480,824,8,832,0,832,499,"1,331",62.51
臺中市南區德義里,臺中市,南區,德義里,709,406,445,851,11,862,0,862,613,"1,475",58.44
臺中市南區樹義里,臺中市,南區,樹義里,750,347,410,757,2,759,0,759,590,"1,349",56.26
臺中市南區樹義里,臺中市,南區,樹義里,751,387,502,889,3,892,0,892,641,"1,533",58.19
臺中市南區樹義里,臺中市,南區,樹義里,752,337,448,785,5,790,0,790,545,"1,335",59.18
臺中市南區樹義里,臺中市,南區,樹義里,753,318,516,834,5,839,0,839,625,"1,464",57.31
臺中市南區樹義里,臺中市,南區,樹義里,754,396,508,904,2,906,0,906,539,"1,445",62.7
臺中市南區樹義里,臺中市,南區,樹義里,755,338,437,775,2,777,0,777,500,"1,277",60.85
臺中市南區樹義里,臺中市,南區,樹義里,756,330,447,777,2,779,0,779,596,"1,375",56.65
臺中市南區樹義里,臺中市,南區,樹義里,757,325,406,731,0,731,0,731,460,"1,191",61.38
臺中市南區樹義里,臺中市,南區,樹義里,758,295,489,784,6,790,0,790,459,"1,249",63.25
臺中市南區樹德里,臺中市,南區,樹德里,764,355,523,878,4,882,0,882,604,"1,486",59.35
臺中市南區樹德里,臺中市,南區,樹德里,765,298,480,778,7,785,0,785,470,"1,255",62.55
臺中市南區樹德里,臺中市,南區,樹德里,766,314,468,782,3,785,0,785,481,"1,266",62.01
臺中市南區樹德里,臺中市,南區,樹德里,767,308,437,745,3,748,0,748,539,"1,287",58.12
臺中市南區樹德里,臺中市,南區,樹德里,768,302,441,743,6,749,0,749,464,"1,213",61.75
臺中市南區樹德里,臺中市,南區,樹德里,769,334,451,785,5,790,0,790,436,"1,226",64.44
臺中市南區樹德里,臺中市,南區,樹德里,770,217,369,586,1,587,0,587,418,"1,005",58.41
臺中市南區積善里,臺中市,南區,積善里,710,344,330,674,7,681,0,681,430,"1,111",61.3
臺中市南區積善里,臺中市,南區,積善里,711,382,396,778,4,782,0,782,517,"1,299",60.2
臺北市大安區大學里,臺北市,大安區,大學里,622,391,462,853,3,856,0,856,597,"1,453",58.91
臺北市大安區大學里,臺北市,大安區,大學里,623,346,452,798,1,799,0,799,548,"1,347",59.32
臺北市大安區大學里,臺北市,大安區,大學里,624,366,426,792,6,798,0,798,506,"1,304",61.2
臺北市大安區大學里,臺北市,大安區,大學里,625,346,454,800,5,805,0,805,614,"1,419",56.73
臺北市大安區大學里,臺北市,大安區,大學里,626,367,408,775,3,778,0,778,463,"1,241",62.69
臺北市大安區仁愛里,臺北市,大安區,仁愛里,498,267,273,540,0,540,0,540,485,"1,025",52.68
臺北市大安區仁愛里,臺北市,大安區,仁愛里,499,251,296,547,1,548,0,548,484,"1,032",53.1
臺北市大安區仁愛里,臺北市,大安區,仁愛里,500,222,324,546,3,549,0,549,490,"1,039",52.84
臺北市大安區仁愛里,臺北市,大安區,仁愛里,501,214,243,457,2,459,0,459,410,869,52.82
臺北市大安區仁慈里,臺北市,大安區,仁慈里,486,409,417,826,3,829,0,829,576,"1,405",59
臺北市大安區仁慈里,臺北市,大安區,仁慈里,487,344,335,679,4,683,0,683,520,"1,203",56.77
臺北市大安區仁慈里,臺北市,大安區,仁慈里,488,436,455,891,4,895,0,895,584,"1,479",60.51
臺北市大安區古風里,臺北市,大安區,古風里,527,281,336,617,3,620,0,620,420,"1,040",59.62
臺北市大安區古風里,臺北市,大安區,古風里,528,306,398,704,1,705,0,705,494,"1,199",58.8
臺北市大安區古風里,臺北市,大安區,古風里,529,273,320,593,3,596,0,596,406,"1,002",59.48
臺北市大安區古莊里,臺北市,大安區,古莊里,530,300,364,664,1,665,0,665,481,"1,146",58.03
臺北市大安區古莊里,臺北市,大安區,古莊里,531,283,441,724,8,732,0,732,538,"1,270",57.64
臺北市大安區古莊里,臺北市,大安區,古莊里,532,289,391,680,2,682,0,682,480,"1,162",58.69
臺北市大安區古莊里,臺北市,大安區,古莊里,533,310,328,638,3,641,0,641,511,"1,152",55.64
臺北市大安區古莊里,臺北市,大安區,古莊里,534,320,353,673,2,675,0,675,556,"1,231",54.83
臺北市大安區正聲里,臺北市,大安區,正聲里,654,253,407,660,3,663,0,663,508,"1,171",56.62
臺北市大安區正聲里,臺北市,大安區,正聲里,655,259,403,662,3,665,0,665,509,"1,174",56.64
臺北市大安區正聲里,臺北市,大安區,正聲里,656,290,371,661,0,661,0,661,555,"1,216",54.36
臺北市大安區民炤里,臺北市,大安區,民炤里,493,322,319,641,3,644,0,644,467,"1,111",57.97
臺北市大安區民炤里,臺北市,大安區,民炤里,494,324,316,640,4,644,0,644,519,"1,163",55.37
臺北市大安區民炤里,臺北市,大安區,民炤里,495,416,335,751,5,756,0,756,552,"1,308",57.8
臺北市大安區民炤里,臺北市,大安區,民炤里,496,302,463,765,3,768,0,768,555,"1,323",58.05
臺北市大安區民炤里,臺北市,大安區,民炤里,497,325,430,755,6,761,0,761,592,"1,353",56.25
臺北市大安區民輝里,臺北市,大安區,民輝里,506,378,439,817,5,822,0,822,643,"1,465",56.11
臺北市大安區民輝里,臺北市,大安區,民輝里,507,303,351,654,3,657,0,657,519,"1,176",55.87
臺北市大安區民輝里,臺北市,大安區,民輝里,508,320,369,689,1,690,0,690,555,"1,245",55.42
臺北市大安區民輝里,臺北市,大安區,民輝里,509,347,430,777,6,783,0,783,628,"1,411",55.49
臺北市大安區永康里,臺北市,大安區,永康里,547,238,306,544,2,546,0,546,375,921,59.28
臺北市大安區永康里,臺北市,大安區,永康里,548,190,338,528,3,531,0,531,361,892,59.53
臺北市大安區永康里,臺北市,大安區,永康里,549,248,310,558,2,560,0,560,442,"1,002",55.89
臺北市大安區光明里,臺北市,大安區,光明里,550,342,487,829,2,831,0,831,593,"1,424",58.36
臺北市大安區光明里,臺北市,大安區,光明里,551,395,396,791,3,794,1,795,584,"1,379",57.58
臺北市大安區光武里,臺北市,大安區,光武里,515,264,368,632,1,633,0,633,637,"1,270",49.84
臺北市大安區光武里,臺北市,大安區,光武里,516,329,360,689,4,693,0,693,542,"1,235",56.11
臺北市大安區光武里,臺北市,大安區,光武里,517,298,352,650,3,653,0,653,508,"1,161",56.24
臺北市大安區光武里,臺北市,大安區,光武里,518,300,315,615,0,615,0,615,532,"1,147",53.62
臺北市大安區光武里,臺北市,大安區,光武里,519,276,372,648,2,650,0,650,509,"1,159",56.08
臺北市大安區光信里,臺北市,大安區,光信里,668,342,489,831,5,836,0,836,553,"1,389",60.19
臺北市大安區光信里,臺北市,大安區,光信里,669,285,284,569,4,573,0,573,364,937,61.15
臺北市大安區光信里,臺北市,大安區,光信里,670,262,393,655,6,661,0,661,505,"1,166",56.69
臺北市大安區光信里,臺北市,大安區,光信里,671,265,377,642,2,644,0,644,492,"1,136",56.69
臺北市大安區光信里,臺北市,大安區,光信里,672,331,366,697,6,703,0,703,451,"1,154",60.92
臺北市大安區全安里,臺北市,大安區,全安里,596,248,368,616,2,618,0,618,463,"1,081",57.17
臺北市大安區全安里,臺北市,大安區,全安里,597,268,388,656,5,661,1,662,461,"1,123",58.86
臺北市大安區全安里,臺北市,大安區,全安里,598,273,371,644,1,645,0,645,523,"1,168",55.22
臺北市大安區住安里,臺北市,大安區,住安里,575,369,391,760,5,765,0,765,532,"1,297",58.98
臺北市大安區住安里,臺北市,大安區,住安里,576,268,410,678,1,679,0,679,574,"1,253",54.19
臺北市大安區住安里,臺北市,大安區,住安里,577,291,462,753,7,760,0,760,575,"1,335",56.93
臺北市大安區車層里,臺北市,大安區,車層里,664,334,346,680,2,682,0,682,498,"1,180",57.8
臺北市大安區車層里,臺北市,大安區,車層里,665,284,351,635,2,637,0,637,579,"1,216",52.38
臺北市大安區車層里,臺北市,大安區,車層里,666,301,392,693,1,694,0,694,575,"1,269",54.69
臺北市大安區車層里,臺北市,大安區,車層里,667,337,371,708,4,712,0,712,554,"1,266",56.24
臺北市大安區和安里,臺北市,大安區,和安里,489,318,379,697,0,697,0,697,567,"1,264",55.14
臺北市大安區和安里,臺北市,大安區,和安里,490,369,462,831,2,833,4,837,535,"1,372",60.71
臺北市大安區和安里,臺北市,大安區,和安里,491,287,417,704,1,705,0,705,500,"1,205",58.51
臺北市大安區和安里,臺北市,大安區,和安里,492,270,445,715,3,718,0,718,611,"1,329",54.03
臺北市大安區昌隆里,臺北市,大安區,昌隆里,510,389,414,803,2,805,0,805,591,"1,396",57.66
臺北市大安區昌隆里,臺北市,大安區,昌隆里,511,356,381,737,0,737,0,737,443,"1,180",62.46
臺北市大安區法治里,臺北市,大安區,法治里,593,259,404,663,4,667,0,667,406,"1,073",62.16
臺北市大安區法治里,臺北市,大安區,法治里,594,262,573,835,3,838,0,838,501,"1,339",62.58
臺北市大安區法治里,臺北市,大安區,法治里,595,288,387,675,2,677,0,677,475,"1,152",58.77
臺北市大安區臥龍里,臺北市,大安區,臥龍里,611,175,301,476,1,477,0,477,341,818,58.31
臺北市大安區臥龍里,臺北市,大安區,臥龍里,612,195,300,495,2,497,0,497,305,802,61.97
臺北市大安區芳和里,臺北市,大安區,芳和里,627,301,427,728,11,739,0,739,468,"1,207",61.23
臺北市大安區芳和里,臺北市,大安區,芳和里,628,247,365,612,2,614,0,614,400,"1,014",60.55
臺北市大安區芳和里,臺北市,大安區,芳和里,629,299,383,682,2,684,0,684,445,"1,129",60.58
臺北市大安區芳和里,臺北市,大安區,芳和里,630,303,405,708,10,718,0,718,491,"1,209",59.39
臺北市大安區虎嘯里,臺北市,大安區,虎嘯里,608,235,349,584,3,587,0,587,406,993,59.11
臺北市大安區虎嘯里,臺北市,大安區,虎嘯里,609,257,325,582,2,584,0,584,384,968,60.33
臺北市大安區虎嘯里,臺北市,大安區,虎嘯里,610,249,371,620,4,624,1,625,427,"1,052",59.32
臺北市大安區建安里,臺北市,大安區,建安里,643,288,412,700,5,705,0,705,510,"1,215",58.02
臺北市大安區建安里,臺北市,大安區,建安里,644,319,405,724,2,726,0,726,535,"1,261",57.57
臺北市大安區建安里,臺北市,大安區,建安里,645,293,380,673,3,676,0,676,604,"1,280",52.81
臺北市大安區建倫里,臺北市,大安區,建倫里,646,264,301,565,1,566,0,566,557,"1,123",50.4
臺北市大安區建倫里,臺北市,大安區,建倫里,647,292,350,642,1,643,0,643,599,"1,242",51.77
臺北市大安區建倫里,臺北市,大安區,建倫里,648,279,369,648,2,650,0,650,542,"1,192",54.53
臺北市大安區建倫里,臺北市,大安區,建倫里,649,289,384,673,3,676,0,676,506,"1,182",57.19
臺北市大安區通化里,臺北市,大安區,通化里,582,339,349,688,4,692,0,692,528,"1,220",56.72
臺北市大安區通化里,臺北市,大安區,通化里,583,261,373,634,4,638,1,639,477,"1,116",57.17
臺北市大安區通化里,臺北市,大安區,通化里,584,351,369,720,4,724,0,724,469,"1,193",60.69
臺北市大安區通化里,臺北市,大安區,通化里,585,337,330,667,3,670,0,670,505,"1,175",57.02
臺北市大安區通安里,臺北市,大安區,通安里,586,252,370,622,2,624,0,624,395,"1,019",61.24
臺北市大安區通安里,臺北市,大安區,通安里,587,280,302,582,5,587,0,587,359,946,62.05
臺北市大安區通安里,臺北市,大安區,通安里,588,279,400,679,1,680,0,680,534,"1,214",56.01
臺北市大安區通安里,臺北市,大安區,通安里,589,336,383,719,4,723,0,723,436,"1,159",62.38
臺北市大安區敦安里,臺北市,大安區,敦安里,650,302,334,636,5,641,2,643,531,"1,174",54.6
臺北市大安區敦安里,臺北市,大安區,敦安里,651,345,342,687,1,688,0,688,540,"1,228",56.03
臺北市大安區敦安里,臺北市,大安區,敦安里,652,271,321,592,7,599,0,599,581,"1,180",50.76
臺北市大安區敦安里,臺北市,大安區,敦安里,653,306,376,682,1,683,0,683,532,"1,215",56.21
臺北市大安區敦煌里,臺北市,大安區,敦煌里,657,271,356,627,2,629,1,630,493,"1,123",56.01
臺北市大安區敦煌里,臺北市,大安區,敦煌里,658,293,351,644,5,649,0,649,564,"1,213",53.5
臺北市大安區敦煌里,臺北市,大安區,敦煌里,659,341,330,671,4,675,0,675,455,"1,130",59.73
臺北市大安區敦煌里,臺北市,大安區,敦煌里,660,295,350,645,2,647,0,647,553,"1,200",53.92
臺北市大安區華聲里,臺北市,大安區,華聲里,661,308,343,651,1,652,0,652,493,"1,145",56.94
臺北市大安區華聲里,臺北市,大安區,華聲里,662,212,336,548,2,550,0,550,521,"1,071",51.35
臺北市大安區華聲里,臺北市,大安區,華聲里,663,291,314,605,2,607,0,607,430,"1,037",58.53
臺北市大安區新龍里,臺北市,大安區,新龍里,562,298,472,770,7,777,0,777,485,"1,262",61.57
臺北市大安區新龍里,臺北市,大安區,新龍里,563,269,552,821,5,826,0,826,464,"1,290",64.03
臺北市大安區新龍里,臺北市,大安區,新龍里,564,261,524,785,0,785,0,785,554,"1,339",58.63
臺北市大安區新龍里,臺北市,大安區,新龍里,565,209,614,823,1,824,0,824,505,"1,329",62
臺北市大安區群英里,臺北市,大安區,群英里,603,139,549,688,1,689,0,689,412,"1,101",62.58
臺北市大安區群英里,臺北市,大安區,群英里,604,175,459,634,2,636,0,636,385,"1,021",62.29
臺北市大安區群英里,臺北市,大安區,群英里,605,192,470,662,1,663,0,663,425,"1,088",60.94
臺北市大安區群英里,臺北市,大安區,群英里,606,248,534,782,6,788,0,788,439,"1,227",64.22
臺北市大安區群英里,臺北市,大安區,群英里,607,228,512,740,4,744,0,744,439,"1,183",62.89
臺北市大安區群賢里,臺北市,大安區,群賢里,599,294,411,705,3,708,0,708,527,"1,235",57.33
臺北市大安區群賢里,臺北市,大安區,群賢里,600,229,343,572,1,573,0,573,360,933,61.41
臺北市大安區群賢里,臺北市,大安區,群賢里,601,259,426,685,2,687,0,687,522,"1,209",56.82
臺北市大安區群賢里,臺北市,大安區,群賢里,602,223,405,628,2,630,0,630,497,"1,127",55.9
臺北市大安區義安里,臺北市,大安區,義安里,578,257,339,596,2,598,0,598,520,"1,118",53.49
臺北市大安區義安里,臺北市,大安區,義安里,579,224,354,578,1,579,0,579,427,"1,006",57.55
臺北市大安區義安里,臺北市,大安區,義安里,580,260,391,651,3,654,0,654,449,"1,103",59.29
臺北市大安區義安里,臺北市,大安區,義安里,581,226,337,563,3,566,0,566,510,"1,076",52.6
臺北市大安區義村里,臺北市,大安區,義村里,502,135,388,523,1,524,0,524,370,894,58.61
臺北市大安區義村里,臺北市,大安區,義村里,503,261,483,744,3,747,0,747,476,"1,223",61.08
臺北市大安區義村里,臺北市,大安區,義村里,504,146,561,707,2,709,0,709,450,"1,159",61.17
臺北市大安區義村里,臺北市,大安區,義村里,505,377,344,721,1,722,0,722,455,"1,177",61.34
臺北市大安區誠安里,臺北市,大安區,誠安里,512,333,324,657,1,658,0,658,483,"1,141",57.67
臺北市大安區誠安里,臺北市,大安區,誠安里,513,278,314,592,1,593,0,593,479,"1,072",55.32
臺北市大安區誠安里,臺北市,大安區,誠安里,514,271,311,582,1,583,0,583,465,"1,048",55.63
臺北市大安區福住里,臺北市,大安區,福住里,543,328,370,698,3,701,0,701,506,"1,207",58.08
臺北市大安區福住里,臺北市,大安區,福住里,544,296,352,648,1,649,0,649,550,"1,199",54.13
臺北市大安區福住里,臺北市,大安區,福住里,545,305,382,687,2,689,0,689,488,"1,177",58.54
臺北市大安區福住里,臺北市,大安區,福住里,546,325,296,621,3,624,0,624,488,"1,112",56.12
臺北市大安區德安里,臺北市,大安區,德安里,482,253,347,600,4,604,0,604,501,"1,105",54.66
臺北市大安區德安里,臺北市,大安區,德安里,483,238,309,547,6,553,0,553,472,"1,025",53.95
臺北市大安區德安里,臺北市,大安區,德安里,484,259,384,643,2,645,0,645,461,"1,106",58.32
臺北市大安區德安里,臺北市,大安區,德安里,485,237,421,658,1,659,0,659,447,"1,106",59.58
臺北市大安區黎元里,臺北市,大安區,黎元里,631,287,429,716,7,723,0,723,473,"1,196",60.45
臺北市大安區黎元里,臺北市,大安區,黎元里,632,264,354,618,0,618,0,618,395,"1,013",61.01
臺北市大安區黎元里,臺北市,大安區,黎元里,633,267,337,604,5,609,1,610,361,971,62.72
臺北市大安區黎元里,臺北市,大安區,黎元里,634,271,394,665,2,667,0,667,505,"1,172",56.91
臺北市大安區黎孝里,臺北市,大安區,黎孝里,635,368,445,813,4,817,0,817,520,"1,337",61.11
臺北市大安區黎孝里,臺北市,大安區,黎孝里,636,317,437,754,5,759,0,759,428,"1,187",63.94
臺北市大安區黎孝里,臺北市,大安區,黎孝里,637,275,474,749,2,751,0,751,471,"1,222",61.46
臺北市大安區黎孝里,臺北市,大安區,黎孝里,638,310,434,744,4,748,0,748,409,"1,157",64.65
臺北市大安區黎孝里,臺北市,大安區,黎孝里,639,324,440,764,1,765,0,765,464,"1,229",62.25
臺北市大安區黎和里,臺北市,大安區,黎和里,640,350,490,840,7,847,0,847,582,"1,429",59.27
臺北市大安區黎和里,臺北市,大安區,黎和里,641,262,403,665,1,666,0,666,462,"1,128",59.04
臺北市大安區黎和里,臺北市,大安區,黎和里,642,315,573,888,2,890,0,890,505,"1,395",63.8
臺北市大安區學府里,臺北市,大安區,學府里,673,123,266,389,5,394,1,395,316,711,55.41
臺北市大安區學府里,臺北市,大安區,學府里,674,119,172,291,4,295,0,295,246,541,54.53
臺北市大安區學府里,臺北市,大安區,學府里,675,127,154,281,2,283,0,283,226,509,55.6
臺北市大安區錦安里,臺北市,大安區,錦安里,539,238,382,620,0,620,0,620,413,"1,033",60.02
臺北市大安區錦安里,臺北市,大安區,錦安里,540,349,398,747,7,754,0,754,531,"1,285",58.68
臺北市大安區錦安里,臺北市,大安區,錦安里,541,302,343,645,4,649,0,649,463,"1,112",58.36
臺北市大安區錦安里,臺北市,大安區,錦安里,542,336,328,664,1,665,0,665,469,"1,134",58.64
臺北市大安區錦泰里,臺北市,大安區,錦泰里,552,349,482,831,3,834,0,834,573,"1,407",59.28
臺北市大安區錦泰里,臺北市,大安區,錦泰里,553,378,471,849,1,850,0,850,631,"1,481",57.39
臺北市大安區錦華里,臺北市,大安區,錦華里,554,237,310,547,0,547,0,547,406,953,57.4
臺北市大安區錦華里,臺北市,大安區,錦華里,555,260,369,629,1,630,0,630,357,987,63.83
臺北市大安區錦華里,臺北市,大安區,錦華里,556,295,353,648,2,650,0,650,507,"1,157",56.18
臺北市大安區錦華里,臺北市,大安區,錦華里,557,317,405,722,3,725,0,725,495,"1,220",59.43
臺北市大安區龍生里,臺北市,大安區,龍生里,571,351,456,807,6,813,0,813,543,"1,356",59.96
臺北市大安區龍生里,臺北市,大安區,龍生里,572,323,463,786,2,788,0,788,557,"1,345",58.59
臺北市大安區龍生里,臺北市,大安區,龍生里,573,321,405,726,4,730,0,730,513,"1,243",58.73
臺北市大安區龍生里,臺北市,大安區,龍生里,574,324,458,782,3,785,0,785,504,"1,289",60.9
臺北市大安區龍安里,臺北市,大安區,龍安里,535,314,329,643,1,644,0,644,504,"1,148",56.1
臺北市大安區龍安里,臺北市,大安區,龍安里,536,338,381,719,4,723,0,723,509,"1,232",58.69
臺北市大安區龍安里,臺北市,大安區,龍安里,537,389,456,845,2,847,0,847,549,"1,396",60.67
臺北市大安區龍安里,臺北市,大安區,龍安里,538,259,322,581,5,586,0,586,"1,835","2,421",24.2
臺北市大安區龍坡里,臺北市,大安區,龍坡里,520,293,292,585,4,589,0,589,414,"1,003",58.72
臺北市大安區龍坡里,臺北市,大安區,龍坡里,521,340,371,711,0,711,0,711,491,"1,202",59.15
臺北市大安區龍坡里,臺北市,大安區,龍坡里,522,365,385,750,4,754,0,754,491,"1,245",60.56
臺北市大安區龍坡里,臺北市,大安區,龍坡里,523,229,370,599,2,601,0,601,404,"1,005",59.8
臺北市大安區龍門里,臺北市,大安區,龍門里,619,319,318,637,7,644,0,644,496,"1,140",56.49
臺北市大安區龍門里,臺北市,大安區,龍門里,620,295,291,586,2,588,0,588,400,988,59.51
臺北市大安區龍門里,臺北市,大安區,龍門里,621,291,377,668,1,669,0,669,469,"1,138",58.79
臺北市大安區龍泉里,臺北市,大安區,龍泉里,524,329,402,731,3,734,0,734,546,"1,280",57.34
臺北市大安區龍泉里,臺北市,大安區,龍泉里,525,355,393,748,1,749,0,749,547,"1,296",57.79
臺北市大安區龍泉里,臺北市,大安區,龍泉里,526,344,372,716,5,721,0,721,519,"1,240",58.15
臺北市大安區龍陣里,臺北市,大安區,龍陣里,566,358,497,855,4,859,0,859,584,"1,443",59.53
臺北市大安區龍陣里,臺北市,大安區,龍陣里,567,342,441,783,7,790,1,791,528,"1,319",59.89
臺北市大安區龍淵里,臺北市,大安區,龍淵里,613,319,385,704,0,704,0,704,464,"1,168",60.27
臺北市大安區龍淵里,臺北市,大安區,龍淵里,614,317,383,700,3,703,0,703,481,"1,184",59.38
臺北市大安區龍淵里,臺北市,大安區,龍淵里,615,290,331,621,3,624,0,624,402,"1,026",60.82
臺北市大安區龍淵里,臺北市,大安區,龍淵里,616,276,400,676,2,678,0,678,518,"1,196",56.69
臺北市大安區龍淵里,臺北市,大安區,龍淵里,617,351,357,708,1,709,0,709,543,"1,252",56.63
臺北市大安區龍淵里,臺北市,大安區,龍淵里,618,305,363,668,4,672,0,672,483,"1,155",58.18
臺北市大安區龍雲里,臺北市,大安區,龍雲里,568,314,417,731,4,735,0,735,489,"1,224",60.05
臺北市大安區龍雲里,臺北市,大安區,龍雲里,569,333,402,735,4,739,0,739,504,"1,243",59.45
臺北市大安區龍雲里,臺北市,大安區,龍雲里,570,309,402,711,5,716,0,716,549,"1,265",56.6
臺北市大安區龍圖里,臺北市,大安區,龍圖里,558,252,403,655,0,655,0,655,577,"1,232",53.17
臺北市大安區龍圖里,臺北市,大安區,龍圖里,559,362,469,831,8,839,0,839,605,"1,444",58.1
臺北市大安區龍圖里,臺北市,大安區,龍圖里,560,316,427,743,3,746,0,746,546,"1,292",57.74
臺北市大安區龍圖里,臺北市,大安區,龍圖里,561,315,489,804,3,807,0,807,597,"1,404",57.48
臺北市大安區臨江里,臺北市,大安區,臨江里,590,296,370,666,1,667,0,667,523,"1,190",56.05
臺北市大安區臨江里,臺北市,大安區,臨江里,591,287,399,686,1,687,0,687,439,"1,126",61.01
臺北市大安區臨江里,臺北市,大安區,臨江里,592,281,321,602,6,608,0,608,430,"1,038",58.57
臺北市中山區力行里,臺北市,中山區,力行里,147,411,343,754,2,756,0,756,513,"1,269",59.57
臺北市中山區力行里,臺北市,中山區,力行里,148,375,295,670,1,671,0,671,524,"1,195",56.15
臺北市中山區力行里,臺北市,中山區,力行里,149,342,385,727,2,729,0,729,471,"1,200",60.75
臺北市中山區力行里,臺北市,中山區,力行里,150,373,427,800,3,803,0,803,548,"1,351",59.44
臺北市中山區下埤里,臺北市,中山區,下埤里,101,390,387,777,3,780,0,780,510,"1,290",60.47
臺北市中山區下埤里,臺北市,中山區,下埤里,102,361,360,721,1,722,0,722,437,"1,159",62.3
臺北市中山區下埤里,臺北市,中山區,下埤里,103,378,386,764,4,768,0,768,431,"1,199",64.05
臺北市中山區下埤里,臺北市,中山區,下埤里,104,416,379,795,1,796,0,796,431,"1,227",64.87
臺北市中山區下埤里,臺北市,中山區,下埤里,105,406,327,733,3,736,0,736,462,"1,198",61.44
臺北市中山區大佳里,臺北市,中山區,大佳里,88,240,120,360,1,361,0,361,240,601,60.07
臺北市中山區大直里,臺北市,中山區,大直里,48,314,352,666,4,670,0,670,408,"1,078",62.15
臺北市中山區大直里,臺北市,中山區,大直里,49,283,378,661,3,664,0,664,409,"1,073",61.88
臺北市中山區大直里,臺北市,中山區,大直里,50,333,383,716,3,719,0,719,416,"1,135",63.35
臺北市中山區大直里,臺北市,中山區,大直里,51,330,440,770,4,774,0,774,448,"1,222",63.34
臺北市中山區大直里,臺北市,中山區,大直里,52,241,355,596,3,599,0,599,367,966,62.01
臺北市中山區大直里,臺北市,中山區,大直里,53,327,439,766,5,771,0,771,518,"1,289",59.81
臺北市中山區中山里,臺北市,中山區,中山里,15,304,316,620,2,622,0,622,523,"1,145",54.32
臺北市中山區中山里,臺北市,中山區,中山里,16,368,302,670,2,672,0,672,558,"1,230",54.63
臺北市中山區中山里,臺北市,中山區,中山里,17,274,270,544,2,546,0,546,554,"1,100",49.64
臺北市中山區中山里,臺北市,中山區,中山里,18,264,352,616,3,619,0,619,631,"1,250",49.52
臺北市中山區中山里,臺北市,中山區,中山里,19,379,341,720,3,723,0,723,560,"1,283",56.35
臺北市中山區中央里,臺北市,中山區,中央里,128,286,304,590,1,591,0,591,362,953,62.01
臺北市中山區中央里,臺北市,中山區,中央里,129,325,302,627,2,629,0,629,415,"1,044",60.25
臺北市中山區中央里,臺北市,中山區,中央里,130,321,293,614,3,617,0,617,402,"1,019",60.55
臺北市中山區中吉里,臺北市,中山區,中吉里,116,329,304,633,2,635,0,635,449,"1,084",58.58
臺北市中山區中吉里,臺北市,中山區,中吉里,117,380,299,679,4,683,0,683,425,"1,108",61.64
臺北市中山區中吉里,臺北市,中山區,中吉里,118,388,246,634,0,634,0,634,491,"1,125",56.36
臺北市中山區中吉里,臺北市,中山區,中吉里,119,367,274,641,4,645,0,645,443,"1,088",59.28
臺北市中山區中庄里,臺北市,中山區,中庄里,85,454,396,850,3,853,0,853,570,"1,423",59.94
臺北市中山區中庄里,臺北市,中山區,中庄里,86,406,372,778,2,780,0,780,529,"1,309",59.59
臺北市中山區中庄里,臺北市,中山區,中庄里,87,417,405,822,8,830,0,830,576,"1,406",59.03
臺北市中山區中原里,臺北市,中山區,中原里,120,355,278,633,1,634,0,634,417,"1,051",60.32
臺北市中山區中原里,臺北市,中山區,中原里,121,293,298,591,7,598,0,598,343,941,63.55
臺北市中山區中原里,臺北市,中山區,中原里,122,301,308,609,4,613,0,613,410,"1,023",59.92
臺北市中山區中原里,臺北市,中山區,中原里,123,328,313,641,2,643,0,643,398,"1,041",61.77
臺北市中山區北安里,臺北市,中山區,北安里,69,232,405,637,2,639,0,639,408,"1,047",61.03
臺北市中山區北安里,臺北市,中山區,北安里,70,228,257,485,1,486,0,486,338,824,58.98
臺北市中山區正守里,臺北市,中山區,正守里,1,410,445,855,0,855,0,855,598,"1,453",58.84
臺北市中山區正守里,臺北市,中山區,正守里,2,375,345,720,1,721,0,721,520,"1,241",58.1
臺北市中山區正得里,臺北市,中山區,正得里,7,303,310,613,0,613,0,613,479,"1,092",56.14
臺北市中山區正得里,臺北市,中山區,正得里,8,308,336,644,4,648,1,649,477,"1,126",57.55
臺北市中山區正得里,臺北市,中山區,正得里,9,272,301,573,6,579,0,579,435,"1,014",57.1
臺北市中山區正義里,臺北市,中山區,正義里,3,284,324,608,3,611,0,611,556,"1,167",52.36
臺北市中山區正義里,臺北市,中山區,正義里,4,237,294,531,0,531,0,531,461,992,53.53
臺北市中山區正義里,臺北市,中山區,正義里,5,310,323,633,1,634,0,634,598,"1,232",51.46
臺北市中山區正義里,臺北市,中山區,正義里,6,307,323,630,3,633,0,633,430,"1,063",59.55
臺北市中山區民安里,臺北市,中山區,民安里,10,418,324,742,2,744,2,746,532,"1,278",58.22
臺北市中山區民安里,臺北市,中山區,民安里,11,324,271,595,4,599,0,599,457,"1,056",56.72
臺北市中山區民安里,臺北市,中山區,民安里,12,415,352,767,1,768,0,768,551,"1,319",58.23
臺北市中山區永安里,臺北市,中山區,永安里,58,305,386,691,1,692,0,692,484,"1,176",58.84
臺北市中山區永安里,臺北市,中山區,永安里,59,383,441,824,5,829,0,829,531,"1,360",60.96
臺北市中山區永安里,臺北市,中山區,永安里,60,355,330,685,1,686,0,686,441,"1,127",60.87
臺北市中山區永安里,臺北市,中山區,永安里,61,341,380,721,3,724,0,724,524,"1,248",58.01
臺北市中山區永安里,臺北市,中山區,永安里,62,375,416,791,0,791,0,791,512,"1,303",60.71
臺北市中山區永安里,臺北市,中山區,永安里,63,406,382,788,1,789,0,789,496,"1,285",61.4
臺北市中山區成功里,臺北市,中山區,成功里,54,388,386,774,3,777,0,777,483,"1,260",61.67
臺北市中山區成功里,臺北市,中山區,成功里,55,421,393,814,3,817,0,817,486,"1,303",62.7
臺北市中山區成功里,臺北市,中山區,成功里,56,328,372,700,9,709,2,711,590,"1,301",54.5
臺北市中山區成功里,臺北市,中山區,成功里,57,294,341,635,2,637,0,637,543,"1,180",53.98
臺北市中山區朱崙里,臺北市,中山區,朱崙里,145,358,424,782,5,787,0,787,533,"1,320",59.62
臺北市中山區朱崙里,臺北市,中山區,朱崙里,146,364,337,701,2,703,0,703,436,"1,139",61.72
臺北市中山區朱園里,臺北市,中山區,朱園里,139,446,381,827,1,828,0,828,560,"1,388",59.65
臺北市中山區朱園里,臺北市,中山區,朱園里,140,382,362,744,3,747,0,747,568,"1,315",56.81
臺北市中山區朱園里,臺北市,中山區,朱園里,141,336,305,641,0,641,0,641,409,"1,050",61.05
臺北市中山區朱馥里,臺北市,中山區,朱馥里,131,314,367,681,4,685,0,685,556,"1,241",55.2
臺北市中山區朱馥里,臺北市,中山區,朱馥里,132,302,356,658,4,662,0,662,500,"1,162",56.97
臺北市中山區朱馥里,臺北市,中山區,朱馥里,133,291,293,584,3,587,0,587,449,"1,036",56.66
臺北市中山區朱馥里,臺北市,中山區,朱馥里,134,289,327,616,1,617,0,617,501,"1,118",55.19
臺北市中山區江山里,臺北市,中山區,江山里,111,382,374,756,3,759,0,759,464,"1,223",62.06
臺北市中山區江山里,臺北市,中山區,江山里,112,387,359,746,1,747,0,747,468,"1,215",61.48
臺北市中山區江山里,臺北市,中山區,江山里,113,452,297,749,6,755,0,755,465,"1,220",61.89
臺北市中山區江山里,臺北市,中山區,江山里,114,431,322,753,9,762,1,763,420,"1,183",64.41
臺北市中山區江山里,臺北市,中山區,江山里,115,357,366,723,3,726,0,726,440,"1,166",62.26
臺北市中山區江寧里,臺北市,中山區,江寧里,106,351,392,743,1,744,0,744,438,"1,182",62.94
臺北市中山區江寧里,臺北市,中山區,江寧里,107,298,341,639,9,648,0,648,435,"1,083",59.83
臺北市中山區江寧里,臺北市,中山區,江寧里,108,383,365,748,3,751,0,751,469,"1,220",61.56
臺北市中山區江寧里,臺北市,中山區,江寧里,109,326,319,645,2,647,0,647,428,"1,075",60.19
臺北市中山區江寧里,臺北市,中山區,江寧里,110,276,317,593,2,595,0,595,398,993,59.92
臺北市中山區行仁里,臺北市,中山區,行仁里,93,412,355,767,3,770,0,770,428,"1,198",64.27
臺北市中山區行仁里,臺北市,中山區,行仁里,94,466,402,868,9,877,0,877,586,"1,463",59.95
臺北市中山區行仁里,臺北市,中山區,行仁里,95,365,344,709,0,709,0,709,494,"1,203",58.94
臺北市中山區行仁里,臺北市,中山區,行仁里,96,359,345,704,3,707,0,707,471,"1,178",60.02
臺北市中山區行仁里,臺北市,中山區,行仁里,97,377,367,744,1,745,0,745,482,"1,227",60.72
臺北市中山區行孝里,臺北市,中山區,行孝里,98,445,424,869,1,870,0,870,529,"1,399",62.19
臺北市中山區行孝里,臺北市,中山區,行孝里,99,299,291,590,3,593,0,593,448,"1,041",56.96
臺北市中山區行孝里,臺北市,中山區,行孝里,100,376,338,714,5,719,0,719,464,"1,183",60.78
臺北市中山區行政里,臺北市,中山區,行政里,89,305,282,587,3,590,0,590,341,931,63.37
臺北市中山區行政里,臺北市,中山區,行政里,90,291,355,646,3,649,0,649,416,"1,065",60.94
臺北市中山區行政里,臺北市,中山區,行政里,91,371,374,745,1,746,0,746,501,"1,247",59.82
臺北市中山區行政里,臺北市,中山區,行政里,92,451,500,951,2,953,0,953,"2,044","2,997",31.8
臺北市中山區松江里,臺北市,中山區,松江里,78,343,319,662,7,669,0,669,506,"1,175",56.94
臺北市中山區松江里,臺北市,中山區,松江里,79,440,354,794,2,796,0,796,526,"1,322",60.21
臺北市中山區松江里,臺北市,中山區,松江里,80,375,387,762,1,763,0,763,456,"1,219",62.59
臺北市中山區松江里,臺北市,中山區,松江里,81,369,395,764,2,766,0,766,525,"1,291",59.33
臺北市中山區金泰里,臺北市,中山區,金泰里,64,300,303,603,5,608,0,608,411,"1,019",59.67
臺北市中山區金泰里,臺北市,中山區,金泰里,65,324,425,749,3,752,0,752,520,"1,272",59.12
臺北市中山區金泰里,臺北市,中山區,金泰里,66,309,379,688,3,691,0,691,631,"1,322",52.27
臺北市中山區金泰里,臺北市,中山區,金泰里,67,394,462,856,7,863,0,863,567,"1,430",60.35
臺北市中山區金泰里,臺北市,中山區,金泰里,68,350,485,835,3,838,0,838,508,"1,346",62.26
臺北市中山區恆安里,臺北市,中山區,恆安里,31,344,290,634,3,637,0,637,471,"1,108",57.49
臺北市中山區恆安里,臺北市,中山區,恆安里,32,314,357,671,2,673,0,673,592,"1,265",53.2
臺北市中山區恆安里,臺北市,中山區,恆安里,33,262,326,588,1,589,0,589,484,"1,073",54.89
臺北市中山區恆安里,臺北市,中山區,恆安里,34,197,237,434,1,435,0,435,443,878,49.54
臺北市中山區埤頭里,臺北市,中山區,埤頭里,142,249,287,536,1,537,0,537,356,893,60.13
臺北市中山區埤頭里,臺北市,中山區,埤頭里,143,238,291,529,3,532,0,532,402,934,56.96
臺北市中山區埤頭里,臺北市,中山區,埤頭里,144,257,267,524,1,525,0,525,412,937,56.03
臺北市中山區康樂里,臺北市,中山區,康樂里,13,270,306,576,3,579,0,579,471,"1,050",55.14
臺北市中山區康樂里,臺北市,中山區,康樂里,14,297,406,703,5,708,0,708,542,"1,250",56.64
臺北市中山區復華里,臺北市,中山區,復華里,151,287,423,710,4,714,0,714,554,"1,268",56.31
臺北市中山區復華里,臺北市,中山區,復華里,152,373,413,786,4,790,0,790,496,"1,286",61.43
臺北市中山區復華里,臺北市,中山區,復華里,153,303,424,727,2,729,0,729,474,"1,203",60.6
臺北市中山區晴光里,臺北市,中山區,晴光里,35,283,336,619,2,621,0,621,563,"1,184",52.45
臺北市中山區晴光里,臺北市,中山區,晴光里,36,242,339,581,1,582,0,582,491,"1,073",54.24
臺北市中山區晴光里,臺北市,中山區,晴光里,37,373,349,722,3,725,0,725,575,"1,300",55.77
臺北市中山區晴光里,臺北市,中山區,晴光里,38,347,360,707,3,710,0,710,611,"1,321",53.75
臺北市中山區集英里,臺北市,中山區,集英里,23,315,222,537,1,538,0,538,450,988,54.45
臺北市中山區集英里,臺北市,中山區,集英里,24,394,270,664,2,666,0,666,446,"1,112",59.89
臺北市中山區集英里,臺北市,中山區,集英里,25,343,308,651,7,658,0,658,551,"1,209",54.43
臺北市中山區集英里,臺北市,中山區,集英里,26,406,307,713,3,716,0,716,594,"1,310",54.66
臺北市中山區集英里,臺北市,中山區,集英里,27,345,343,688,3,691,0,691,508,"1,199",57.63
臺北市中山區圓山里,臺北市,中山區,圓山里,39,326,274,600,3,603,0,603,455,"1,058",56.99
臺北市中山區圓山里,臺北市,中山區,圓山里,40,399,314,713,9,722,0,722,460,"1,182",61.08
臺北市中山區圓山里,臺北市,中山區,圓山里,41,316,306,622,4,626,0,626,515,"1,141",54.86
臺北市中山區新生里,臺北市,中山區,新生里,82,337,361,698,5,703,0,703,423,"1,126",62.43
臺北市中山區新生里,臺北市,中山區,新生里,83,365,299,664,4,668,0,668,478,"1,146",58.29
臺北市中山區新生里,臺北市,中山區,新生里,84,414,395,809,4,813,0,813,548,"1,361",59.74
臺北市中山區新庄里,臺北市,中山區,新庄里,42,381,413,794,4,798,0,798,545,"1,343",59.42
臺北市中山區新庄里,臺北市,中山區,新庄里,43,459,395,854,4,858,0,858,514,"1,372",62.54
臺北市中山區新庄里,臺北市,中山區,新庄里,44,416,366,782,3,785,0,785,440,"1,225",64.08
臺北市中山區新喜里,臺北市,中山區,新喜里,71,266,266,532,1,533,0,533,396,929,57.37
臺北市中山區新喜里,臺北市,中山區,新喜里,72,314,247,561,3,564,0,564,378,942,59.87
臺北市中山區新喜里,臺北市,中山區,新喜里,73,361,285,646,3,649,0,649,411,"1,060",61.23
臺北市中山區新喜里,臺北市,中山區,新喜里,74,328,329,657,2,659,0,659,486,"1,145",57.55
臺北市中山區新福里,臺北市,中山區,新福里,75,553,396,949,1,950,0,950,591,"1,541",61.65
臺北市中山區新福里,臺北市,中山區,新福里,76,381,315,696,2,698,0,698,468,"1,166",59.86
臺北市中山區新福里,臺北市,中山區,新福里,77,427,381,808,2,810,0,810,617,"1,427",56.76
臺北市中山區聚盛里,臺北市,中山區,聚盛里,20,284,303,587,5,592,0,592,591,"1,183",50.04
臺北市中山區聚盛里,臺北市,中山區,聚盛里,21,313,361,674,8,682,0,682,537,"1,219",55.95
臺北市中山區聚盛里,臺北市,中山區,聚盛里,22,214,352,566,3,569,0,569,580,"1,149",49.52
臺北市中山區聚葉里,臺北市,中山區,聚葉里,28,290,289,579,0,579,0,579,492,"1,071",54.06
臺北市中山區聚葉里,臺北市,中山區,聚葉里,29,327,330,657,1,658,0,658,472,"1,130",58.23
臺北市中山區聚葉里,臺北市,中山區,聚葉里,30,275,303,578,3,581,0,581,493,"1,074",54.1
臺北市中山區劍潭里,臺北市,中山區,劍潭里,45,112,442,554,1,555,0,555,348,903,61.46
臺北市中山區劍潭里,臺北市,中山區,劍潭里,46,154,406,560,6,566,0,566,401,967,58.53
臺北市中山區劍潭里,臺北市,中山區,劍潭里,47,134,544,678,1,679,0,679,337,"1,016",66.83
臺北市中山區興亞里,臺北市,中山區,興亞里,124,317,334,651,4,655,0,655,486,"1,141",57.41
臺北市中山區興亞里,臺北市,中山區,興亞里,125,378,310,688,2,690,0,690,436,"1,126",61.28
臺北市中山區興亞里,臺北市,中山區,興亞里,126,349,323,672,3,675,0,675,485,"1,160",58.19
臺北市中山區興亞里,臺北市,中山區,興亞里,127,337,329,666,3,669,0,669,450,"1,119",59.79
臺北市中山區龍洲里,臺北市,中山區,龍洲里,135,247,348,595,2,597,0,597,393,990,60.3
臺北市中山區龍洲里,臺北市,中山區,龍洲里,136,222,430,652,5,657,0,657,376,"1,033",63.6
臺北市中山區龍洲里,臺北市,中山區,龍洲里,137,183,463,646,2,648,0,648,330,978,66.26
臺北市中山區龍洲里,臺北市,中山區,龍洲里,138,183,532,715,3,718,0,718,404,"1,122",63.99
臺北市中正區文盛里,臺北市,中正區,文盛里,1072,318,364,682,3,685,0,685,492,"1,177",58.2
臺北市中正區文盛里,臺北市,中正區,文盛里,1073,211,285,496,0,496,0,496,385,881,56.3
臺北市中正區水源里,臺北市,中正區,水源里,1067,185,240,425,3,428,0,428,376,804,53.23
臺北市中正區水源里,臺北市,中正區,水源里,1068,196,225,421,1,422,0,422,378,800,52.75
臺北市中正區水源里,臺北市,中正區,水源里,1069,190,222,412,2,414,0,414,376,790,52.41
臺北市中正區板溪里,臺北市,中正區,板溪里,1091,199,318,517,3,520,0,520,403,923,56.34
臺北市中正區板溪里,臺北市,中正區,板溪里,1092,210,260,470,3,473,0,473,362,835,56.65
臺北市中正區板溪里,臺北市,中正區,板溪里,1093,224,372,596,4,600,0,600,441,"1,041",57.64
臺北市中正區林興里,臺北市,中正區,林興里,1074,272,292,564,5,569,0,569,465,"1,034",55.03
臺北市中正區林興里,臺北市,中正區,林興里,1075,170,296,466,0,466,0,466,439,905,51.49
臺北市中正區林興里,臺北市,中正區,林興里,1076,208,404,612,3,615,0,615,459,"1,074",57.26
臺北市中正區林興里,臺北市,中正區,林興里,1077,197,284,481,2,483,0,483,372,855,56.49
臺北市中正區河堤里,臺北市,中正區,河堤里,1078,223,286,509,2,511,0,511,433,944,54.13
臺北市中正區河堤里,臺北市,中正區,河堤里,1079,218,276,494,0,494,0,494,379,873,56.59
臺北市中正區河堤里,臺北市,中正區,河堤里,1080,233,367,600,2,602,0,602,372,974,61.81
臺北市中正區河堤里,臺北市,中正區,河堤里,1081,217,274,491,4,495,0,495,356,851,58.17
臺北市中正區頂東里,臺北市,中正區,頂東里,1086,247,337,584,0,584,0,584,393,977,59.77
臺北市中正區頂東里,臺北市,中正區,頂東里,1087,276,313,589,0,589,0,589,394,983,59.92
臺北市中正區頂東里,臺北市,中正區,頂東里,1088,247,309,556,4,560,0,560,393,953,58.76
臺北市中正區頂東里,臺北市,中正區,頂東里,1089,223,255,478,4,482,0,482,364,846,56.97
臺北市中正區頂東里,臺北市,中正區,頂東里,1090,237,363,600,2,602,0,602,417,"1,019",59.08
臺北市中正區富水里,臺北市,中正區,富水里,1070,144,388,532,2,534,0,534,417,951,56.15
臺北市中正區富水里,臺北市,中正區,富水里,1071,162,265,427,4,431,0,431,466,897,48.05
臺北市中正區網溪里,臺北市,中正區,網溪里,1082,268,403,671,4,675,0,675,457,"1,132",59.63
臺北市中正區網溪里,臺北市,中正區,網溪里,1083,291,401,692,2,694,0,694,506,"1,200",57.83
臺北市中正區網溪里,臺北市,中正區,網溪里,1084,292,327,619,1,620,0,620,483,"1,103",56.21
臺北市中正區網溪里,臺北市,中正區,網溪里,1085,336,395,731,9,740,0,740,516,"1,256",58.92
臺北市中正區螢圃里,臺北市,中正區,螢圃里,1094,248,392,640,4,644,0,644,457,"1,101",58.49
臺北市中正區螢圃里,臺北市,中正區,螢圃里,1095,295,388,683,5,688,0,688,512,"1,200",57.33
臺北市中正區螢圃里,臺北市,中正區,螢圃里,1096,294,475,769,0,769,0,769,502,"1,271",60.5
臺北市中正區螢圃里,臺北市,中正區,螢圃里,1097,254,308,562,1,563,0,563,410,973,57.86
臺北市中正區螢雪里,臺北市,中正區,螢雪里,1098,268,399,667,2,669,0,669,518,"1,187",56.36
臺北市中正區螢雪里,臺北市,中正區,螢雪里,1099,246,302,548,3,551,0,551,455,"1,006",54.77
臺北市中正區螢雪里,臺北市,中正區,螢雪里,1100,264,344,608,3,611,0,611,484,"1,095",55.8
臺北市內湖區大湖里,臺北市,內湖區,大湖里,285,347,539,886,6,892,0,892,549,"1,441",61.9
臺北市內湖區大湖里,臺北市,內湖區,大湖里,286,345,492,837,3,840,0,840,554,"1,394",60.26
臺北市內湖區大湖里,臺北市,內湖區,大湖里,287,385,468,853,0,853,0,853,596,"1,449",58.87
臺北市內湖區五分里,臺北市,內湖區,五分里,326,337,393,730,3,733,0,733,562,"1,295",56.6
臺北市內湖區五分里,臺北市,內湖區,五分里,327,305,413,718,7,725,0,725,529,"1,254",57.81
臺北市內湖區五分里,臺北市,內湖區,五分里,328,336,365,701,4,705,0,705,545,"1,250",56.4
臺北市內湖區五分里,臺北市,內湖區,五分里,329,324,398,722,6,728,0,728,633,"1,361",53.49
臺北市內湖區五分里,臺北市,內湖區,五分里,330,366,458,824,4,828,0,828,598,"1,426",58.06
臺北市內湖區五分里,臺北市,內湖區,五分里,331,328,419,747,2,749,1,750,634,"1,384",54.12
臺北市內湖區內湖里,臺北市,內湖區,內湖里,271,362,481,843,5,848,0,848,611,"1,459",58.12
臺北市內湖區內湖里,臺北市,內湖區,內湖里,272,368,438,806,2,808,0,808,586,"1,394",57.96
臺北市內湖區內湖里,臺北市,內湖區,內湖里,273,303,507,810,4,814,0,814,539,"1,353",60.16
臺北市內湖區內湖里,臺北市,內湖區,內湖里,274,357,472,829,2,831,0,831,554,"1,385",60
臺北市內湖區內溝里,臺北市,內湖區,內溝里,342,290,379,669,3,672,0,672,391,"1,063",63.22
臺北市內湖區內溝里,臺北市,內湖區,內溝里,343,261,357,618,2,620,0,620,481,"1,101",56.31
臺北市內湖區內溝里,臺北市,內湖區,內溝里,344,231,345,576,7,583,0,583,368,951,61.3
臺北市內湖區內溝里,臺北市,內湖區,內溝里,345,185,156,341,0,341,0,341,313,654,52.14
臺北市內湖區石潭里,臺北市,內湖區,石潭里,355,357,373,730,2,732,0,732,556,"1,288",56.83
臺北市內湖區石潭里,臺北市,內湖區,石潭里,356,244,484,728,4,732,1,733,610,"1,343",54.5
臺北市內湖區石潭里,臺北市,內湖區,石潭里,357,150,232,382,1,383,0,383,320,703,54.48
臺北市內湖區安泰里,臺北市,內湖區,安泰里,374,318,426,744,4,748,0,748,529,"1,277",58.57
臺北市內湖區安泰里,臺北市,內湖區,安泰里,375,315,525,840,3,843,0,843,596,"1,439",58.58
臺北市內湖區安泰里,臺北市,內湖區,安泰里,376,355,525,880,5,885,0,885,617,"1,502",58.92
臺北市內湖區安湖里,臺北市,內湖區,安湖里,365,261,326,587,5,592,0,592,442,"1,034",57.25
臺北市內湖區安湖里,臺北市,內湖區,安湖里,366,304,366,670,3,673,0,673,455,"1,128",59.66
臺北市內湖區安湖里,臺北市,內湖區,安湖里,367,282,375,657,1,658,0,658,469,"1,127",58.39
臺北市內湖區安湖里,臺北市,內湖區,安湖里,368,323,470,793,2,795,0,795,524,"1,319",60.27
臺北市內湖區安湖里,臺北市,內湖區,安湖里,369,255,320,575,1,576,1,577,423,"1,000",57.6
臺北市內湖區行善里,臺北市,內湖區,行善里,351,435,419,854,1,855,0,855,600,"1,455",58.76
臺北市內湖區行善里,臺北市,內湖區,行善里,352,378,457,835,6,841,2,843,551,"1,394",60.33
臺北市內湖區行善里,臺北市,內湖區,行善里,353,364,534,898,5,903,0,903,555,"1,458",61.93
臺北市內湖區行善里,臺北市,內湖區,行善里,354,424,554,978,1,979,0,979,566,"1,545",63.37
臺北市內湖區西安里,臺北市,內湖區,西安里,249,301,461,762,5,767,2,769,464,"1,233",62.21
臺北市內湖區西安里,臺北市,內湖區,西安里,250,348,446,794,4,798,0,798,513,"1,311",60.87
臺北市內湖區西安里,臺北市,內湖區,西安里,251,380,427,807,5,812,0,812,534,"1,346",60.33
臺北市內湖區西安里,臺北市,內湖區,西安里,252,372,530,902,5,907,0,907,536,"1,443",62.86
臺北市內湖區西康里,臺北市,內湖區,西康里,243,325,415,740,3,743,0,743,535,"1,278",58.14
臺北市內湖區西康里,臺北市,內湖區,西康里,244,351,479,830,2,832,0,832,511,"1,343",61.95
臺北市內湖區西康里,臺北市,內湖區,西康里,245,342,466,808,7,815,0,815,602,"1,417",57.52
臺北市內湖區西康里,臺北市,內湖區,西康里,246,369,437,806,0,806,0,806,575,"1,381",58.36
臺北市內湖區西康里,臺北市,內湖區,西康里,247,304,448,752,5,757,0,757,532,"1,289",58.73
臺北市內湖區西康里,臺北市,內湖區,西康里,248,203,510,713,4,717,0,717,465,"1,182",60.66
臺北市內湖區西湖里,臺北市,內湖區,西湖里,238,314,355,669,1,670,1,671,429,"1,100",60.91
臺北市內湖區西湖里,臺北市,內湖區,西湖里,239,302,433,735,3,738,0,738,475,"1,213",60.84
臺北市內湖區西湖里,臺北市,內湖區,西湖里,240,340,408,748,0,748,0,748,453,"1,201",62.28
臺北市內湖區西湖里,臺北市,內湖區,西湖里,241,316,339,655,0,655,0,655,426,"1,081",60.59
臺北市內湖區西湖里,臺北市,內湖區,西湖里,242,352,354,706,4,710,0,710,431,"1,141",62.23
臺北市內湖區秀湖里,臺北市,內湖區,秀湖里,370,343,416,759,4,763,0,763,515,"1,278",59.7
臺北市內湖區秀湖里,臺北市,內湖區,秀湖里,371,273,476,749,2,751,0,751,515,"1,266",59.32
臺北市內湖區秀湖里,臺北市,內湖區,秀湖里,372,283,466,749,3,752,0,752,503,"1,255",59.92
臺北市內湖區秀湖里,臺北市,內湖區,秀湖里,373,291,387,678,0,678,0,678,558,"1,236",54.85
臺北市內湖區明湖里,臺北市,內湖區,明湖里,387,358,458,816,4,820,0,820,506,"1,326",61.84
臺北市內湖區明湖里,臺北市,內湖區,明湖里,388,356,450,806,7,813,0,813,554,"1,367",59.47
臺北市內湖區明湖里,臺北市,內湖區,明湖里,389,329,458,787,1,788,0,788,574,"1,362",57.86
臺北市內湖區東湖里,臺北市,內湖區,東湖里,332,350,393,743,2,745,2,747,540,"1,287",57.89
臺北市內湖區東湖里,臺北市,內湖區,東湖里,333,300,363,663,2,665,0,665,448,"1,113",59.75
臺北市內湖區東湖里,臺北市,內湖區,東湖里,334,337,404,741,1,742,0,742,508,"1,250",59.36
臺北市內湖區東湖里,臺北市,內湖區,東湖里,335,371,452,823,3,826,0,826,584,"1,410",58.58
臺北市內湖區東湖里,臺北市,內湖區,東湖里,336,342,481,823,2,825,0,825,507,"1,332",61.94
臺北市內湖區金湖里,臺北市,內湖區,金湖里,377,385,484,869,5,874,0,874,668,"1,542",56.68
臺北市內湖區金湖里,臺北市,內湖區,金湖里,378,352,535,887,2,889,0,889,639,"1,528",58.18
臺北市內湖區金湖里,臺北市,內湖區,金湖里,379,392,500,892,3,895,0,895,631,"1,526",58.65
臺北市內湖區金湖里,臺北市,內湖區,金湖里,380,406,540,946,4,950,0,950,620,"1,570",60.51
臺北市內湖區金湖里,臺北市,內湖區,金湖里,381,374,548,922,1,923,0,923,679,"1,602",57.62
臺北市內湖區金瑞里,臺北市,內湖區,金瑞里,291,364,437,801,2,803,0,803,483,"1,286",62.44
臺北市內湖區金瑞里,臺北市,內湖區,金瑞里,292,388,488,876,3,879,0,879,534,"1,413",62.21
臺北市內湖區金瑞里,臺北市,內湖區,金瑞里,293,339,376,715,2,717,0,717,554,"1,271",56.41
臺北市內湖區金瑞里,臺北市,內湖區,金瑞里,294,377,483,860,6,866,0,866,495,"1,361",63.63
臺北市內湖區金龍里,臺北市,內湖區,金龍里,288,389,521,910,2,912,0,912,554,"1,466",62.21
臺北市內湖區金龍里,臺北市,內湖區,金龍里,289,359,469,828,2,830,0,830,581,"1,411",58.82
臺北市內湖區金龍里,臺北市,內湖區,金龍里,290,356,510,866,1,867,0,867,560,"1,427",60.76
臺北市內湖區南湖里,臺北市,內湖區,南湖里,400,480,515,995,7,"1,002",0,"1,002",509,"1,511",66.31
臺北市內湖區南湖里,臺北市,內湖區,南湖里,401,364,495,859,3,862,0,862,552,"1,414",60.96
臺北市內湖區南湖里,臺北市,內湖區,南湖里,402,299,533,832,4,836,0,836,614,"1,450",57.66
臺北市內湖區康寧里,臺北市,內湖區,康寧里,382,271,401,672,2,674,0,674,494,"1,168",57.71
臺北市內湖區康寧里,臺北市,內湖區,康寧里,383,320,432,752,1,753,0,753,555,"1,308",57.57
臺北市內湖區康寧里,臺北市,內湖區,康寧里,384,367,472,839,4,843,0,843,576,"1,419",59.41
臺北市內湖區康寧里,臺北市,內湖區,康寧里,385,307,428,735,6,741,0,741,460,"1,201",61.7
臺北市內湖區康寧里,臺北市,內湖區,康寧里,386,354,549,903,2,905,0,905,602,"1,507",60.05
臺北市內湖區清白里,臺北市,內湖區,清白里,304,351,555,906,3,909,0,909,602,"1,511",60.16
臺北市內湖區清白里,臺北市,內湖區,清白里,305,378,500,878,2,880,0,880,582,"1,462",60.19
臺北市內湖區清白里,臺北市,內湖區,清白里,306,372,554,926,5,931,0,931,659,"1,590",58.55
臺北市內湖區清白里,臺北市,內湖區,清白里,307,322,385,707,3,710,0,710,477,"1,187",59.81
臺北市內湖區清白里,臺北市,內湖區,清白里,308,319,469,788,6,794,0,794,536,"1,330",59.7
臺北市內湖區港都里,臺北市,內湖區,港都里,257,356,433,789,2,791,0,791,510,"1,301",60.8
臺北市內湖區港都里,臺北市,內湖區,港都里,258,399,456,855,3,858,0,858,606,"1,464",58.61
臺北市內湖區港都里,臺北市,內湖區,港都里,259,364,441,805,0,805,0,805,492,"1,297",62.07
臺北市內湖區港富里,臺北市,內湖區,港富里,260,351,362,713,1,714,0,714,528,"1,242",57.49
臺北市內湖區港富里,臺北市,內湖區,港富里,261,368,364,732,1,733,0,733,516,"1,249",58.69
臺北市內湖區港富里,臺北市,內湖區,港富里,262,355,459,814,1,815,0,815,487,"1,302",62.6
臺北市內湖區港富里,臺北市,內湖區,港富里,263,362,423,785,1,786,0,786,497,"1,283",61.26
臺北市內湖區港富里,臺北市,內湖區,港富里,264,329,425,754,6,760,0,760,496,"1,256",60.51
臺北市內湖區港富里,臺北市,內湖區,港富里,265,311,403,714,4,718,0,718,509,"1,227",58.52
臺北市內湖區港華里,臺北市,內湖區,港華里,266,326,504,830,3,833,0,833,574,"1,407",59.2
臺北市內湖區港華里,臺北市,內湖區,港華里,267,372,527,899,3,902,0,902,550,"1,452",62.12
臺北市內湖區港華里,臺北市,內湖區,港華里,268,349,501,850,2,852,0,852,528,"1,380",61.74
臺北市內湖區港華里,臺北市,內湖區,港華里,269,407,433,840,6,846,0,846,587,"1,433",59.04
臺北市內湖區港華里,臺北市,內湖區,港華里,270,440,438,878,2,880,0,880,549,"1,429",61.58
臺北市內湖區港墘里,臺北市,內湖區,港墘里,253,369,401,770,2,772,0,772,516,"1,288",59.94
臺北市內湖區港墘里,臺北市,內湖區,港墘里,254,275,386,661,3,664,0,664,403,"1,067",62.23
臺北市內湖區港墘里,臺北市,內湖區,港墘里,255,336,385,721,0,721,0,721,497,"1,218",59.2
臺北市內湖區港墘里,臺北市,內湖區,港墘里,256,318,383,701,2,703,0,703,446,"1,149",61.18
臺北市內湖區湖元里,臺北市,內湖區,湖元里,362,361,486,847,5,852,0,852,593,"1,445",58.96
臺北市內湖區湖元里,臺北市,內湖區,湖元里,363,392,415,807,3,810,0,810,581,"1,391",58.23
臺北市內湖區湖元里,臺北市,內湖區,湖元里,364,624,751,"1,375",6,"1,381",0,"1,381","1,099","2,480",55.69
臺北市內湖區湖興里,臺北市,內湖區,湖興里,358,373,473,846,2,848,0,848,574,"1,422",59.63
臺北市內湖區湖興里,臺北市,內湖區,湖興里,359,373,550,923,4,927,0,927,"1,797","2,724",34.03
臺北市內湖區湖興里,臺北市,內湖區,湖興里,360,350,468,818,5,823,0,823,694,"1,517",54.25
臺北市內湖區湖興里,臺北市,內湖區,湖興里,361,431,404,835,0,835,0,835,580,"1,415",59.01
臺北市內湖區湖濱里,臺北市,內湖區,湖濱里,275,405,567,972,1,973,0,973,509,"1,482",65.65
臺北市內湖區湖濱里,臺北市,內湖區,湖濱里,276,326,543,869,5,874,0,874,601,"1,475",59.25
臺北市內湖區湖濱里,臺北市,內湖區,湖濱里,277,419,546,965,4,969,0,969,576,"1,545",62.72
臺北市內湖區湖濱里,臺北市,內湖區,湖濱里,278,255,533,788,3,791,0,791,462,"1,253",63.13
臺北市內湖區湖濱里,臺北市,內湖區,湖濱里,279,230,363,593,2,595,0,595,450,"1,045",56.94
臺北市內湖區紫星里,臺北市,內湖區,紫星里,280,405,453,858,1,859,0,859,554,"1,413",60.79
臺北市內湖區紫星里,臺北市,內湖區,紫星里,281,332,429,761,1,762,0,762,447,"1,209",63.03
臺北市內湖區紫星里,臺北市,內湖區,紫星里,282,369,419,788,5,793,0,793,479,"1,272",62.34
臺北市內湖區紫星里,臺北市,內湖區,紫星里,283,333,440,773,3,776,0,776,439,"1,215",63.87
臺北市內湖區紫星里,臺北市,內湖區,紫星里,284,357,438,795,5,800,0,800,455,"1,255",63.75
臺北市內湖區紫陽里,臺北市,內湖區,紫陽里,313,357,470,827,3,830,3,833,520,"1,353",61.35
臺北市內湖區紫陽里,臺北市,內湖區,紫陽里,314,343,435,778,1,779,0,779,546,"1,325",58.79
臺北市內湖區紫陽里,臺北市,內湖區,紫陽里,315,413,419,832,3,835,0,835,498,"1,333",62.64
臺北市內湖區紫陽里,臺北市,內湖區,紫陽里,316,343,503,846,4,850,0,850,525,"1,375",61.82
臺北市內湖區紫陽里,臺北市,內湖區,紫陽里,317,364,477,841,1,842,0,842,539,"1,381",60.97
臺北市內湖區紫雲里,臺北市,內湖區,紫雲里,300,305,432,737,3,740,0,740,499,"1,239",59.73
臺北市內湖區紫雲里,臺北市,內湖區,紫雲里,301,217,420,637,5,642,0,642,424,"1,066",60.23
臺北市內湖區紫雲里,臺北市,內湖區,紫雲里,302,194,451,645,1,646,0,646,426,"1,072",60.26
臺北市內湖區紫雲里,臺北市,內湖區,紫雲里,303,284,450,734,5,739,0,739,409,"1,148",64.37
臺北市內湖區週美里,臺北市,內湖區,週美里,346,406,370,776,2,778,0,778,572,"1,350",57.63
臺北市內湖區週美里,臺北市,內湖區,週美里,347,397,458,855,5,860,0,860,559,"1,419",60.61
臺北市內湖區週美里,臺北市,內湖區,週美里,348,359,405,764,1,765,0,765,493,"1,258",60.81
臺北市內湖區週美里,臺北市,內湖區,週美里,349,443,583,"1,026",5,"1,031",0,"1,031",690,"1,721",59.91
臺北市內湖區週美里,臺北市,內湖區,週美里,350,406,524,930,5,935,0,935,763,"1,698",55.06
臺北市內湖區瑞光里,臺北市,內湖區,瑞光里,323,318,463,781,2,783,0,783,500,"1,283",61.03
臺北市內湖區瑞光里,臺北市,內湖區,瑞光里,324,267,461,728,1,729,0,729,394,"1,123",64.92
臺北市內湖區瑞光里,臺北市,內湖區,瑞光里,325,268,493,761,2,763,0,763,392,"1,155",66.06
臺北市內湖區瑞陽里,臺北市,內湖區,瑞陽里,318,292,657,949,1,950,0,950,479,"1,429",66.48
臺北市內湖區瑞陽里,臺北市,內湖區,瑞陽里,319,306,494,800,3,803,0,803,478,"1,281",62.69
臺北市內湖區瑞陽里,臺北市,內湖區,瑞陽里,320,282,509,791,4,795,0,795,429,"1,224",64.95
臺北市內湖區瑞陽里,臺北市,內湖區,瑞陽里,321,343,407,750,1,751,0,751,390,"1,141",65.82
臺北市內湖區瑞陽里,臺北市,內湖區,瑞陽里,322,215,583,798,1,799,0,799,435,"1,234",64.75
臺北市內湖區葫洲里,臺北市,內湖區,葫洲里,309,313,501,814,3,817,0,817,601,"1,418",57.62
臺北市內湖區葫洲里,臺北市,內湖區,葫洲里,310,299,413,712,3,715,0,715,552,"1,267",56.43
臺北市內湖區葫洲里,臺北市,內湖區,葫洲里,311,337,524,861,6,867,0,867,591,"1,458",59.47
臺北市內湖區葫洲里,臺北市,內湖區,葫洲里,312,310,529,839,3,842,0,842,573,"1,415",59.51
臺北市內湖區碧山里,臺北市,內湖區,碧山里,295,136,76,212,0,212,0,212,179,391,54.22
臺北市內湖區碧山里,臺北市,內湖區,碧山里,296,397,528,925,6,931,0,931,493,"1,424",65.38
臺北市內湖區碧山里,臺北市,內湖區,碧山里,297,329,535,864,2,866,0,866,497,"1,363",63.54
臺北市內湖區碧山里,臺北市,內湖區,碧山里,298,322,492,814,3,817,0,817,455,"1,272",64.23
臺北市內湖區碧山里,臺北市,內湖區,碧山里,299,322,404,726,5,731,0,731,593,"1,324",55.21
臺北市內湖區樂康里,臺北市,內湖區,樂康里,337,301,396,697,3,700,0,700,539,"1,239",56.5
臺北市內湖區樂康里,臺北市,內湖區,樂康里,338,294,394,688,2,690,0,690,500,"1,190",57.98
臺北市內湖區樂康里,臺北市,內湖區,樂康里,339,351,417,768,4,772,1,773,495,"1,268",60.88
臺北市內湖區樂康里,臺北市,內湖區,樂康里,340,327,369,696,1,697,0,697,509,"1,206",57.79
臺北市內湖區樂康里,臺北市,內湖區,樂康里,341,294,356,650,1,651,0,651,506,"1,157",56.27
臺北市內湖區麗山里,臺北市,內湖區,麗山里,391,399,360,759,2,761,0,761,477,"1,238",61.47
臺北市內湖區麗山里,臺北市,內湖區,麗山里,392,306,372,678,3,681,0,681,464,"1,145",59.48
臺北市內湖區麗山里,臺北市,內湖區,麗山里,393,375,363,738,4,742,0,742,500,"1,242",59.74
臺北市內湖區麗山里,臺北市,內湖區,麗山里,394,320,354,674,3,677,0,677,400,"1,077",62.86
臺北市內湖區寶湖里,臺北市,內湖區,寶湖里,395,356,609,965,7,972,0,972,684,"1,656",58.7
臺北市內湖區寶湖里,臺北市,內湖區,寶湖里,396,409,502,911,3,914,0,914,596,"1,510",60.53
臺北市內湖區寶湖里,臺北市,內湖區,寶湖里,397,317,563,880,5,885,0,885,654,"1,539",57.5
臺北市內湖區寶湖里,臺北市,內湖區,寶湖里,398,416,616,"1,032",5,"1,037",0,"1,037",640,"1,677",61.84
臺北市內湖區寶湖里,臺北市,內湖區,寶湖里,399,361,518,879,2,881,0,881,734,"1,615",54.55
臺北市內湖區蘆洲里,臺北市,內湖區,蘆洲里,390,235,268,503,7,510,0,510,435,945,53.97
臺北市文山區木柵里,臺北市,文山區,木柵里,998,301,515,816,7,823,0,823,497,"1,320",62.35
臺北市文山區木柵里,臺北市,文山區,木柵里,999,231,509,740,1,741,0,741,561,"1,302",56.91
臺北市文山區木柵里,臺北市,文山區,木柵里,1000,307,475,782,3,785,0,785,536,"1,321",59.42
臺北市文山區木柵里,臺北市,文山區,木柵里,1001,209,553,762,5,767,0,767,544,"1,311",58.5
臺北市文山區木柵里,臺北市,文山區,木柵里,1002,317,473,790,2,792,0,792,494,"1,286",61.59
臺北市文山區木柵里,臺北市,文山區,木柵里,1003,251,580,831,0,831,0,831,533,"1,364",60.92
臺北市文山區木新里,臺北市,文山區,木新里,1004,342,494,836,3,839,0,839,"1,789","2,628",31.93
臺北市文山區木新里,臺北市,文山區,木新里,1005,323,390,713,1,714,0,714,503,"1,217",58.67
臺北市文山區木新里,臺北市,文山區,木新里,1006,271,390,661,4,665,0,665,457,"1,122",59.27
臺北市文山區木新里,臺北市,文山區,木新里,1007,280,371,651,2,653,0,653,555,"1,208",54.06
臺北市文山區木新里,臺北市,文山區,木新里,1008,312,395,707,3,710,0,710,502,"1,212",58.58
臺北市文山區木新里,臺北市,文山區,木新里,1009,347,385,732,2,734,0,734,519,"1,253",58.58
臺北市文山區老泉里,臺北市,文山區,老泉里,1066,231,202,433,2,435,0,435,278,713,61.01
臺北市文山區忠順里,臺北市,文山區,忠順里,1015,239,442,681,7,688,0,688,400,"1,088",63.24
臺北市文山區忠順里,臺北市,文山區,忠順里,1016,243,494,737,3,740,0,740,456,"1,196",61.87
臺北市文山區忠順里,臺北市,文山區,忠順里,1017,231,471,702,3,705,0,705,481,"1,186",59.44
臺北市文山區明義里,臺北市,文山區,明義里,991,202,350,552,4,556,0,556,545,"1,101",50.5
臺北市文山區明義里,臺北市,文山區,明義里,992,198,365,563,5,568,0,568,477,"1,045",54.35
臺北市文山區明義里,臺北市,文山區,明義里,993,156,281,437,2,439,0,439,349,788,55.71
臺北市文山區明興里,臺北市,文山區,明興里,994,381,551,932,6,938,1,939,638,"1,577",59.48
臺北市文山區明興里,臺北市,文山區,明興里,995,241,392,633,4,637,0,637,545,"1,182",53.89
臺北市文山區明興里,臺北市,文山區,明興里,996,307,555,862,4,866,0,866,517,"1,383",62.62
臺北市文山區明興里,臺北市,文山區,明興里,997,276,512,788,4,792,0,792,513,"1,305",60.69
臺北市文山區指南里,臺北市,文山區,指南里,1063,312,428,740,1,741,0,741,525,"1,266",58.53
臺北市文山區指南里,臺北市,文山區,指南里,1064,310,443,753,4,757,0,757,578,"1,335",56.7
臺北市文山區指南里,臺北市,文山區,指南里,1065,231,179,410,4,414,0,414,367,781,53.01
臺北市文山區政大里,臺北市,文山區,政大里,1058,238,288,526,2,528,0,528,401,929,56.84
臺北市文山區政大里,臺北市,文山區,政大里,1059,270,385,655,4,659,0,659,517,"1,176",56.04
臺北市文山區政大里,臺北市,文山區,政大里,1060,332,391,723,3,726,0,726,533,"1,259",57.66
臺北市文山區政大里,臺北市,文山區,政大里,1061,325,453,778,3,781,0,781,528,"1,309",59.66
臺北市文山區政大里,臺北市,文山區,政大里,1062,308,451,759,2,761,0,761,563,"1,324",57.48
臺北市文山區博嘉里,臺北市,文山區,博嘉里,1048,274,269,543,0,543,0,543,401,944,57.52
臺北市文山區博嘉里,臺北市,文山區,博嘉里,1049,211,337,548,7,555,0,555,407,962,57.69
臺北市文山區博嘉里,臺北市,文山區,博嘉里,1050,199,369,568,4,572,0,572,390,962,59.46
臺北市文山區博嘉里,臺北市,文山區,博嘉里,1051,173,346,519,1,520,0,520,407,927,56.09
臺北市文山區博嘉里,臺北市,文山區,博嘉里,1052,248,318,566,1,567,0,567,388,955,59.37
臺北市文山區景仁里,臺北市,文山區,景仁里,908,276,391,667,2,669,0,669,485,"1,154",57.97
臺北市文山區景仁里,臺北市,文山區,景仁里,909,294,401,695,1,696,0,696,475,"1,171",59.44
臺北市文山區景仁里,臺北市,文山區,景仁里,910,281,442,723,5,728,0,728,456,"1,184",61.49
臺北市文山區景仁里,臺北市,文山區,景仁里,911,277,503,780,1,781,0,781,458,"1,239",63.03
臺北市文山區景行里,臺北市,文山區,景行里,892,341,376,717,5,722,0,722,534,"1,256",57.48
臺北市文山區景行里,臺北市,文山區,景行里,893,280,408,688,6,694,0,694,515,"1,209",57.4
臺北市文山區景行里,臺北市,文山區,景行里,894,280,357,637,1,638,0,638,518,"1,156",55.19
臺北市文山區景行里,臺北市,文山區,景行里,895,336,358,694,4,698,0,698,563,"1,261",55.35
臺北市文山區景行里,臺北市,文山區,景行里,896,327,395,722,0,722,0,722,498,"1,220",59.18
臺北市文山區景東里,臺北市,文山區,景東里,897,296,505,801,3,804,0,804,611,"1,415",56.82
臺北市文山區景東里,臺北市,文山區,景東里,898,294,500,794,5,799,0,799,578,"1,377",58.02
臺北市文山區景東里,臺北市,文山區,景東里,899,308,492,800,1,801,0,801,578,"1,379",58.09
臺北市文山區景東里,臺北市,文山區,景東里,900,295,511,806,7,813,0,813,597,"1,410",57.66
臺北市文山區景美里,臺北市,文山區,景美里,901,337,503,840,2,842,0,842,604,"1,446",58.23
臺北市文山區景美里,臺北市,文山區,景美里,902,322,479,801,5,806,0,806,594,"1,400",57.57
臺北市文山區景美里,臺北市,文山區,景美里,903,352,391,743,2,745,0,745,509,"1,254",59.41
臺北市文山區景華里,臺北市,文山區,景華里,912,243,408,651,1,652,0,652,438,"1,090",59.82
臺北市文山區景華里,臺北市,文山區,景華里,913,241,372,613,3,616,0,616,418,"1,034",59.57
臺北市文山區景華里,臺北市,文山區,景華里,914,293,412,705,6,711,0,711,405,"1,116",63.71
臺北市文山區景華里,臺北市,文山區,景華里,915,262,398,660,2,662,0,662,485,"1,147",57.72
臺北市文山區景慶里,臺北市,文山區,景慶里,904,298,427,725,3,728,0,728,552,"1,280",56.88
臺北市文山區景慶里,臺北市,文山區,景慶里,905,266,427,693,4,697,0,697,546,"1,243",56.07
臺北市文山區景慶里,臺北市,文山區,景慶里,906,311,469,780,1,781,0,781,497,"1,278",61.11
臺北市文山區景慶里,臺北市,文山區,景慶里,907,357,439,796,1,797,0,797,471,"1,268",62.85
臺北市文山區華興里,臺北市,文山區,華興里,985,315,401,716,2,718,0,718,504,"1,222",58.76
臺北市文山區華興里,臺北市,文山區,華興里,986,285,472,757,2,759,3,762,465,"1,227",61.86
臺北市文山區華興里,臺北市,文山區,華興里,987,256,501,757,5,762,0,762,532,"1,294",58.89
臺北市文山區華興里,臺北市,文山區,華興里,988,279,407,686,0,686,0,686,534,"1,220",56.23
臺北市文山區華興里,臺北市,文山區,華興里,989,227,440,667,1,668,0,668,487,"1,155",57.84
臺北市文山區華興里,臺北市,文山區,華興里,990,278,435,713,5,718,0,718,503,"1,221",58.8
臺北市文山區順興里,臺北市,文山區,順興里,1010,341,461,802,3,805,0,805,517,"1,322",60.89
臺北市文山區順興里,臺北市,文山區,順興里,1011,267,416,683,2,685,0,685,410,"1,095",62.56
臺北市文山區順興里,臺北市,文山區,順興里,1012,250,441,691,1,692,1,693,476,"1,169",59.2
臺北市文山區順興里,臺北市,文山區,順興里,1013,283,382,665,2,667,0,667,424,"1,091",61.14
臺北市文山區順興里,臺北市,文山區,順興里,1014,257,396,653,4,657,0,657,481,"1,138",57.73
臺北市文山區萬年里,臺北市,文山區,萬年里,928,274,350,624,0,624,0,624,439,"1,063",58.7
臺北市文山區萬年里,臺北市,文山區,萬年里,929,264,348,612,0,612,0,612,425,"1,037",59.02
臺北市文山區萬年里,臺北市,文山區,萬年里,930,296,403,699,1,700,0,700,364,"1,064",65.79
臺北市文山區萬年里,臺北市,文山區,萬年里,931,241,364,605,0,605,0,605,457,"1,062",56.97
臺北市文山區萬有里,臺北市,文山區,萬有里,916,257,352,609,4,613,0,613,422,"1,035",59.23
臺北市文山區萬有里,臺北市,文山區,萬有里,917,269,417,686,1,687,0,687,487,"1,174",58.52
臺北市文山區萬有里,臺北市,文山區,萬有里,918,280,391,671,1,672,0,672,420,"1,092",61.54
臺北市文山區萬有里,臺北市,文山區,萬有里,919,229,468,697,3,700,0,700,371,"1,071",65.36
臺北市文山區萬和里,臺北市,文山區,萬和里,932,343,554,897,4,901,0,901,586,"1,487",60.59
臺北市文山區萬和里,臺北市,文山區,萬和里,933,231,667,898,6,904,0,904,603,"1,507",59.99
臺北市文山區萬芳里,臺北市,文山區,萬芳里,1038,377,493,870,3,873,0,873,618,"1,491",58.55
臺北市文山區萬芳里,臺北市,文山區,萬芳里,1039,259,420,679,1,680,0,680,468,"1,148",59.23
臺北市文山區萬芳里,臺北市,文山區,萬芳里,1040,285,492,777,3,780,0,780,522,"1,302",59.91
臺北市文山區萬芳里,臺北市,文山區,萬芳里,1041,270,471,741,6,747,0,747,533,"1,280",58.36
臺北市文山區萬芳里,臺北市,文山區,萬芳里,1042,227,422,649,3,652,0,652,440,"1,092",59.71
臺北市文山區萬美里,臺北市,文山區,萬美里,1043,293,392,685,1,686,0,686,435,"1,121",61.2
臺北市文山區萬美里,臺北市,文山區,萬美里,1044,235,419,654,4,658,0,658,502,"1,160",56.72
臺北市文山區萬美里,臺北市,文山區,萬美里,1045,270,416,686,6,692,0,692,509,"1,201",57.62
臺北市文山區萬美里,臺北市,文山區,萬美里,1046,224,400,624,7,631,0,631,460,"1,091",57.84
臺北市文山區萬美里,臺北市,文山區,萬美里,1047,260,408,668,5,673,0,673,510,"1,183",56.89
臺北市文山區萬盛里,臺北市,文山區,萬盛里,934,311,405,716,1,717,0,717,480,"1,197",59.9
臺北市文山區萬盛里,臺北市,文山區,萬盛里,935,290,428,718,3,721,0,721,543,"1,264",57.04
臺北市文山區萬盛里,臺北市,文山區,萬盛里,936,308,517,825,3,828,0,828,501,"1,329",62.3
臺北市文山區萬祥里,臺北市,文山區,萬祥里,920,336,374,710,2,712,0,712,492,"1,204",59.14
臺北市文山區萬祥里,臺北市,文山區,萬祥里,921,280,424,704,1,705,0,705,490,"1,195",59
臺北市文山區萬祥里,臺北市,文山區,萬祥里,922,295,438,733,3,736,0,736,473,"1,209",60.88
臺北市文山區萬隆里,臺北市,文山區,萬隆里,923,231,460,691,4,695,0,695,480,"1,175",59.15
臺北市文山區萬隆里,臺北市,文山區,萬隆里,924,254,418,672,4,676,0,676,415,"1,091",61.96
臺北市文山區萬隆里,臺北市,文山區,萬隆里,925,223,404,627,3,630,0,630,419,"1,049",60.06
臺北市文山區萬隆里,臺北市,文山區,萬隆里,926,295,389,684,3,687,0,687,424,"1,111",61.84
臺北市文山區萬隆里,臺北市,文山區,萬隆里,927,261,415,676,3,679,0,679,453,"1,132",59.98
臺北市文山區萬興里,臺北市,文山區,萬興里,1053,318,491,809,2,811,0,811,554,"1,365",59.41
臺北市文山區萬興里,臺北市,文山區,萬興里,1054,317,436,753,2,755,0,755,568,"1,323",57.07
臺北市文山區萬興里,臺北市,文山區,萬興里,1055,340,497,837,3,840,0,840,580,"1,420",59.15
臺北市文山區萬興里,臺北市,文山區,萬興里,1056,375,467,842,3,845,0,845,500,"1,345",62.83
臺北市文山區萬興里,臺北市,文山區,萬興里,1057,302,397,699,9,708,0,708,582,"1,290",54.88
臺北市文山區試院里,臺北市,文山區,試院里,980,257,472,729,3,732,0,732,395,"1,127",64.95
臺北市文山區試院里,臺北市,文山區,試院里,981,247,462,709,7,716,0,716,467,"1,183",60.52
臺北市文山區試院里,臺北市,文山區,試院里,982,208,399,607,5,612,0,612,416,"1,028",59.53
臺北市文山區試院里,臺北市,文山區,試院里,983,246,404,650,4,654,0,654,403,"1,057",61.87
臺北市文山區試院里,臺北市,文山區,試院里,984,285,439,724,3,727,0,727,447,"1,174",61.93
臺北市文山區樟文里,臺北市,文山區,樟文里,1027,343,443,786,3,789,0,789,484,"1,273",61.98
臺北市文山區樟文里,臺北市,文山區,樟文里,1028,308,398,706,1,707,0,707,492,"1,199",58.97
臺北市文山區樟文里,臺北市,文山區,樟文里,1029,287,406,693,3,696,0,696,468,"1,164",59.79
臺北市文山區樟文里,臺北市,文山區,樟文里,1030,270,411,681,4,685,0,685,523,"1,208",56.71
臺北市文山區樟林里,臺北市,文山區,樟林里,1018,282,511,793,4,797,0,797,598,"1,395",57.13
臺北市文山區樟林里,臺北市,文山區,樟林里,1019,284,449,733,7,740,0,740,559,"1,299",56.97
臺北市文山區樟林里,臺北市,文山區,樟林里,1020,291,497,788,3,791,0,791,553,"1,344",58.85
臺北市文山區樟林里,臺北市,文山區,樟林里,1021,330,472,802,2,804,0,804,640,"1,444",55.68
臺北市文山區樟林里,臺北市,文山區,樟林里,1022,252,472,724,1,725,0,725,520,"1,245",58.23
臺北市文山區樟新里,臺北市,文山區,樟新里,1023,245,391,636,4,640,0,640,486,"1,126",56.84
臺北市文山區樟新里,臺北市,文山區,樟新里,1024,228,449,677,4,681,0,681,440,"1,121",60.75
臺北市文山區樟新里,臺北市,文山區,樟新里,1025,225,367,592,2,594,0,594,427,"1,021",58.18
臺北市文山區樟新里,臺北市,文山區,樟新里,1026,249,414,663,3,666,0,666,404,"1,070",62.24
臺北市文山區樟腳里,臺北市,文山區,樟腳里,1031,256,391,647,4,651,0,651,377,"1,028",63.33
臺北市文山區樟腳里,臺北市,文山區,樟腳里,1032,233,371,604,2,606,0,606,428,"1,034",58.61
臺北市文山區樟腳里,臺北市,文山區,樟腳里,1033,273,440,713,5,718,0,718,494,"1,212",59.24
臺北市文山區樟腳里,臺北市,文山區,樟腳里,1034,232,392,624,4,628,0,628,420,"1,048",59.92
臺北市文山區樟樹里,臺北市,文山區,樟樹里,1035,290,419,709,4,713,0,713,473,"1,186",60.12
臺北市文山區樟樹里,臺北市,文山區,樟樹里,1036,284,453,737,2,739,0,739,510,"1,249",59.17
臺北市文山區樟樹里,臺北市,文山區,樟樹里,1037,290,433,723,3,726,0,726,528,"1,254",57.89
臺北市文山區興光里,臺北市,文山區,興光里,943,334,380,714,7,721,0,721,501,"1,222",59
臺北市文山區興光里,臺北市,文山區,興光里,944,223,309,532,3,535,0,535,496,"1,031",51.89
臺北市文山區興光里,臺北市,文山區,興光里,945,225,383,608,3,611,0,611,385,996,61.35
臺北市文山區興安里,臺北市,文山區,興安里,959,326,499,825,3,828,0,828,559,"1,387",59.7
臺北市文山區興安里,臺北市,文山區,興安里,960,252,513,765,2,767,0,767,551,"1,318",58.19
臺北市文山區興安里,臺北市,文山區,興安里,961,301,593,894,2,896,0,896,520,"1,416",63.28
臺北市文山區興安里,臺北市,文山區,興安里,962,301,523,824,2,826,0,826,513,"1,339",61.69
臺北市文山區興邦里,臺北市,文山區,興邦里,940,265,486,751,3,754,0,754,510,"1,264",59.65
臺北市文山區興邦里,臺北市,文山區,興邦里,941,305,572,877,3,880,0,880,518,"1,398",62.95
臺北市文山區興邦里,臺北市,文山區,興邦里,942,232,642,874,3,877,0,877,524,"1,401",62.6
臺北市文山區興旺里,臺北市,文山區,興旺里,967,205,474,679,3,682,0,682,473,"1,155",59.05
臺北市文山區興旺里,臺北市,文山區,興旺里,968,220,447,667,3,670,0,670,452,"1,122",59.71
臺北市文山區興旺里,臺北市,文山區,興旺里,969,243,445,688,2,690,0,690,447,"1,137",60.69
臺北市文山區興旺里,臺北市,文山區,興旺里,970,194,403,597,4,601,0,601,417,"1,018",59.04
臺北市文山區興旺里,臺北市,文山區,興旺里,971,221,428,649,1,650,0,650,446,"1,096",59.31
臺北市文山區興旺里,臺北市,文山區,興旺里,972,231,414,645,5,650,0,650,457,"1,107",58.72
臺北市文山區興昌里,臺北市,文山區,興昌里,976,262,544,806,3,809,0,809,543,"1,352",59.84
臺北市文山區興昌里,臺北市,文山區,興昌里,977,287,397,684,5,689,0,689,623,"1,312",52.52
臺北市文山區興昌里,臺北市,文山區,興昌里,978,299,481,780,0,780,0,780,548,"1,328",58.73
臺北市文山區興昌里,臺北市,文山區,興昌里,979,283,533,816,8,824,0,824,509,"1,333",61.82
臺北市文山區興家里,臺北市,文山區,興家里,946,297,493,790,1,791,0,791,455,"1,246",63.48
臺北市文山區興家里,臺北市,文山區,興家里,947,219,476,695,2,697,0,697,459,"1,156",60.29
臺北市文山區興家里,臺北市,文山區,興家里,948,252,437,689,1,690,0,690,462,"1,152",59.9
臺北市文山區興家里,臺北市,文山區,興家里,949,224,492,716,5,721,0,721,437,"1,158",62.26
臺北市文山區興家里,臺北市,文山區,興家里,950,262,439,701,5,706,0,706,494,"1,200",58.83
臺北市文山區興泰里,臺北市,文山區,興泰里,973,255,433,688,5,693,0,693,464,"1,157",59.9
臺北市文山區興泰里,臺北市,文山區,興泰里,974,289,393,682,0,682,0,682,433,"1,115",61.17
臺北市文山區興泰里,臺北市,文山區,興泰里,975,226,367,593,7,600,0,600,485,"1,085",55.3
臺北市文山區興得里,臺北市,文山區,興得里,951,346,506,852,4,856,0,856,542,"1,398",61.23
臺北市文山區興得里,臺北市,文山區,興得里,952,294,501,795,1,796,0,796,545,"1,341",59.36
臺北市文山區興得里,臺北市,文山區,興得里,953,243,447,690,1,691,0,691,522,"1,213",56.97
臺北市文山區興得里,臺北市,文山區,興得里,954,233,401,634,1,635,0,635,424,"1,059",59.96
臺北市文山區興業里,臺北市,文山區,興業里,955,218,434,652,1,653,0,653,400,"1,053",62.01
臺北市文山區興業里,臺北市,文山區,興業里,956,206,401,607,3,610,0,610,402,"1,012",60.28
臺北市文山區興業里,臺北市,文山區,興業里,957,183,369,552,2,554,0,554,430,984,56.3
臺北市文山區興業里,臺北市,文山區,興業里,958,226,438,664,1,665,0,665,499,"1,164",57.13
臺北市文山區興福里,臺北市,文山區,興福里,963,265,393,658,5,663,0,663,386,"1,049",63.2
臺北市文山區興福里,臺北市,文山區,興福里,964,272,343,615,2,617,0,617,430,"1,047",58.93
臺北市文山區興福里,臺北市,文山區,興福里,965,273,351,624,3,627,0,627,375,"1,002",62.57
臺北市文山區興福里,臺北市,文山區,興福里,966,291,453,744,3,747,0,747,521,"1,268",58.91
臺北市文山區興豐里,臺北市,文山區,興豐里,937,336,432,768,3,771,0,771,549,"1,320",58.41
臺北市文山區興豐里,臺北市,文山區,興豐里,938,319,515,834,4,838,0,838,560,"1,398",59.94
臺北市文山區興豐里,臺北市,文山區,興豐里,939,310,518,828,6,834,0,834,472,"1,306",63.86
臺北市松山區三民里,臺北市,松山區,三民里,163,333,315,648,4,652,0,652,365,"1,017",64.11
臺北市松山區三民里,臺北市,松山區,三民里,164,283,423,706,2,708,0,708,423,"1,131",62.6
臺北市松山區三民里,臺北市,松山區,三民里,165,289,430,719,1,720,0,720,503,"1,223",58.87
臺北市松山區三民里,臺北市,松山區,三民里,166,283,331,614,4,618,1,619,427,"1,046",59.08
臺北市松山區三民里,臺北市,松山區,三民里,167,287,337,624,4,628,0,628,397,"1,025",61.27
臺北市松山區中正里,臺北市,松山區,中正里,862,328,369,697,7,704,0,704,556,"1,260",55.87
臺北市松山區中正里,臺北市,松山區,中正里,863,406,310,716,1,717,0,717,469,"1,186",60.46
臺北市松山區中正里,臺北市,松山區,中正里,864,344,377,721,7,728,0,728,567,"1,295",56.22
臺北市松山區中正里,臺北市,松山區,中正里,865,358,339,697,3,700,1,701,420,"1,121",62.44
臺北市松山區中正里,臺北市,松山區,中正里,866,261,241,502,0,502,0,502,362,864,58.1
臺北市松山區中正里,臺北市,松山區,中正里,867,386,385,771,7,778,0,778,621,"1,399",55.61
臺北市松山區中崙里,臺北市,松山區,中崙里,868,270,293,563,1,564,0,564,421,985,57.26
臺北市松山區中崙里,臺北市,松山區,中崙里,869,278,327,605,1,606,0,606,364,970,62.47
臺北市松山區中崙里,臺北市,松山區,中崙里,870,350,371,721,4,725,0,725,436,"1,161",62.45
臺北市松山區中華里,臺北市,松山區,中華里,206,318,493,811,3,814,0,814,478,"1,292",63
臺北市松山區中華里,臺北市,松山區,中華里,207,274,472,746,3,749,0,749,417,"1,166",64.24
臺北市松山區中華里,臺北市,松山區,中華里,208,346,308,654,2,656,0,656,479,"1,135",57.8
臺北市松山區中華里,臺北市,松山區,中華里,209,336,454,790,3,793,0,793,516,"1,309",60.58
臺北市松山區介壽里,臺北市,松山區,介壽里,182,339,340,679,8,687,0,687,462,"1,149",59.79
臺北市松山區介壽里,臺北市,松山區,介壽里,183,301,337,638,3,641,0,641,434,"1,075",59.63
臺北市松山區介壽里,臺北市,松山區,介壽里,184,317,387,704,0,704,0,704,440,"1,144",61.54
臺北市松山區民有里,臺北市,松山區,民有里,210,420,355,775,6,781,1,782,466,"1,248",62.58
臺北市松山區民有里,臺北市,松山區,民有里,211,398,353,751,2,753,0,753,446,"1,199",62.8
臺北市松山區民有里,臺北市,松山區,民有里,212,365,350,715,3,718,0,718,385,"1,103",65.1
臺北市松山區民有里,臺北市,松山區,民有里,213,371,372,743,3,746,0,746,460,"1,206",61.86
臺北市松山區民有里,臺北市,松山區,民有里,214,357,378,735,4,739,0,739,443,"1,182",62.52
臺北市松山區民有里,臺北市,松山區,民有里,215,314,367,681,1,682,0,682,448,"1,130",60.35
臺北市松山區民福里,臺北市,松山區,民福里,216,363,432,795,3,798,1,799,475,"1,274",62.64
臺北市松山區民福里,臺北市,松山區,民福里,217,287,496,783,4,787,0,787,437,"1,224",64.3
臺北市松山區民福里,臺北市,松山區,民福里,218,352,491,843,3,846,0,846,474,"1,320",64.09
臺北市松山區民福里,臺北市,松山區,民福里,219,281,454,735,0,735,0,735,487,"1,222",60.15
臺北市松山區吉仁里,臺北市,松山區,吉仁里,874,257,248,505,0,505,0,505,387,892,56.61
臺北市松山區吉仁里,臺北市,松山區,吉仁里,875,310,296,606,2,608,2,610,423,"1,033",58.86
臺北市松山區吉仁里,臺北市,松山區,吉仁里,876,274,341,615,2,617,0,617,462,"1,079",57.18
臺北市松山區吉祥里,臺北市,松山區,吉祥里,847,347,342,689,3,692,0,692,432,"1,124",61.57
臺北市松山區吉祥里,臺北市,松山區,吉祥里,848,275,376,651,4,655,0,655,391,"1,046",62.62
臺北市松山區吉祥里,臺北市,松山區,吉祥里,849,309,328,637,3,640,0,640,408,"1,048",61.07
臺北市松山區吉祥里,臺北市,松山區,吉祥里,850,252,359,611,2,613,0,613,449,"1,062",57.72
臺北市松山區吉祥里,臺北市,松山區,吉祥里,851,306,345,651,6,657,0,657,409,"1,066",61.63
臺北市松山區吉祥里,臺北市,松山區,吉祥里,852,303,388,691,0,691,0,691,385,"1,076",64.22
臺北市松山區安平里,臺北市,松山區,安平里,223,350,440,790,1,791,0,791,488,"1,279",61.85
臺北市松山區安平里,臺北市,松山區,安平里,224,374,397,771,5,776,0,776,573,"1,349",57.52
臺北市松山區安平里,臺北市,松山區,安平里,225,394,443,837,1,838,0,838,563,"1,401",59.81
臺北市松山區安平里,臺北市,松山區,安平里,226,394,361,755,3,758,0,758,531,"1,289",58.81
臺北市松山區安平里,臺北市,松山區,安平里,227,400,417,817,6,823,0,823,541,"1,364",60.34
臺北市松山區自強里,臺北市,松山區,自強里,232,230,615,845,0,845,0,845,532,"1,377",61.37
臺北市松山區自強里,臺北市,松山區,自強里,233,180,594,774,1,775,0,775,444,"1,219",63.58
臺北市松山區自強里,臺北市,松山區,自強里,234,219,464,683,1,684,0,684,458,"1,142",59.89
臺北市松山區自強里,臺北市,松山區,自強里,235,244,447,691,3,694,0,694,372,"1,066",65.1
臺北市松山區自強里,臺北市,松山區,自強里,236,228,513,741,3,744,0,744,454,"1,198",62.1
臺北市松山區自強里,臺北市,松山區,自強里,237,132,702,834,2,836,0,836,435,"1,271",65.77
臺北市松山區東光里,臺北市,松山區,東光里,188,248,333,581,1,582,0,582,364,946,61.52
臺北市松山區東光里,臺北市,松山區,東光里,189,252,330,582,6,588,0,588,360,948,62.03
臺北市松山區東光里,臺北市,松山區,東光里,190,238,350,588,2,590,0,590,337,927,63.65
臺北市松山區東光里,臺北市,松山區,東光里,191,255,289,544,3,547,0,547,365,912,59.98
臺北市松山區東光里,臺北市,松山區,東光里,192,205,347,552,4,556,0,556,367,923,60.24
臺北市松山區東光里,臺北市,松山區,東光里,193,255,314,569,1,570,0,570,369,939,60.7
臺北市松山區東昌里,臺北市,松山區,東昌里,201,339,268,607,2,609,0,609,387,996,61.14
臺北市松山區東昌里,臺北市,松山區,東昌里,202,292,300,592,4,596,0,596,370,966,61.7
臺北市松山區東勢里,臺北市,松山區,東勢里,203,353,329,682,1,683,0,683,446,"1,129",60.5
臺北市松山區東勢里,臺北市,松山區,東勢里,204,327,356,683,4,687,0,687,380,"1,067",64.39
臺北市松山區東勢里,臺北市,松山區,東勢里,205,363,370,733,3,736,0,736,409,"1,145",64.28
臺北市松山區東榮里,臺北市,松山區,東榮里,158,391,391,782,1,783,0,783,433,"1,216",64.39
臺北市松山區東榮里,臺北市,松山區,東榮里,159,348,435,783,2,785,0,785,466,"1,251",62.75
臺北市松山區東榮里,臺北市,松山區,東榮里,160,408,359,767,3,770,0,770,452,"1,222",63.01
臺北市松山區東榮里,臺北市,松山區,東榮里,161,379,361,740,4,744,0,744,430,"1,174",63.37
臺北市松山區東榮里,臺北市,松山區,東榮里,162,408,384,792,2,794,0,794,498,"1,292",61.46
臺北市松山區松基里,臺北市,松山區,松基里,220,301,313,614,3,617,0,617,388,"1,005",61.39
臺北市松山區松基里,臺北市,松山區,松基里,221,282,269,551,3,554,0,554,339,893,62.04
臺北市松山區松基里,臺北市,松山區,松基里,222,318,272,590,3,593,0,593,429,"1,022",58.02
臺北市松山區美仁里,臺北市,松山區,美仁里,871,269,217,486,0,486,0,486,369,855,56.84
臺北市松山區美仁里,臺北市,松山區,美仁里,872,265,284,549,2,551,0,551,366,917,60.09
臺北市松山區美仁里,臺北市,松山區,美仁里,873,265,262,527,2,529,0,529,343,872,60.67
臺北市松山區莊敬里,臺北市,松山區,莊敬里,154,266,361,627,5,632,0,632,374,"1,006",62.82
臺北市松山區莊敬里,臺北市,松山區,莊敬里,155,270,392,662,3,665,0,665,395,"1,060",62.74
臺北市松山區莊敬里,臺北市,松山區,莊敬里,156,282,371,653,1,654,0,654,425,"1,079",60.61
臺北市松山區莊敬里,臺北市,松山區,莊敬里,157,197,339,536,0,536,0,536,396,932,57.51
臺北市松山區富泰里,臺北市,松山區,富泰里,179,287,377,664,4,668,0,668,443,"1,111",60.13
臺北市松山區富泰里,臺北市,松山區,富泰里,180,320,498,818,1,819,0,819,537,"1,356",60.4
臺北市松山區富泰里,臺北市,松山區,富泰里,181,277,444,721,2,723,0,723,503,"1,226",58.97
臺北市松山區富錦里,臺北市,松山區,富錦里,171,280,338,618,1,619,0,619,371,990,62.53
臺北市松山區富錦里,臺北市,松山區,富錦里,172,291,415,706,7,713,0,713,457,"1,170",60.94
臺北市松山區富錦里,臺北市,松山區,富錦里,173,248,378,626,1,627,0,627,347,974,64.37
臺北市松山區富錦里,臺北市,松山區,富錦里,174,279,300,579,5,584,0,584,348,932,62.66
臺北市松山區復建里,臺北市,松山區,復建里,883,352,454,806,2,808,0,808,519,"1,327",60.89
臺北市松山區復建里,臺北市,松山區,復建里,884,384,452,836,4,840,0,840,579,"1,419",59.2
臺北市松山區復建里,臺北市,松山區,復建里,885,257,205,462,1,463,0,463,321,784,59.06
臺北市松山區復盛里,臺北市,松山區,復盛里,858,353,504,857,6,863,0,863,482,"1,345",64.16
臺北市松山區復盛里,臺北市,松山區,復盛里,859,342,435,777,4,781,1,782,459,"1,241",62.93
臺北市松山區復盛里,臺北市,松山區,復盛里,860,330,446,776,4,780,0,780,436,"1,216",64.14
臺北市松山區復盛里,臺北市,松山區,復盛里,861,297,368,665,1,666,0,666,415,"1,081",61.61
臺北市松山區復勢里,臺北市,松山區,復勢里,886,443,364,807,1,808,0,808,556,"1,364",59.24
臺北市松山區復勢里,臺北市,松山區,復勢里,887,367,348,715,6,721,0,721,418,"1,139",63.3
臺北市松山區復勢里,臺北市,松山區,復勢里,888,346,384,730,4,734,0,734,504,"1,238",59.29
臺北市松山區復勢里,臺北市,松山區,復勢里,889,356,416,772,8,780,0,780,509,"1,289",60.51
臺北市松山區復源里,臺北市,松山區,復源里,881,385,458,843,2,845,0,845,563,"1,408",60.01
臺北市松山區復源里,臺北市,松山區,復源里,882,351,435,786,5,791,0,791,486,"1,277",61.94
臺北市松山區敦化里,臺北市,松山區,敦化里,877,389,412,801,1,802,0,802,453,"1,255",63.9
臺北市松山區敦化里,臺北市,松山區,敦化里,878,375,396,771,2,773,0,773,448,"1,221",63.31
臺北市松山區敦化里,臺北市,松山區,敦化里,879,458,436,894,4,898,0,898,475,"1,373",65.4
臺北市松山區敦化里,臺北市,松山區,敦化里,880,431,443,874,7,881,0,881,459,"1,340",65.75
臺北市松山區新東里,臺北市,松山區,新東里,175,289,344,633,1,634,0,634,388,"1,022",62.04
臺北市松山區新東里,臺北市,松山區,新東里,176,239,357,596,3,599,0,599,340,939,63.79
臺北市松山區新東里,臺北市,松山區,新東里,177,272,326,598,2,600,1,601,330,931,64.45
臺北市松山區新東里,臺北市,松山區,新東里,178,273,316,589,3,592,0,592,371,963,61.47
臺北市松山區新益里,臺北市,松山區,新益里,168,351,459,810,4,814,0,814,418,"1,232",66.07
臺北市松山區新益里,臺北市,松山區,新益里,169,405,396,801,3,804,0,804,448,"1,252",64.22
臺北市松山區新益里,臺北市,松山區,新益里,170,357,402,759,3,762,0,762,414,"1,176",64.8
臺北市松山區新聚里,臺北市,松山區,新聚里,853,354,401,755,4,759,0,759,538,"1,297",58.52
臺北市松山區新聚里,臺北市,松山區,新聚里,854,377,377,754,2,756,0,756,472,"1,228",61.56
臺北市松山區新聚里,臺北市,松山區,新聚里,855,339,427,766,9,775,0,775,451,"1,226",63.21
臺北市松山區新聚里,臺北市,松山區,新聚里,856,376,379,755,2,757,0,757,484,"1,241",61
臺北市松山區新聚里,臺北市,松山區,新聚里,857,341,399,740,1,741,0,741,515,"1,256",59
臺北市松山區慈祐里,臺北市,松山區,慈祐里,842,481,412,893,2,895,0,895,564,"1,459",61.34
臺北市松山區慈祐里,臺北市,松山區,慈祐里,843,381,331,712,3,715,0,715,499,"1,214",58.9
臺北市松山區慈祐里,臺北市,松山區,慈祐里,844,366,385,751,4,755,0,755,476,"1,231",61.33
臺北市松山區慈祐里,臺北市,松山區,慈祐里,845,315,248,563,0,563,0,563,361,924,60.93
臺北市松山區慈祐里,臺北市,松山區,慈祐里,846,328,357,685,3,688,0,688,"1,440","2,128",32.33
臺北市松山區福成里,臺北市,松山區,福成里,890,324,298,622,0,622,0,622,459,"1,081",57.54
臺北市松山區福成里,臺北市,松山區,福成里,891,259,281,540,3,543,0,543,386,929,58.45
臺北市松山區精忠里,臺北市,松山區,精忠里,185,272,370,642,7,649,0,649,457,"1,106",58.68
臺北市松山區精忠里,臺北市,松山區,精忠里,186,332,388,720,2,722,0,722,467,"1,189",60.72
臺北市松山區精忠里,臺北市,松山區,精忠里,187,305,348,653,0,653,0,653,440,"1,093",59.74
臺北市松山區龍田里,臺北市,松山區,龍田里,194,142,542,684,1,685,0,685,480,"1,165",58.8
臺北市松山區龍田里,臺北市,松山區,龍田里,195,352,438,790,1,791,0,791,458,"1,249",63.33
臺北市松山區龍田里,臺北市,松山區,龍田里,196,333,368,701,5,706,0,706,453,"1,159",60.91
臺北市松山區龍田里,臺北市,松山區,龍田里,197,154,554,708,5,713,0,713,499,"1,212",58.83
臺北市松山區龍田里,臺北市,松山區,龍田里,198,247,489,736,7,743,1,744,441,"1,185",62.7
臺北市松山區龍田里,臺北市,松山區,龍田里,199,250,393,643,2,645,0,645,422,"1,067",60.45
臺北市松山區龍田里,臺北市,松山區,龍田里,200,274,425,699,3,702,0,702,472,"1,174",59.8
臺北市松山區鵬程里,臺北市,松山區,鵬程里,228,131,190,321,0,321,0,321,176,497,64.59
臺北市松山區鵬程里,臺北市,松山區,鵬程里,229,268,419,687,2,689,0,689,418,"1,107",62.24
臺北市松山區鵬程里,臺北市,松山區,鵬程里,230,317,445,762,2,764,0,764,334,"1,098",69.58
臺北市松山區鵬程里,臺北市,松山區,鵬程里,231,257,433,690,4,694,0,694,453,"1,147",60.51
臺北市信義區三張里,臺北市,信義區,三張里,792,324,359,683,1,684,0,684,354,"1,038",65.9
臺北市信義區三張里,臺北市,信義區,三張里,793,249,380,629,1,630,0,630,384,"1,014",62.13
臺北市信義區三張里,臺北市,信義區,三張里,794,253,317,570,1,571,0,571,365,936,61
臺北市信義區三張里,臺北市,信義區,三張里,795,261,349,610,1,611,0,611,451,"1,062",57.53
臺北市信義區三張里,臺北市,信義區,三張里,796,266,361,627,4,631,0,631,395,"1,026",61.5
臺北市信義區三張里,臺北市,信義區,三張里,797,180,370,550,3,553,0,553,352,905,61.1
臺北市信義區三張里,臺北市,信義區,三張里,798,243,349,592,2,594,0,594,351,945,62.86
臺北市信義區三犁里,臺北市,信義區,三犁里,799,259,361,620,2,622,0,622,436,"1,058",58.79
臺北市信義區三犁里,臺北市,信義區,三犁里,800,272,399,671,7,678,0,678,432,"1,110",61.08
臺北市信義區三犁里,臺北市,信義區,三犁里,801,283,362,645,3,648,0,648,411,"1,059",61.19
臺北市信義區三犁里,臺北市,信義區,三犁里,802,252,304,556,2,558,0,558,456,"1,014",55.03
臺北市信義區大仁里,臺北市,信義區,大仁里,778,272,300,572,2,574,0,574,424,998,57.52
臺北市信義區大仁里,臺北市,信義區,大仁里,779,301,355,656,5,661,0,661,432,"1,093",60.48
臺北市信義區大仁里,臺北市,信義區,大仁里,780,292,352,644,4,648,0,648,447,"1,095",59.18
臺北市信義區大仁里,臺北市,信義區,大仁里,781,330,464,794,2,796,0,796,434,"1,230",64.72
臺北市信義區大仁里,臺北市,信義區,大仁里,782,305,362,667,5,672,0,672,"1,647","2,319",28.98
臺北市信義區大道里,臺北市,信義區,大道里,773,328,310,638,4,642,0,642,384,"1,026",62.57
臺北市信義區大道里,臺北市,信義區,大道里,774,353,343,696,4,700,0,700,401,"1,101",63.58
臺北市信義區大道里,臺北市,信義區,大道里,775,265,319,584,1,585,0,585,367,952,61.45
臺北市信義區大道里,臺北市,信義區,大道里,776,247,241,488,1,489,0,489,335,824,59.34
臺北市信義區大道里,臺北市,信義區,大道里,777,292,304,596,2,598,0,598,395,993,60.22
臺北市信義區中行里,臺北市,信義區,中行里,767,280,281,561,1,562,0,562,385,947,59.35
臺北市信義區中行里,臺北市,信義區,中行里,768,342,317,659,6,665,0,665,372,"1,037",64.13
臺北市信義區中行里,臺北市,信義區,中行里,769,315,351,666,0,666,0,666,469,"1,135",58.68
臺北市信義區中行里,臺北市,信義區,中行里,770,362,347,709,3,712,0,712,419,"1,131",62.95
臺北市信義區中行里,臺北市,信義區,中行里,771,319,299,618,2,620,0,620,358,978,63.39
臺北市信義區中行里,臺北市,信義區,中行里,772,265,287,552,2,554,0,554,365,919,60.28
臺北市信義區中坡里,臺北市,信義區,中坡里,763,269,322,591,4,595,0,595,329,924,64.39
臺北市信義區中坡里,臺北市,信義區,中坡里,764,256,253,509,2,511,0,511,276,787,64.93
臺北市信義區中坡里,臺北市,信義區,中坡里,765,223,280,503,1,504,0,504,295,799,63.08
臺北市信義區中坡里,臺北市,信義區,中坡里,766,273,324,597,2,599,0,599,377,976,61.37
臺北市信義區中興里,臺北市,信義區,中興里,685,195,243,438,2,440,1,441,342,783,56.19
臺北市信義區中興里,臺北市,信義區,中興里,686,205,290,495,2,497,0,497,441,938,52.99
臺北市信義區中興里,臺北市,信義區,中興里,687,284,330,614,3,617,0,617,467,"1,084",56.92
臺北市信義區五全里,臺北市,信義區,五全里,722,431,407,838,4,842,0,842,500,"1,342",62.74
臺北市信義區五全里,臺北市,信義區,五全里,723,388,350,738,1,739,0,739,424,"1,163",63.54
臺北市信義區五全里,臺北市,信義區,五全里,724,466,448,914,6,920,0,920,484,"1,404",65.53
臺北市信義區五常里,臺北市,信義區,五常里,719,291,323,614,2,616,0,616,421,"1,037",59.4
臺北市信義區五常里,臺北市,信義區,五常里,720,284,310,594,6,600,0,600,372,972,61.73
臺北市信義區五常里,臺北市,信義區,五常里,721,295,343,638,1,639,0,639,357,996,64.16
臺北市信義區六合里,臺北市,信義區,六合里,803,232,446,678,1,679,0,679,368,"1,047",64.85
臺北市信義區六合里,臺北市,信義區,六合里,804,258,425,683,6,689,0,689,420,"1,109",62.13
臺北市信義區六合里,臺北市,信義區,六合里,805,216,326,542,0,542,0,542,406,948,57.17
臺北市信義區六合里,臺北市,信義區,六合里,806,226,370,596,2,598,0,598,474,"1,072",55.78
臺北市信義區六合里,臺北市,信義區,六合里,807,287,429,716,5,721,0,721,556,"1,277",56.46
臺北市信義區六藝里,臺北市,信義區,六藝里,712,282,356,638,3,641,0,641,433,"1,074",59.68
臺北市信義區六藝里,臺北市,信義區,六藝里,713,229,257,486,7,493,0,493,336,829,59.47
臺北市信義區六藝里,臺北市,信義區,六藝里,714,312,300,612,3,615,0,615,360,975,63.08
臺北市信義區四育里,臺北市,信義區,四育里,731,362,280,642,4,646,0,646,357,"1,003",64.41
臺北市信義區四育里,臺北市,信義區,四育里,732,393,318,711,0,711,0,711,368,"1,079",65.89
臺北市信義區四育里,臺北市,信義區,四育里,733,325,389,714,3,717,0,717,375,"1,092",65.66
臺北市信義區四育里,臺北市,信義區,四育里,734,404,362,766,1,767,0,767,469,"1,236",62.06
臺北市信義區四維里,臺北市,信義區,四維里,735,308,372,680,1,681,0,681,361,"1,042",65.36
臺北市信義區四維里,臺北市,信義區,四維里,736,335,396,731,7,738,0,738,412,"1,150",64.17
臺北市信義區四維里,臺北市,信義區,四維里,737,266,371,637,0,637,0,637,398,"1,035",61.55
臺北市信義區四維里,臺北市,信義區,四維里,738,225,311,536,1,537,0,537,356,893,60.13
臺北市信義區正和里,臺北市,信義區,正和里,680,260,397,657,2,659,0,659,481,"1,140",57.81
臺北市信義區正和里,臺北市,信義區,正和里,681,317,439,756,1,757,0,757,461,"1,218",62.15
臺北市信義區正和里,臺北市,信義區,正和里,682,254,454,708,2,710,0,710,469,"1,179",60.22
臺北市信義區永吉里,臺北市,信義區,永吉里,725,290,255,545,0,545,0,545,429,974,55.95
臺北市信義區永吉里,臺北市,信義區,永吉里,726,314,257,571,5,576,0,576,343,919,62.68
臺北市信義區永吉里,臺北市,信義區,永吉里,727,396,278,674,1,675,0,675,455,"1,130",59.73
臺北市信義區永春里,臺北市,信義區,永春里,739,228,296,524,1,525,0,525,371,896,58.59
臺北市信義區永春里,臺北市,信義區,永春里,740,348,353,701,2,703,0,703,416,"1,119",62.82
臺北市信義區永春里,臺北市,信義區,永春里,741,300,284,584,5,589,0,589,388,977,60.29
臺北市信義區永春里,臺北市,信義區,永春里,742,284,256,540,2,542,0,542,404,946,57.29
臺北市信義區安康里,臺北市,信義區,安康里,705,386,341,727,1,728,0,728,456,"1,184",61.49
臺北市信義區安康里,臺北市,信義區,安康里,706,358,362,720,2,722,0,722,489,"1,211",59.62
臺北市信義區安康里,臺北市,信義區,安康里,707,352,464,816,5,821,0,821,490,"1,311",62.62
臺北市信義區安康里,臺北市,信義區,安康里,708,231,407,638,1,639,0,639,468,"1,107",57.72
臺北市信義區安康里,臺北市,信義區,安康里,709,309,332,641,2,643,0,643,470,"1,113",57.77
臺北市信義區安康里,臺北市,信義區,安康里,710,239,306,545,1,546,0,546,530,"1,076",50.74
臺北市信義區安康里,臺北市,信義區,安康里,711,304,356,660,0,660,0,660,551,"1,211",54.5
臺北市信義區西村里,臺北市,信義區,西村里,676,197,423,620,5,625,0,625,345,970,64.43
臺北市信義區西村里,臺北市,信義區,西村里,677,143,371,514,1,515,0,515,292,807,63.82
臺北市信義區西村里,臺北市,信義區,西村里,678,159,445,604,3,607,0,607,314,921,65.91
臺北市信義區西村里,臺北市,信義區,西村里,679,192,302,494,5,499,0,499,335,834,59.83
臺北市信義區松友里,臺北市,信義區,松友里,754,262,319,581,2,583,0,583,494,"1,077",54.13
臺北市信義區松友里,臺北市,信義區,松友里,755,236,382,618,3,621,0,621,389,"1,010",61.49
臺北市信義區松友里,臺北市,信義區,松友里,756,313,352,665,3,668,0,668,397,"1,065",62.72
臺北市信義區松友里,臺北市,信義區,松友里,757,291,338,629,2,631,0,631,386,"1,017",62.05
臺北市信義區松友里,臺北市,信義區,松友里,758,290,326,616,2,618,0,618,365,983,62.87
臺北市信義區松光里,臺北市,信義區,松光里,759,270,300,570,4,574,0,574,386,960,59.79
臺北市信義區松光里,臺北市,信義區,松光里,760,281,315,596,2,598,0,598,394,992,60.28
臺北市信義區松光里,臺北市,信義區,松光里,761,281,297,578,3,581,0,581,327,908,63.99
臺北市信義區松光里,臺北市,信義區,松光里,762,307,304,611,3,614,0,614,448,"1,062",57.82
臺北市信義區松隆里,臺北市,信義區,松隆里,752,216,262,478,3,481,0,481,334,815,59.02
臺北市信義區松隆里,臺北市,信義區,松隆里,753,196,270,466,1,467,0,467,404,871,53.62
臺北市信義區長春里,臺北市,信義區,長春里,728,368,315,683,2,685,0,685,398,"1,083",63.25
臺北市信義區長春里,臺北市,信義區,長春里,729,357,347,704,1,705,0,705,445,"1,150",61.3
臺北市信義區長春里,臺北市,信義區,長春里,730,266,354,620,6,626,0,626,476,"1,102",56.81
臺北市信義區泰和里,臺北市,信義區,泰和里,808,241,304,545,2,547,0,547,479,"1,026",53.31
臺北市信義區泰和里,臺北市,信義區,泰和里,809,228,370,598,6,604,0,604,425,"1,029",58.7
臺北市信義區泰和里,臺北市,信義區,泰和里,810,340,405,745,1,746,0,746,544,"1,290",57.83
臺北市信義區泰和里,臺北市,信義區,泰和里,811,262,325,587,2,589,0,589,466,"1,055",55.83
臺北市信義區泰和里,臺北市,信義區,泰和里,812,214,292,506,3,509,0,509,359,868,58.64
臺北市信義區泰和里,臺北市,信義區,泰和里,813,228,335,563,4,567,0,567,404,971,58.39
臺北市信義區國業里,臺北市,信義區,國業里,746,301,323,624,2,626,0,626,444,"1,070",58.5
臺北市信義區國業里,臺北市,信義區,國業里,747,236,322,558,3,561,0,561,366,927,60.52
臺北市信義區國業里,臺北市,信義區,國業里,748,225,308,533,4,537,0,537,316,853,62.95
臺北市信義區國業里,臺北市,信義區,國業里,749,231,318,549,0,549,0,549,440,989,55.51
臺北市信義區國業里,臺北市,信義區,國業里,750,285,332,617,3,620,0,620,395,"1,015",61.08
臺北市信義區國業里,臺北市,信義區,國業里,751,238,273,511,2,513,0,513,314,827,62.03
臺北市信義區富台里,臺北市,信義區,富台里,743,256,407,663,4,667,0,667,407,"1,074",62.1
臺北市信義區富台里,臺北市,信義區,富台里,744,324,467,791,1,792,1,793,485,"1,278",61.97
臺北市信義區富台里,臺北市,信義區,富台里,745,310,591,901,4,905,0,905,595,"1,500",60.33
臺北市信義區惠安里,臺北市,信義區,惠安里,787,215,346,561,2,563,0,563,369,932,60.41
臺北市信義區惠安里,臺北市,信義區,惠安里,788,223,323,546,5,551,0,551,364,915,60.22
臺北市信義區惠安里,臺北市,信義區,惠安里,789,248,359,607,2,609,0,609,498,"1,107",55.01
臺北市信義區惠安里,臺北市,信義區,惠安里,790,233,406,639,3,642,0,642,333,975,65.85
臺北市信義區惠安里,臺北市,信義區,惠安里,791,293,457,750,4,754,0,754,442,"1,196",63.04
臺北市信義區敦厚里,臺北市,信義區,敦厚里,695,258,335,593,1,594,0,594,372,966,61.49
臺北市信義區敦厚里,臺北市,信義區,敦厚里,696,265,352,617,4,621,0,621,420,"1,041",59.65
臺北市信義區敦厚里,臺北市,信義區,敦厚里,697,300,300,600,3,603,0,603,400,"1,003",60.12
臺北市信義區敦厚里,臺北市,信義區,敦厚里,698,295,310,605,5,610,0,610,397,"1,007",60.58
臺北市信義區景勤里,臺北市,信義區,景勤里,817,233,297,530,6,536,0,536,401,937,57.2
臺北市信義區景勤里,臺北市,信義區,景勤里,818,319,324,643,2,645,0,645,413,"1,058",60.96
臺北市信義區景勤里,臺北市,信義區,景勤里,819,241,419,660,2,662,0,662,404,"1,066",62.1
臺北市信義區景新里,臺北市,信義區,景新里,783,340,322,662,5,667,0,667,390,"1,057",63.1
臺北市信義區景新里,臺北市,信義區,景新里,784,249,343,592,4,596,0,596,357,953,62.54
臺北市信義區景新里,臺北市,信義區,景新里,785,228,292,520,2,522,0,522,433,955,54.66
臺北市信義區景新里,臺北市,信義區,景新里,786,214,402,616,6,622,0,622,437,"1,059",58.73
臺北市信義區景聯里,臺北市,信義區,景聯里,814,317,376,693,3,696,0,696,437,"1,133",61.43
臺北市信義區景聯里,臺北市,信義區,景聯里,815,355,470,825,3,828,0,828,431,"1,259",65.77
臺北市信義區景聯里,臺北市,信義區,景聯里,816,322,444,766,3,769,0,769,515,"1,284",59.89
臺北市信義區雅祥里,臺北市,信義區,雅祥里,715,324,281,605,1,606,0,606,453,"1,059",57.22
臺北市信義區雅祥里,臺北市,信義區,雅祥里,716,350,331,681,2,683,0,683,361,"1,044",65.42
臺北市信義區雅祥里,臺北市,信義區,雅祥里,717,254,343,597,3,600,0,600,420,"1,020",58.82
臺北市信義區雅祥里,臺北市,信義區,雅祥里,718,280,309,589,6,595,0,595,390,985,60.41
臺北市信義區新仁里,臺北市,信義區,新仁里,688,195,380,575,2,577,0,577,326,903,63.9
臺北市信義區新仁里,臺北市,信義區,新仁里,689,210,266,476,3,479,0,479,342,821,58.34
臺北市信義區新仁里,臺北市,信義區,新仁里,690,221,299,520,0,520,0,520,331,851,61.1
臺北市信義區嘉興里,臺北市,信義區,嘉興里,825,243,271,514,0,514,0,514,294,808,63.61
臺北市信義區嘉興里,臺北市,信義區,嘉興里,826,277,255,532,3,535,0,535,312,847,63.16
臺北市信義區嘉興里,臺北市,信義區,嘉興里,827,202,300,502,0,502,0,502,355,857,58.58
臺北市信義區廣居里,臺北市,信義區,廣居里,699,232,325,557,2,559,0,559,350,909,61.5
臺北市信義區廣居里,臺北市,信義區,廣居里,700,254,343,597,2,599,0,599,381,980,61.12
臺北市信義區廣居里,臺北市,信義區,廣居里,701,247,340,587,3,590,0,590,376,966,61.08
臺北市信義區廣居里,臺北市,信義區,廣居里,702,292,383,675,4,679,0,679,355,"1,034",65.67
臺北市信義區廣居里,臺北市,信義區,廣居里,703,241,366,607,3,610,0,610,366,976,62.5
臺北市信義區廣居里,臺北市,信義區,廣居里,704,247,283,530,1,531,0,531,351,882,60.2
臺北市信義區黎平里,臺北市,信義區,黎平里,831,312,409,721,5,726,0,726,415,"1,141",63.63
臺北市信義區黎平里,臺北市,信義區,黎平里,832,325,407,732,2,734,0,734,435,"1,169",62.79
臺北市信義區黎平里,臺北市,信義區,黎平里,833,325,415,740,3,743,0,743,446,"1,189",62.49
臺北市信義區黎平里,臺北市,信義區,黎平里,834,273,413,686,1,687,0,687,402,"1,089",63.09
臺北市信義區黎平里,臺北市,信義區,黎平里,835,277,356,633,2,635,0,635,371,"1,006",63.12
臺北市信義區黎安里,臺北市,信義區,黎安里,840,206,290,496,5,501,0,501,374,875,57.26
臺北市信義區黎安里,臺北市,信義區,黎安里,841,95,246,341,0,341,0,341,291,632,53.96
臺北市信義區黎忠里,臺北市,信義區,黎忠里,836,245,385,630,3,633,0,633,430,"1,063",59.55
臺北市信義區黎忠里,臺北市,信義區,黎忠里,837,208,294,502,6,508,0,508,333,841,60.4
臺北市信義區黎忠里,臺北市,信義區,黎忠里,838,241,399,640,0,640,1,641,383,"1,024",62.5
臺北市信義區黎忠里,臺北市,信義區,黎忠里,839,236,289,525,3,528,0,528,344,872,60.55
臺北市信義區黎順里,臺北市,信義區,黎順里,828,275,320,595,6,601,0,601,508,"1,109",54.19
臺北市信義區黎順里,臺北市,信義區,黎順里,829,284,343,627,2,629,0,629,408,"1,037",60.66
臺北市信義區黎順里,臺北市,信義區,黎順里,830,258,403,661,3,664,0,664,479,"1,143",58.09
臺北市信義區興隆里,臺北市,信義區,興隆里,683,202,380,582,3,585,0,585,537,"1,122",52.14
臺北市信義區興隆里,臺北市,信義區,興隆里,684,215,311,526,0,526,0,526,462,988,53.24
臺北市信義區興雅里,臺北市,信義區,興雅里,691,231,336,567,2,569,0,569,401,970,58.66
臺北市信義區興雅里,臺北市,信義區,興雅里,692,301,345,646,1,647,0,647,517,"1,164",55.58
臺北市信義區興雅里,臺北市,信義區,興雅里,693,402,375,777,2,779,0,779,446,"1,225",63.59
臺北市信義區興雅里,臺北市,信義區,興雅里,694,262,321,583,2,585,0,585,428,"1,013",57.75
臺北市信義區雙和里,臺北市,信義區,雙和里,820,311,415,726,6,732,0,732,420,"1,152",63.54
臺北市信義區雙和里,臺北市,信義區,雙和里,821,266,410,676,4,680,0,680,416,"1,096",62.04
臺北市信義區雙和里,臺北市,信義區,雙和里,822,321,412,733,2,735,0,735,503,"1,238",59.37
臺北市信義區雙和里,臺北市,信義區,雙和里,823,243,417,660,3,663,0,663,398,"1,061",62.49
臺北市信義區雙和里,臺北市,信義區,雙和里,824,288,404,692,2,694,0,694,418,"1,112",62.41
臺北市南港區九如里,臺北市,南港區,九如里,424,299,406,705,2,707,0,707,556,"1,263",55.98
臺北市南港區九如里,臺北市,南港區,九如里,425,210,604,814,4,818,0,818,469,"1,287",63.56
臺北市南港區九如里,臺北市,南港區,九如里,426,264,330,594,1,595,0,595,525,"1,120",53.13
臺北市南港區九如里,臺北市,南港區,九如里,427,306,515,821,0,821,0,821,498,"1,319",62.24
臺北市南港區三重里,臺北市,南港區,三重里,410,316,383,699,5,704,0,704,573,"1,277",55.13
臺北市南港區三重里,臺北市,南港區,三重里,411,248,346,594,2,596,0,596,539,"1,135",52.51
臺北市南港區三重里,臺北市,南港區,三重里,412,279,356,635,3,638,0,638,564,"1,202",53.08
臺北市南港區三重里,臺北市,南港區,三重里,413,307,437,744,1,745,0,745,566,"1,311",56.83
臺北市南港區三重里,臺北市,南港區,三重里,414,286,380,666,1,667,0,667,540,"1,207",55.26
臺北市南港區中南里,臺北市,南港區,中南里,407,280,247,527,1,528,0,528,379,907,58.21
臺北市南港區中南里,臺北市,南港區,中南里,408,226,324,550,4,554,0,554,417,971,57.05
臺北市南港區中南里,臺北市,南港區,中南里,409,219,253,472,0,472,0,472,401,873,54.07
臺北市南港區中研里,臺北市,南港區,中研里,418,326,385,711,5,716,0,716,571,"1,287",55.63
臺北市南港區中研里,臺北市,南港區,中研里,419,312,367,679,3,682,0,682,471,"1,153",59.15
臺北市南港區中研里,臺北市,南港區,中研里,420,374,357,731,2,733,0,733,420,"1,153",63.57
臺北市南港區中研里,臺北市,南港區,中研里,421,337,419,756,0,756,0,756,525,"1,281",59.02
臺北市南港區中研里,臺北市,南港區,中研里,422,251,423,674,4,678,0,678,420,"1,098",61.75
臺北市南港區中研里,臺北市,南港區,中研里,423,301,406,707,0,707,0,707,505,"1,212",58.33
臺北市南港區仁福里,臺北市,南港區,仁福里,478,239,457,696,9,705,0,705,379,"1,084",65.04
臺北市南港區仁福里,臺北市,南港區,仁福里,479,229,384,613,0,613,0,613,372,985,62.23
臺北市南港區仁福里,臺北市,南港區,仁福里,480,286,511,797,4,801,0,801,437,"1,238",64.7
臺北市南港區仁福里,臺北市,南港區,仁福里,481,251,455,706,0,706,0,706,465,"1,171",60.29
臺北市南港區玉成里,臺北市,南港區,玉成里,450,366,373,739,5,744,0,744,541,"1,285",57.9
臺北市南港區玉成里,臺北市,南港區,玉成里,451,313,405,718,3,721,0,721,473,"1,194",60.39
臺北市南港區玉成里,臺北市,南港區,玉成里,452,350,410,760,3,763,0,763,485,"1,248",61.14
臺北市南港區合成里,臺北市,南港區,合成里,453,285,365,650,3,653,0,653,464,"1,117",58.46
臺北市南港區合成里,臺北市,南港區,合成里,454,301,401,702,1,703,0,703,465,"1,168",60.19
臺北市南港區合成里,臺北市,南港區,合成里,455,282,391,673,2,675,0,675,433,"1,108",60.92
臺北市南港區合成里,臺北市,南港區,合成里,456,281,323,604,2,606,0,606,414,"1,020",59.41
臺北市南港區合成里,臺北市,南港區,合成里,457,256,323,579,1,580,0,580,427,"1,007",57.6
臺北市南港區成福里,臺北市,南港區,成福里,473,310,428,738,3,741,0,741,516,"1,257",58.95
臺北市南港區成福里,臺北市,南港區,成福里,474,260,490,750,6,756,0,756,506,"1,262",59.9
臺北市南港區成福里,臺北市,南港區,成福里,475,290,352,642,2,644,0,644,386,"1,030",62.52
臺北市南港區成福里,臺北市,南港區,成福里,476,283,485,768,3,771,0,771,425,"1,196",64.46
臺北市南港區成福里,臺北市,南港區,成福里,477,257,452,709,4,713,0,713,475,"1,188",60.02
臺北市南港區百福里,臺北市,南港區,百福里,470,354,442,796,8,804,0,804,611,"1,415",56.82
臺北市南港區百福里,臺北市,南港區,百福里,471,375,435,810,3,813,0,813,613,"1,426",57.01
臺北市南港區百福里,臺北市,南港區,百福里,472,348,450,798,6,804,0,804,625,"1,429",56.26
臺北市南港區西新里,臺北市,南港區,西新里,447,323,350,673,2,675,0,675,469,"1,144",59
臺北市南港區西新里,臺北市,南港區,西新里,448,341,319,660,5,665,1,666,535,"1,201",55.37
臺北市南港區西新里,臺北市,南港區,西新里,449,356,311,667,0,667,0,667,536,"1,203",55.44
臺北市南港區東明里,臺北市,南港區,東明里,443,300,388,688,0,688,0,688,458,"1,146",60.03
臺北市南港區東明里,臺北市,南港區,東明里,444,258,400,658,3,661,0,661,422,"1,083",61.03
臺北市南港區東明里,臺北市,南港區,東明里,445,259,328,587,2,589,0,589,456,"1,045",56.36
臺北市南港區東明里,臺北市,南港區,東明里,446,276,439,715,1,716,0,716,512,"1,228",58.31
臺北市南港區東新里,臺北市,南港區,東新里,434,262,360,622,1,623,0,623,545,"1,168",53.34
臺北市南港區東新里,臺北市,南港區,東新里,435,302,406,708,3,711,0,711,547,"1,258",56.52
臺北市南港區東新里,臺北市,南港區,東新里,436,336,335,671,2,673,0,673,444,"1,117",60.25
臺北市南港區東新里,臺北市,南港區,東新里,437,260,413,673,0,673,0,673,509,"1,182",56.94
臺北市南港區東新里,臺北市,南港區,東新里,438,210,245,455,0,455,0,455,353,808,56.31
臺北市南港區南港里,臺北市,南港區,南港里,403,332,425,757,2,759,0,759,537,"1,296",58.56
臺北市南港區南港里,臺北市,南港區,南港里,404,291,379,670,3,673,0,673,520,"1,193",56.41
臺北市南港區南港里,臺北市,南港區,南港里,405,216,246,462,5,467,0,467,392,859,54.37
臺北市南港區南港里,臺北市,南港區,南港里,406,302,421,723,3,726,0,726,"1,037","1,763",41.18
臺北市南港區重陽里,臺北市,南港區,重陽里,439,278,482,760,1,761,0,761,494,"1,255",60.64
臺北市南港區重陽里,臺北市,南港區,重陽里,440,274,420,694,6,700,0,700,524,"1,224",57.19
臺北市南港區重陽里,臺北市,南港區,重陽里,441,347,476,823,5,828,0,828,554,"1,382",59.91
臺北市南港區重陽里,臺北市,南港區,重陽里,442,301,396,697,4,701,0,701,478,"1,179",59.46
臺北市南港區新光里,臺北市,南港區,新光里,458,247,372,619,2,621,0,621,416,"1,037",59.88
臺北市南港區新光里,臺北市,南港區,新光里,459,242,355,597,3,600,0,600,438,"1,038",57.8
臺北市南港區新光里,臺北市,南港區,新光里,460,217,295,512,3,515,0,515,399,914,56.35
臺北市南港區新富里,臺北市,南港區,新富里,415,213,291,504,3,507,0,507,400,907,55.9
臺北市南港區新富里,臺北市,南港區,新富里,416,275,303,578,0,578,0,578,488,"1,066",54.22
臺北市南港區新富里,臺北市,南港區,新富里,417,316,279,595,3,598,0,598,458,"1,056",56.63
臺北市南港區萬福里,臺北市,南港區,萬福里,464,246,388,634,5,639,0,639,389,"1,028",62.16
臺北市南港區萬福里,臺北市,南港區,萬福里,465,360,379,739,2,741,0,741,394,"1,135",65.29
臺北市南港區萬福里,臺北市,南港區,萬福里,466,270,560,830,5,835,0,835,444,"1,279",65.29
臺北市南港區聯成里,臺北市,南港區,聯成里,461,306,522,828,3,831,0,831,494,"1,325",62.72
臺北市南港區聯成里,臺北市,南港區,聯成里,462,378,423,801,4,805,0,805,515,"1,320",60.98
臺北市南港區聯成里,臺北市,南港區,聯成里,463,316,453,769,5,774,0,774,433,"1,207",64.13
臺北市南港區鴻福里,臺北市,南港區,鴻福里,467,317,434,751,4,755,0,755,465,"1,220",61.89
臺北市南港區鴻福里,臺北市,南港區,鴻福里,468,279,451,730,1,731,0,731,425,"1,156",63.24
臺北市南港區鴻福里,臺北市,南港區,鴻福里,469,321,391,712,4,716,0,716,479,"1,195",59.92
臺北市南港區舊莊里,臺北市,南港區,舊莊里,428,260,343,603,4,607,0,607,556,"1,163",52.19
臺北市南港區舊莊里,臺北市,南港區,舊莊里,429,288,336,624,7,631,0,631,605,"1,236",51.05
臺北市南港區舊莊里,臺北市,南港區,舊莊里,430,288,415,703,2,705,0,705,582,"1,287",54.78
臺北市南港區舊莊里,臺北市,南港區,舊莊里,431,281,374,655,6,661,0,661,545,"1,206",54.81
臺北市南港區舊莊里,臺北市,南港區,舊莊里,432,287,374,661,2,663,0,663,499,"1,162",57.06
臺北市南港區舊莊里,臺北市,南港區,舊莊里,433,270,340,610,0,610,0,610,548,"1,158",52.68
臺東縣大武鄉大竹村,臺東縣,大武鄉,大竹村,203,1,4,5,0,5,0,5,11,16,31.25
臺東縣大武鄉大竹村,臺東縣,大武鄉,大竹村,204,1,7,8,1,9,0,9,26,35,25.71
臺東縣大武鄉大武村,臺東縣,大武鄉,大武村,201,68,187,255,2,257,0,257,288,545,47.16
臺東縣大武鄉大鳥村,臺東縣,大武鄉,大鳥村,202,7,7,14,0,14,0,14,21,35,40
臺東縣大武鄉尚武村,臺東縣,大武鄉,尚武村,200,165,226,391,3,394,0,394,521,915,43.06
臺東縣大武鄉南興村,臺東縣,大武鄉,南興村,199,42,53,95,0,95,0,95,108,203,46.8
臺東縣太麻里鄉三和村,臺東縣,太麻里鄉,三和村,186,95,141,236,0,236,0,236,278,514,45.91
臺東縣太麻里鄉大王村,臺東縣,太麻里鄉,大王村,189,64,125,189,0,189,0,189,216,405,46.67
臺東縣太麻里鄉大王村,臺東縣,太麻里鄉,大王村,190,125,133,258,1,259,0,259,333,592,43.75
臺東縣太麻里鄉北里村,臺東縣,太麻里鄉,北里村,188,67,75,142,1,143,0,143,147,290,49.31
臺東縣太麻里鄉多良村,臺東縣,太麻里鄉,多良村,197,2,11,13,0,13,0,13,12,25,52
臺東縣太麻里鄉多良村,臺東縣,太麻里鄉,多良村,198,16,24,40,0,40,0,40,74,114,35.09
臺東縣太麻里鄉金崙村,臺東縣,太麻里鄉,金崙村,195,4,16,20,0,20,0,20,58,78,25.64
臺東縣太麻里鄉金崙村,臺東縣,太麻里鄉,金崙村,196,16,32,48,0,48,0,48,81,129,37.21
臺東縣太麻里鄉美和村,臺東縣,太麻里鄉,美和村,184,118,163,281,0,281,0,281,271,552,50.91
臺東縣太麻里鄉美和村,臺東縣,太麻里鄉,美和村,185,81,69,150,1,151,0,151,161,312,48.4
臺東縣太麻里鄉香蘭村,臺東縣,太麻里鄉,香蘭村,193,28,108,136,0,136,0,136,139,275,49.45
臺東縣太麻里鄉香蘭村,臺東縣,太麻里鄉,香蘭村,194,29,11,40,0,40,0,40,41,81,49.38
臺東縣太麻里鄉泰和村,臺東縣,太麻里鄉,泰和村,191,94,170,264,3,267,0,267,222,489,54.6
臺東縣太麻里鄉泰和村,臺東縣,太麻里鄉,泰和村,192,83,151,234,1,235,0,235,225,460,51.09
臺東縣太麻里鄉華源村,臺東縣,太麻里鄉,華源村,187,146,113,259,1,260,0,260,285,545,47.71
臺東縣成功鎮三仙里,臺東縣,成功鎮,三仙里,103,23,47,70,0,70,0,70,102,172,40.7
臺東縣成功鎮三仙里,臺東縣,成功鎮,三仙里,104,20,49,69,1,70,0,70,135,205,34.15
臺東縣成功鎮三民里,臺東縣,成功鎮,三民里,101,50,157,207,1,208,0,208,262,470,44.26
臺東縣成功鎮三民里,臺東縣,成功鎮,三民里,102,72,200,272,2,274,0,274,347,621,44.12
臺東縣成功鎮和平里,臺東縣,成功鎮,和平里,95,25,24,49,0,49,0,49,79,128,38.28
臺東縣成功鎮忠仁里,臺東縣,成功鎮,忠仁里,96,21,23,44,0,44,0,44,47,91,48.35
臺東縣成功鎮忠仁里,臺東縣,成功鎮,忠仁里,97,97,242,339,2,341,0,341,400,741,46.02
臺東縣成功鎮忠仁里,臺東縣,成功鎮,忠仁里,98,93,225,318,0,318,0,318,365,683,46.56
臺東縣成功鎮忠孝里,臺東縣,成功鎮,忠孝里,105,22,35,57,0,57,0,57,84,141,40.43
臺東縣成功鎮忠孝里,臺東縣,成功鎮,忠孝里,106,22,35,57,0,57,0,57,93,150,38
臺東縣成功鎮忠智里,臺東縣,成功鎮,忠智里,99,101,256,357,0,357,0,357,389,746,47.86
臺東縣成功鎮忠智里,臺東縣,成功鎮,忠智里,100,72,275,347,0,347,0,347,363,710,48.87
臺東縣成功鎮信義里,臺東縣,成功鎮,信義里,92,28,23,51,0,51,0,51,82,133,38.35
臺東縣成功鎮信義里,臺東縣,成功鎮,信義里,93,31,55,86,2,88,0,88,89,177,49.72
臺東縣成功鎮信義里,臺東縣,成功鎮,信義里,94,9,25,34,0,34,0,34,42,76,44.74
臺東縣成功鎮博愛里,臺東縣,成功鎮,博愛里,107,7,9,16,0,16,0,16,19,35,45.71
臺東縣成功鎮博愛里,臺東縣,成功鎮,博愛里,108,4,8,12,0,12,0,12,11,23,52.17
臺東縣池上鄉大坡村,臺東縣,池上鄉,大坡村,155,6,27,33,0,33,0,33,53,86,38.37
臺東縣池上鄉大埔村,臺東縣,池上鄉,大埔村,156,72,98,170,1,171,0,171,179,350,48.86
臺東縣池上鄉振興村,臺東縣,池上鄉,振興村,161,18,29,47,0,47,0,47,76,123,38.21
臺東縣池上鄉富興村,臺東縣,池上鄉,富興村,160,30,82,112,0,112,0,112,134,246,45.53
臺東縣池上鄉新興村,臺東縣,池上鄉,新興村,157,113,173,286,2,288,0,288,347,635,45.35
臺東縣池上鄉萬安村,臺東縣,池上鄉,萬安村,159,58,58,116,0,116,0,116,138,254,45.67
臺東縣池上鄉福文村,臺東縣,池上鄉,福文村,152,71,92,163,1,164,0,164,190,354,46.33
臺東縣池上鄉福文村,臺東縣,池上鄉,福文村,153,53,113,166,0,166,0,166,230,396,41.92
臺東縣池上鄉福原村,臺東縣,池上鄉,福原村,150,137,242,379,2,381,0,381,425,806,47.27
臺東縣池上鄉福原村,臺東縣,池上鄉,福原村,151,165,258,423,3,426,0,426,380,806,52.85
臺東縣池上鄉慶豐村,臺東縣,池上鄉,慶豐村,154,71,151,222,3,225,0,225,260,485,46.39
臺東縣池上鄉錦園村,臺東縣,池上鄉,錦園村,158,50,53,103,1,104,0,104,181,285,36.49
臺東縣卑南鄉太平村,臺東縣,卑南鄉,太平村,129,145,271,416,0,416,0,416,358,774,53.75
臺東縣卑南鄉太平村,臺東縣,卑南鄉,太平村,130,158,321,479,4,483,0,483,363,846,57.09
臺東縣卑南鄉太平村,臺東縣,卑南鄉,太平村,131,102,179,281,1,282,0,282,285,567,49.74
臺東縣卑南鄉初鹿村,臺東縣,卑南鄉,初鹿村,123,77,132,209,1,210,0,210,199,409,51.34
臺東縣卑南鄉初鹿村,臺東縣,卑南鄉,初鹿村,124,69,108,177,0,177,0,177,145,322,54.97
臺東縣卑南鄉利吉村,臺東縣,卑南鄉,利吉村,139,42,64,106,2,108,0,108,120,228,47.37
臺東縣卑南鄉利嘉村,臺東縣,卑南鄉,利嘉村,133,70,108,178,0,178,0,178,172,350,50.86
臺東縣卑南鄉明峰村,臺東縣,卑南鄉,明峰村,125,124,150,274,1,275,0,275,278,553,49.73
臺東縣卑南鄉明峰村,臺東縣,卑南鄉,明峰村,126,42,59,101,0,101,0,101,128,229,44.1
臺東縣卑南鄉東興村,臺東縣,卑南鄉,東興村,134,15,41,56,0,56,0,56,59,115,48.7
臺東縣卑南鄉美農村,臺東縣,卑南鄉,美農村,120,54,36,90,1,91,0,91,103,194,46.91
臺東縣卑南鄉美農村,臺東縣,卑南鄉,美農村,121,114,82,196,1,197,0,197,184,381,51.71
臺東縣卑南鄉美農村,臺東縣,卑南鄉,美農村,122,56,105,161,0,161,0,161,178,339,47.49
臺東縣卑南鄉泰安村,臺東縣,卑南鄉,泰安村,132,97,187,284,2,286,0,286,290,576,49.65
臺東縣卑南鄉富山村,臺東縣,卑南鄉,富山村,137,39,80,119,1,120,0,120,154,274,43.8
臺東縣卑南鄉富源村,臺東縣,卑南鄉,富源村,138,62,64,126,0,126,0,126,161,287,43.9
臺東縣卑南鄉溫泉村,臺東縣,卑南鄉,溫泉村,135,179,197,376,5,381,0,381,441,822,46.35
臺東縣卑南鄉溫泉村,臺東縣,卑南鄉,溫泉村,136,33,33,66,1,67,0,67,72,139,48.2
臺東縣卑南鄉嘉豐村,臺東縣,卑南鄉,嘉豐村,127,21,24,45,0,45,0,45,70,115,39.13
臺東縣卑南鄉嘉豐村,臺東縣,卑南鄉,嘉豐村,128,3,3,6,0,6,0,6,14,20,30
臺東縣卑南鄉賓朗村,臺東縣,卑南鄉,賓朗村,118,234,199,433,5,438,0,438,378,816,53.68
臺東縣卑南鄉賓朗村,臺東縣,卑南鄉,賓朗村,119,138,214,352,2,354,0,354,322,676,52.37
臺東縣延平鄉永康村,臺東縣,延平鄉,永康村,217,3,8,11,0,11,0,11,8,19,57.89
臺東縣延平鄉武陵村,臺東縣,延平鄉,武陵村,218,3,9,12,0,12,0,12,15,27,44.44
臺東縣延平鄉紅葉村,臺東縣,延平鄉,紅葉村,216,2,9,11,0,11,0,11,17,28,39.29
臺東縣延平鄉桃源村,臺東縣,延平鄉,桃源村,215,16,25,41,0,41,0,41,65,106,38.68
臺東縣延平鄉鸞山村,臺東縣,延平鄉,鸞山村,219,9,13,22,0,22,0,22,43,65,33.85
臺東縣東河鄉北源村,臺東縣,東河鄉,北源村,169,39,69,108,0,108,0,108,349,457,23.63
臺東縣東河鄉北源村,臺東縣,東河鄉,北源村,170,15,57,72,0,72,0,72,69,141,51.06
臺東縣東河鄉北源村,臺東縣,東河鄉,北源村,171,33,58,91,0,91,0,91,120,211,43.13
臺東縣東河鄉尚德村,臺東縣,東河鄉,尚德村,172,20,29,49,0,49,0,49,94,143,34.27
臺東縣東河鄉東河村,臺東縣,東河鄉,東河村,167,32,77,109,0,109,0,109,189,298,36.58
臺東縣東河鄉泰源村,臺東縣,東河鄉,泰源村,168,56,107,163,0,163,0,163,204,367,44.41
臺東縣東河鄉都蘭村,臺東縣,東河鄉,都蘭村,162,82,104,186,4,190,0,190,230,420,45.24
臺東縣東河鄉都蘭村,臺東縣,東河鄉,都蘭村,163,72,85,157,1,158,0,158,157,315,50.16
臺東縣東河鄉都蘭村,臺東縣,東河鄉,都蘭村,164,73,90,163,0,163,0,163,143,306,53.27
臺東縣東河鄉隆昌村,臺東縣,東河鄉,隆昌村,166,42,35,77,0,77,0,77,99,176,43.75
臺東縣東河鄉興昌村,臺東縣,東河鄉,興昌村,165,125,127,252,2,254,0,254,235,489,51.94
臺東縣金峰鄉正興村,臺東縣,金峰鄉,正興村,222,1,7,8,0,8,0,8,14,22,36.36
臺東縣金峰鄉新興村,臺東縣,金峰鄉,新興村,223,6,4,10,0,10,0,10,8,18,55.56
臺東縣金峰鄉嘉蘭村,臺東縣,金峰鄉,嘉蘭村,220,0,8,8,0,8,0,8,11,19,42.11
臺東縣金峰鄉嘉蘭村,臺東縣,金峰鄉,嘉蘭村,221,3,6,9,0,9,0,9,8,17,52.94
臺東縣金峰鄉賓茂村,臺東縣,金峰鄉,賓茂村,224,0,5,5,0,5,0,5,3,8,62.5
臺東縣金峰鄉歷坵村,臺東縣,金峰鄉,歷坵村,225,2,12,14,0,14,0,14,5,19,73.68
臺東縣長濱鄉三間村,臺東縣,長濱鄉,三間村,179,21,37,58,0,58,0,58,101,159,36.48
臺東縣長濱鄉三間村,臺東縣,長濱鄉,三間村,180,9,14,23,0,23,0,23,23,46,50
臺東縣長濱鄉三間村,臺東縣,長濱鄉,三間村,181,1,12,13,0,13,0,13,43,56,23.21
臺東縣長濱鄉竹湖村,臺東縣,長濱鄉,竹湖村,175,47,42,89,1,90,0,90,173,263,34.22
臺東縣長濱鄉忠勇村,臺東縣,長濱鄉,忠勇村,178,39,110,149,0,149,0,149,216,365,40.82
臺東縣長濱鄉長濱村,臺東縣,長濱鄉,長濱村,176,114,233,347,1,348,0,348,499,847,41.09
臺東縣長濱鄉長濱村,臺東縣,長濱鄉,長濱村,177,22,51,73,0,73,0,73,113,186,39.25
臺東縣長濱鄉寧埔村,臺東縣,長濱鄉,寧埔村,173,9,18,27,0,27,0,27,42,69,39.13
臺東縣長濱鄉寧埔村,臺東縣,長濱鄉,寧埔村,174,22,39,61,0,61,0,61,102,163,37.42
臺東縣長濱鄉樟原村,臺東縣,長濱鄉,樟原村,182,4,7,11,0,11,0,11,8,19,57.89
臺東縣長濱鄉樟原村,臺東縣,長濱鄉,樟原村,183,13,57,70,0,70,0,70,85,155,45.16
臺東縣海端鄉加拿村,臺東縣,海端鄉,加拿村,209,1,7,8,0,8,0,8,11,19,42.11
臺東縣海端鄉利稻村,臺東縣,海端鄉,利稻村,214,0,6,6,0,6,0,6,14,20,30
臺東縣海端鄉崁頂村,臺東縣,海端鄉,崁頂村,210,2,9,11,0,11,0,11,13,24,45.83
臺東縣海端鄉海端村,臺東縣,海端鄉,海端村,211,6,25,31,0,31,0,31,41,72,43.06
臺東縣海端鄉廣原村,臺東縣,海端鄉,廣原村,212,2,12,14,1,15,0,15,33,48,31.25
臺東縣海端鄉霧鹿村,臺東縣,海端鄉,霧鹿村,213,6,3,9,0,9,0,9,8,17,52.94
臺東縣鹿野鄉永安村,臺東縣,鹿野鄉,永安村,143,143,202,345,2,347,0,347,415,762,45.54
臺東縣鹿野鄉永安村,臺東縣,鹿野鄉,永安村,144,20,38,58,0,58,0,58,73,131,44.27
臺東縣鹿野鄉鹿野村,臺東縣,鹿野鄉,鹿野村,140,25,44,69,0,69,0,69,95,164,42.07
臺東縣鹿野鄉鹿野村,臺東縣,鹿野鄉,鹿野村,141,80,124,204,2,206,0,206,213,419,49.16
臺東縣鹿野鄉瑞和村,臺東縣,鹿野鄉,瑞和村,147,41,77,118,0,118,0,118,169,287,41.11
臺東縣鹿野鄉瑞隆村,臺東縣,鹿野鄉,瑞隆村,145,85,156,241,1,242,0,242,317,559,43.29
臺東縣鹿野鄉瑞源村,臺東縣,鹿野鄉,瑞源村,146,88,123,211,0,211,0,211,236,447,47.2
臺東縣鹿野鄉瑞豐村,臺東縣,鹿野鄉,瑞豐村,148,66,73,139,0,139,0,139,219,358,38.83
臺東縣鹿野鄉瑞豐村,臺東縣,鹿野鄉,瑞豐村,149,126,69,195,0,195,0,195,189,384,50.78
臺東縣鹿野鄉龍田村,臺東縣,鹿野鄉,龍田村,142,214,231,445,4,449,0,449,463,912,49.23
臺東縣達仁鄉土坂村,臺東縣,達仁鄉,土坂村,232,1,2,3,0,3,0,3,13,16,18.75
臺東縣達仁鄉台坂村,臺東縣,達仁鄉,台坂村,231,0,4,4,0,4,0,4,10,14,28.57
臺東縣達仁鄉安朔村,臺東縣,達仁鄉,安朔村,226,4,11,15,0,15,0,15,24,39,38.46
臺東縣達仁鄉安朔村,臺東縣,達仁鄉,安朔村,227,2,6,8,0,8,0,8,14,22,36.36
臺東縣達仁鄉南田村,臺東縣,達仁鄉,南田村,228,3,11,14,0,14,0,14,28,42,33.33
臺東縣達仁鄉森永村,臺東縣,達仁鄉,森永村,229,6,8,14,0,14,0,14,12,26,53.85
臺東縣達仁鄉新化村,臺東縣,達仁鄉,新化村,230,0,6,6,0,6,0,6,5,11,54.55
臺東縣綠島鄉中寮村,臺東縣,綠島鄉,中寮村,206,94,239,333,3,336,0,336,680,"1,016",33.07
臺東縣綠島鄉公舘村,臺東縣,綠島鄉,公舘村,207,76,203,279,1,280,0,280,517,797,35.13
臺東縣綠島鄉公舘村,臺東縣,綠島鄉,公舘村,208,6,63,69,0,69,0,69,113,182,37.91
臺東縣綠島鄉南寮村,臺東縣,綠島鄉,南寮村,205,153,413,566,5,571,0,571,999,"1,570",36.37
臺東縣臺東市中山里,臺東縣,臺東市,中山里,5,196,226,422,2,424,0,424,363,787,53.88
臺東縣臺東市中山里,臺東縣,臺東市,中山里,6,206,266,472,3,475,0,475,295,770,61.69
臺東縣臺東市中心里,臺東縣,臺東市,中心里,19,130,234,364,1,365,0,365,290,655,55.73
臺東縣臺東市中心里,臺東縣,臺東市,中心里,20,193,270,463,1,464,0,464,366,830,55.9
臺東縣臺東市中心里,臺東縣,臺東市,中心里,21,149,246,395,0,395,0,395,348,743,53.16
臺東縣臺東市中正里,臺東縣,臺東市,中正里,7,235,361,596,2,598,0,598,463,"1,061",56.36
臺東縣臺東市中正里,臺東縣,臺東市,中正里,8,186,265,451,3,454,0,454,402,856,53.04
臺東縣臺東市中華里,臺東縣,臺東市,中華里,3,220,319,539,0,539,0,539,516,"1,055",51.09
臺東縣臺東市中華里,臺東縣,臺東市,中華里,4,147,192,339,1,340,0,340,295,635,53.54
臺東縣臺東市仁和里,臺東縣,臺東市,仁和里,28,156,310,466,1,467,0,467,446,913,51.15
臺東縣臺東市仁和里,臺東縣,臺東市,仁和里,29,168,245,413,4,417,0,417,433,850,49.06
臺東縣臺東市仁和里,臺東縣,臺東市,仁和里,30,122,276,398,0,398,0,398,329,727,54.75
臺東縣臺東市文化里,臺東縣,臺東市,文化里,1,133,176,309,0,309,0,309,468,777,39.77
臺東縣臺東市文化里,臺東縣,臺東市,文化里,2,107,219,326,3,329,0,329,303,632,52.06
臺東縣臺東市民生里,臺東縣,臺東市,民生里,24,170,226,396,1,397,0,397,314,711,55.84
臺東縣臺東市民生里,臺東縣,臺東市,民生里,25,175,299,474,3,477,0,477,326,803,59.4
臺東縣臺東市民生里,臺東縣,臺東市,民生里,26,206,317,523,2,525,0,525,411,936,56.09
臺東縣臺東市民族里,臺東縣,臺東市,民族里,13,148,184,332,3,335,0,335,319,654,51.22
臺東縣臺東市民族里,臺東縣,臺東市,民族里,14,146,226,372,1,373,0,373,307,680,54.85
臺東縣臺東市民族里,臺東縣,臺東市,民族里,15,164,192,356,0,356,0,356,345,701,50.78
臺東縣臺東市永樂里,臺東縣,臺東市,永樂里,61,101,163,264,0,264,0,264,271,535,49.35
臺東縣臺東市永樂里,臺東縣,臺東市,永樂里,62,145,190,335,2,337,0,337,327,664,50.75
臺東縣臺東市永樂里,臺東縣,臺東市,永樂里,63,153,228,381,2,383,0,383,277,660,58.03
臺東縣臺東市光明里,臺東縣,臺東市,光明里,54,130,262,392,2,394,0,394,338,732,53.83
臺東縣臺東市光明里,臺東縣,臺東市,光明里,55,122,232,354,0,354,0,354,349,703,50.36
臺東縣臺東市光明里,臺東縣,臺東市,光明里,56,130,208,338,0,338,0,338,294,632,53.48
臺東縣臺東市成功里,臺東縣,臺東市,成功里,9,150,261,411,3,414,0,414,367,781,53.01
臺東縣臺東市成功里,臺東縣,臺東市,成功里,10,184,265,449,1,450,0,450,363,813,55.35
臺東縣臺東市自強里,臺東縣,臺東市,自強里,16,181,270,451,3,454,0,454,407,861,52.73
臺東縣臺東市自強里,臺東縣,臺東市,自強里,17,182,348,530,2,532,0,532,386,918,57.95
臺東縣臺東市自強里,臺東縣,臺東市,自強里,18,180,331,511,1,512,0,512,384,896,57.14
臺東縣臺東市卑南里,臺東縣,臺東市,卑南里,39,164,270,434,0,434,0,434,337,771,56.29
臺東縣臺東市卑南里,臺東縣,臺東市,卑南里,40,226,226,452,0,452,0,452,363,815,55.46
臺東縣臺東市卑南里,臺東縣,臺東市,卑南里,41,251,369,620,4,624,0,624,445,"1,069",58.37
臺東縣臺東市岩灣里,臺東縣,臺東市,岩灣里,37,179,321,500,0,500,0,500,433,933,53.59
臺東縣臺東市岩灣里,臺東縣,臺東市,岩灣里,38,134,320,454,0,454,0,454,494,948,47.89
臺東縣臺東市東海里,臺東縣,臺東市,東海里,50,194,350,544,1,545,0,545,379,924,58.98
臺東縣臺東市東海里,臺東縣,臺東市,東海里,51,168,291,459,4,463,0,463,345,808,57.3
臺東縣臺東市知本里,臺東縣,臺東市,知本里,87,65,112,177,2,179,0,179,221,400,44.75
臺東縣臺東市知本里,臺東縣,臺東市,知本里,88,55,86,141,0,141,0,141,169,310,45.48
臺東縣臺東市知本里,臺東縣,臺東市,知本里,89,119,195,314,1,315,0,315,286,601,52.41
臺東縣臺東市南王里,臺東縣,臺東市,南王里,42,117,207,324,0,324,0,324,308,632,51.27
臺東縣臺東市南王里,臺東縣,臺東市,南王里,43,75,186,261,0,261,0,261,250,511,51.08
臺東縣臺東市南王里,臺東縣,臺東市,南王里,44,131,197,328,1,329,0,329,324,653,50.38
臺東縣臺東市南榮里,臺東縣,臺東市,南榮里,34,142,244,386,3,389,0,389,355,744,52.28
臺東縣臺東市南榮里,臺東縣,臺東市,南榮里,35,70,146,216,2,218,0,218,217,435,50.11
臺東縣臺東市南榮里,臺東縣,臺東市,南榮里,36,83,178,261,0,261,0,261,226,487,53.59
臺東縣臺東市建和里,臺東縣,臺東市,建和里,84,14,57,71,0,71,0,71,73,144,49.31
臺東縣臺東市建和里,臺東縣,臺東市,建和里,85,86,127,213,2,215,0,215,253,468,45.94
臺東縣臺東市建國里,臺東縣,臺東市,建國里,11,144,232,376,1,377,0,377,390,767,49.15
臺東縣臺東市建國里,臺東縣,臺東市,建國里,12,165,267,432,0,432,0,432,388,820,52.68
臺東縣臺東市建農里,臺東縣,臺東市,建農里,90,63,216,279,2,281,0,281,342,623,45.1
臺東縣臺東市建農里,臺東縣,臺東市,建農里,91,68,144,212,1,213,0,213,307,520,40.96
臺東縣臺東市建興里,臺東縣,臺東市,建興里,86,239,307,546,2,548,0,548,522,"1,070",51.21
臺東縣臺東市馬蘭里,臺東縣,臺東市,馬蘭里,22,149,345,494,1,495,0,495,379,874,56.64
臺東縣臺東市馬蘭里,臺東縣,臺東市,馬蘭里,23,168,333,501,3,504,0,504,397,901,55.94
臺東縣臺東市康樂里,臺東縣,臺東市,康樂里,60,243,330,573,4,577,0,577,553,"1,130",51.06
臺東縣臺東市富岡里,臺東縣,臺東市,富岡里,45,104,186,290,1,291,0,291,279,570,51.05
臺東縣臺東市富岡里,臺東縣,臺東市,富岡里,46,69,105,174,3,177,0,177,214,391,45.27
臺東縣臺東市富岡里,臺東縣,臺東市,富岡里,47,34,142,176,0,176,0,176,217,393,44.78
臺東縣臺東市新生里,臺東縣,臺東市,新生里,31,183,322,505,1,506,0,506,408,914,55.36
臺東縣臺東市新生里,臺東縣,臺東市,新生里,32,198,337,535,2,537,0,537,457,994,54.02
臺東縣臺東市新生里,臺東縣,臺東市,新生里,33,165,274,439,0,439,0,439,392,831,52.83
臺東縣臺東市新園里,臺東縣,臺東市,新園里,82,110,86,196,0,196,0,196,185,381,51.44
臺東縣臺東市新園里,臺東縣,臺東市,新園里,83,87,130,217,2,219,0,219,229,448,48.88
臺東縣臺東市新興里,臺東縣,臺東市,新興里,48,121,204,325,0,325,0,325,308,633,51.34
臺東縣臺東市新興里,臺東縣,臺東市,新興里,49,105,127,232,2,234,0,234,270,504,46.43
臺東縣臺東市豐田里,臺東縣,臺東市,豐田里,80,186,276,462,1,463,0,463,489,952,48.63
臺東縣臺東市豐田里,臺東縣,臺東市,豐田里,81,231,255,486,7,493,0,493,444,937,52.61
臺東縣臺東市豐安里,臺東縣,臺東市,豐安里,64,148,297,445,2,447,0,447,446,893,50.06
臺東縣臺東市豐安里,臺東縣,臺東市,豐安里,65,138,235,373,0,373,0,373,326,699,53.36
臺東縣臺東市豐安里,臺東縣,臺東市,豐安里,66,180,300,480,1,481,0,481,441,922,52.17
臺東縣臺東市豐年里,臺東縣,臺東市,豐年里,57,102,136,238,2,240,0,240,267,507,47.34
臺東縣臺東市豐年里,臺東縣,臺東市,豐年里,58,142,286,428,1,429,0,429,437,866,49.54
臺東縣臺東市豐年里,臺東縣,臺東市,豐年里,59,164,216,380,2,382,0,382,355,737,51.83
臺東縣臺東市豐谷里,臺東縣,臺東市,豐谷里,73,128,180,308,1,309,0,309,354,663,46.61
臺東縣臺東市豐谷里,臺東縣,臺東市,豐谷里,74,117,300,417,2,419,0,419,428,847,49.47
臺東縣臺東市豐谷里,臺東縣,臺東市,豐谷里,75,147,297,444,0,444,0,444,433,877,50.63
臺東縣臺東市豐里里,臺東縣,臺東市,豐里里,76,227,253,480,5,485,0,485,475,960,50.52
臺東縣臺東市豐里里,臺東縣,臺東市,豐里里,77,178,235,413,1,414,0,414,345,759,54.55
臺東縣臺東市豐原里,臺東縣,臺東市,豐原里,78,122,125,247,1,248,0,248,269,517,47.97
臺東縣臺東市豐原里,臺東縣,臺東市,豐原里,79,98,136,234,4,238,0,238,277,515,46.21
臺東縣臺東市豐盛里,臺東縣,臺東市,豐盛里,70,157,315,472,3,475,0,475,400,875,54.29
臺東縣臺東市豐盛里,臺東縣,臺東市,豐盛里,71,170,419,589,0,589,0,589,457,"1,046",56.31
臺東縣臺東市豐盛里,臺東縣,臺東市,豐盛里,72,146,277,423,3,426,0,426,388,814,52.33
臺東縣臺東市豐榮里,臺東縣,臺東市,豐榮里,67,137,317,454,5,459,0,459,403,862,53.25
臺東縣臺東市豐榮里,臺東縣,臺東市,豐榮里,68,124,254,378,0,378,0,378,382,760,49.74
臺東縣臺東市豐榮里,臺東縣,臺東市,豐榮里,69,149,297,446,3,449,0,449,418,867,51.79
臺東縣臺東市豐樂里,臺東縣,臺東市,豐樂里,52,109,161,270,2,272,0,272,247,519,52.41
臺東縣臺東市豐樂里,臺東縣,臺東市,豐樂里,53,154,242,396,1,397,0,397,309,706,56.23
臺東縣臺東市寶桑里,臺東縣,臺東市,寶桑里,27,256,323,579,3,582,0,582,484,"1,066",54.6
臺東縣關山鎮中福里,臺東縣,關山鎮,中福里,111,115,225,340,1,341,0,341,292,633,53.87
臺東縣關山鎮月眉里,臺東縣,關山鎮,月眉里,114,83,130,213,1,214,0,214,292,506,42.29
臺東縣關山鎮里壠里,臺東縣,關山鎮,里壠里,109,125,260,385,3,388,0,388,302,690,56.23
臺東縣關山鎮里壠里,臺東縣,關山鎮,里壠里,110,53,143,196,0,196,0,196,285,481,40.75
臺東縣關山鎮新福里,臺東縣,關山鎮,新福里,112,100,184,284,1,285,0,285,287,572,49.83
臺東縣關山鎮電光里,臺東縣,關山鎮,電光里,117,15,39,54,1,55,0,55,104,159,34.59
臺東縣關山鎮德高里,臺東縣,關山鎮,德高里,115,42,110,152,0,152,0,152,216,368,41.3
臺東縣關山鎮德高里,臺東縣,關山鎮,德高里,116,92,170,262,3,265,0,265,321,586,45.22
臺東縣關山鎮豐泉里,臺東縣,關山鎮,豐泉里,113,122,326,448,2,450,0,450,449,899,50.06
臺東縣蘭嶼鄉東清村,臺東縣,蘭嶼鄉,東清村,235,33,16,49,0,49,0,49,124,173,28.32
臺東縣蘭嶼鄉紅頭村,臺東縣,蘭嶼鄉,紅頭村,234,39,51,90,1,91,0,91,205,296,30.74
臺東縣蘭嶼鄉朗島村,臺東縣,蘭嶼鄉,朗島村,236,12,8,20,1,21,0,21,64,85,24.71
臺東縣蘭嶼鄉椰油村,臺東縣,蘭嶼鄉,椰油村,233,27,43,70,0,70,0,70,186,256,27.34